iter,method,num_pps,selection,gof,mu_1,mu_2,mu_3,sigma_1,sigma_2,sigma_3,sigma_4,sigma_5,sigma_6,sigma_7,sigma_8,sigma_9,betaS,ProbInclude,p_lower_ 1,p_lower_ 2,p_lower_ 3,p_lower_ 4,p_lower_ 5,p_lower_ 6,p_lower_ 7,p_lower_ 8,p_lower_ 9,p_lower_10,p_lower_11,p_lower_12,p_lower_13,p_lower_14,p_lower_15,p_lower_16,p_lower_17,p_lower_18,p_lower_19,p_lower_20,p_lower_21,p_lower_22,p_upper_ 1,p_upper_ 2,p_upper_ 3,p_upper_ 4,p_upper_ 5,p_upper_ 6,p_upper_ 7,p_upper_ 8,p_upper_ 9,p_upper_10,p_upper_11,p_upper_12,p_upper_13,p_upper_14,p_upper_15,p_upper_16,p_upper_17,p_upper_18,p_upper_19,p_upper_20,p_upper_21,p_upper_22,Pfinal_ 1,Pfinal_ 2,Pfinal_ 3,Pfinal_ 4,Pfinal_ 5,Pfinal_ 6,Pfinal_ 7,Pfinal_ 8,Pfinal_ 9,Pfinal_10,Pfinal_11,Pfinal_12,Pfinal_13,Pfinal_14,Pfinal_15,Pfinal_16,Pfinal_17,Pfinal_18,Pfinal_19,Pfinal_20,Pfinal_21,Pfinal_22,VPChar_1,VPChar_2,VPChar_3,time_per_pp,time_per_vp
122,GA,500,0,0.115435766184651,3.94418598402665,4.64235150199378,5.19760658095589,0.0674056902674009,0.00657727631074845,0.0159582170284738,0.00657727631074845,0.113343416142512,0.0685203081287785,0.0159582170284738,0.0685203081287785,0.0495362723034005,34.3432649217616,0,0.0362,0,0.0692,0.01,0.203136,0.0997904,0.023302,0.0063786,0,0.235996,3.8,0.00673868,0.37515,0.0888888888888889,0,0.00628146,1.382,0,0.0661112,0.477386,0.345761666483293,0,1.44,12.1,0.4995,2.19,5.0784,2.49476,0.58255,0.159465,21.0035842293907,5.8999,95,0.168467,9.37875,0.41875,2.91300251256281,0.1570365,34.55,0.154861111111111,1.65278,11.93465,0.663542620071984,1,0.582683501613331,4.24768382833096e-15,0.239919977357982,0.84745896001386,0.387630001463128,0.558146291259839,0.49197397476715,0.0576827980048167,1.32601343917181,1.44873097982681,6.85502581168269,0.0322242209876462,4.41960985970513,0.21957546169713,6.58246702598952e-11,0.0549257323456414,11.7048172577826,1.38695515175163e-19,0.407822343390313,1.96910767623804,0.42448203057904,0.816708454841973,51.9914353343462,107.18313315542,183.229372838201,0.840239999999991,1.67175778546711
122,GA,500,0,0.115435766184651,3.94418598402665,4.64235150199378,5.19760658095589,0.0674056902674009,0.00657727631074845,0.0159582170284738,0.00657727631074845,0.113343416142512,0.0685203081287785,0.0159582170284738,0.0685203081287785,0.0495362723034005,34.3432649217616,8.91559546798806e-27,0.0362,0,0.0692,0.01,0.203136,0.0997904,0.023302,0.0063786,0,0.235996,3.8,0.00673868,0.37515,0.0888888888888889,0,0.00628146,1.382,0,0.0661112,0.477386,0.345761666483293,0,1.44,12.1,0.4995,2.19,5.0784,2.49476,0.58255,0.159465,21.0035842293907,5.8999,95,0.168467,9.37875,0.41875,2.91300251256281,0.1570365,34.55,0.154861111111111,1.65278,11.93465,0.663542620071984,1,0.037761354590067,7.2493608402609e-11,0.33554204560074,1.08322981141486,0.387630001463128,0.112395948825633,0.49197397476715,0.116941370040857,1.32601343917181,0.86975064501522,14.926305971165,0.0506118819857661,3.88552556880721,0.21957546169713,6.58246702598952e-11,0.0286726329341234,8.47494283828582,0.00262250519838029,0.0995151236192236,8.61789905600272,0.355751752726122,0.816708454841973,51.1662537334078,107.649612656369,182.975361399862,0.840239999999991,1.67175778546711
122,GA,500,0,0.115435766184651,3.94418598402665,4.64235150199378,5.19760658095589,0.0674056902674009,0.00657727631074845,0.0159582170284738,0.00657727631074845,0.113343416142512,0.0685203081287785,0.0159582170284738,0.0685203081287785,0.0495362723034005,34.3432649217616,1.27531413829709e-06,0.0362,0,0.0692,0.01,0.203136,0.0997904,0.023302,0.0063786,0,0.235996,3.8,0.00673868,0.37515,0.0888888888888889,0,0.00628146,1.382,0,0.0661112,0.477386,0.345761666483293,0,1.44,12.1,0.4995,2.19,5.0784,2.49476,0.58255,0.159465,21.0035842293907,5.8999,95,0.168467,9.37875,0.41875,2.91300251256281,0.1570365,34.55,0.154861111111111,1.65278,11.93465,0.663542620071984,1,0.37761354590067,1.37299261608059e-14,0.106675703561767,1.08322981141486,0.387630001463128,1.12395948825633,0.41732765724745,0.14687482971743,1.32601343917181,1.04379568744073,5.98824209110219,0.0648923444862926,4.41960985970513,0.112671916743538,2.07860579025522e-07,0.134012083767732,10.5087260359772,0.0262250519838029,0.189665733937792,2.09251736849333,0.369146955385249,0.816708454841973,51.0693478502127,102.93148425761,177.101451041217,0.840239999999991,1.67175778546711
122,GA,500,0,0.115435766184651,3.94418598402665,4.64235150199378,5.19760658095589,0.0674056902674009,0.00657727631074845,0.0159582170284738,0.00657727631074845,0.113343416142512,0.0685203081287785,0.0159582170284738,0.0685203081287785,0.0495362723034005,34.3432649217616,1.27531413829709e-06,0.0362,0,0.0692,0.01,0.203136,0.0997904,0.023302,0.0063786,0,0.235996,3.8,0.00673868,0.37515,0.0888888888888889,0,0.00628146,1.382,0,0.0661112,0.477386,0.345761666483293,0,1.44,12.1,0.4995,2.19,5.0784,2.49476,0.58255,0.159465,21.0035842293907,5.8999,95,0.168467,9.37875,0.41875,2.91300251256281,0.1570365,34.55,0.154861111111111,1.65278,11.93465,0.663542620071984,1,0.37761354590067,1.37299261608059e-14,0.106675703561767,1.08322981141486,0.387630001463128,1.12395948825633,0.41732765724745,0.14687482971743,1.32601343917181,1.04379568744073,5.98824209110219,0.0648923444862926,4.41960985970513,0.112671916743538,2.07860579025522e-07,0.134012083767732,10.5087260359772,0.0262250519838029,0.189665733937792,2.09251736849333,0.369146955385249,0.816708454841973,51.0693478502127,102.93148425761,177.101451041217,0.840239999999991,1.67175778546711
122,GA,500,0,0.115435766184651,3.94418598402665,4.64235150199378,5.19760658095589,0.0674056902674009,0.00657727631074845,0.0159582170284738,0.00657727631074845,0.113343416142512,0.0685203081287785,0.0159582170284738,0.0685203081287785,0.0495362723034005,34.3432649217616,2.78733697672258e-18,0.0362,0,0.0692,0.01,0.203136,0.0997904,0.023302,0.0063786,0,0.235996,3.8,0.00673868,0.37515,0.0888888888888889,0,0.00628146,1.382,0,0.0661112,0.477386,0.345761666483293,0,1.44,12.1,0.4995,2.19,5.0784,2.49476,0.58255,0.159465,21.0035842293907,5.8999,95,0.168467,9.37875,0.41875,2.91300251256281,0.1570365,34.55,0.154861111111111,1.65278,11.93465,0.663542620071984,1,0.37761354590067,1.37299261608059e-14,0.106675703561767,1.08322981141486,0.387630001463128,1.12395948825633,0.41732765724745,0.14687482971743,1.32601343917181,1.04379568744073,5.98824209110219,0.0648923444862926,4.41960985970513,0.112671916743538,2.07860579025522e-08,0.0134012083767732,10.5087260359772,0.0262250519838029,0.189665733937792,2.09251736849333,0.369146955385249,0.816708454841973,50.4649312634182,103.655783187877,177.383885724265,0.840239999999991,1.67175778546711
122,GA,500,0,0.115435766184651,3.94418598402665,4.64235150199378,5.19760658095589,0.0674056902674009,0.00657727631074845,0.0159582170284738,0.00657727631074845,0.113343416142512,0.0685203081287785,0.0159582170284738,0.0685203081287785,0.0495362723034005,34.3432649217616,1.15754208432051e-40,0.0362,0,0.0692,0.01,0.203136,0.0997904,0.023302,0.0063786,0,0.235996,3.8,0.00673868,0.37515,0.0888888888888889,0,0.00628146,1.382,0,0.0661112,0.477386,0.345761666483293,0,1.44,12.1,0.4995,2.19,5.0784,2.49476,0.58255,0.159465,21.0035842293907,5.8999,95,0.168467,9.37875,0.41875,2.91300251256281,0.1570365,34.55,0.154861111111111,1.65278,11.93465,0.663542620071984,1,0.37761354590067,1.37299261608059e-14,0.106675703561767,1.08322981141486,0.387630001463128,1.12395948825633,0.41732765724745,0.14687482971743,1.32601343917181,1.04379568744073,5.98824209110219,0.0648923444862926,4.41960985970513,0.112671916743538,2.07860579025522e-07,0.0134012083767732,10.5087260359772,0.0262250519838029,0.189665733937792,2.09251736849333,0.369146955385249,0.816708454841973,50.4649312315575,103.655766346497,177.383865071362,0.840239999999991,1.67175778546711
122,GA,500,0,0.115435766184651,3.94418598402665,4.64235150199378,5.19760658095589,0.0674056902674009,0.00657727631074845,0.0159582170284738,0.00657727631074845,0.113343416142512,0.0685203081287785,0.0159582170284738,0.0685203081287785,0.0495362723034005,34.3432649217616,1.15754208432051e-40,0.0362,0,0.0692,0.01,0.203136,0.0997904,0.023302,0.0063786,0,0.235996,3.8,0.00673868,0.37515,0.0888888888888889,0,0.00628146,1.382,0,0.0661112,0.477386,0.345761666483293,0,1.44,12.1,0.4995,2.19,5.0784,2.49476,0.58255,0.159465,21.0035842293907,5.8999,95,0.168467,9.37875,0.41875,2.91300251256281,0.1570365,34.55,0.154861111111111,1.65278,11.93465,0.663542620071984,1,0.37761354590067,1.37299261608059e-14,0.106675703561767,1.08322981141486,0.387630001463128,1.12395948825633,0.41732765724745,0.14687482971743,1.32601343917181,1.04379568744073,5.98824209110219,0.0648923444862926,4.41960985970513,0.112671916743538,2.07860579025522e-07,0.0134012083767732,10.5087260359772,0.0262250519838029,0.189665733937792,2.09251736849333,0.369146955385249,0.816708454841973,50.4649312315575,103.655766346497,177.383865071362,0.840239999999991,1.67175778546711
122,GA,500,0,0.115435766184651,3.94418598402665,4.64235150199378,5.19760658095589,0.0674056902674009,0.00657727631074845,0.0159582170284738,0.00657727631074845,0.113343416142512,0.0685203081287785,0.0159582170284738,0.0685203081287785,0.0495362723034005,34.3432649217616,1.15754208432051e-40,0.0362,0,0.0692,0.01,0.203136,0.0997904,0.023302,0.0063786,0,0.235996,3.8,0.00673868,0.37515,0.0888888888888889,0,0.00628146,1.382,0,0.0661112,0.477386,0.345761666483293,0,1.44,12.1,0.4995,2.19,5.0784,2.49476,0.58255,0.159465,21.0035842293907,5.8999,95,0.168467,9.37875,0.41875,2.91300251256281,0.1570365,34.55,0.154861111111111,1.65278,11.93465,0.663542620071984,1,0.37761354590067,1.37299261608059e-15,0.106675703561767,1.08322981141486,0.387630001463128,1.12395948825633,0.41732765724745,0.14687482971743,1.32601343917181,1.04379568744073,5.98824209110219,0.0648923444862926,4.41960985970513,0.112671916743538,2.07860579025522e-07,0.0134012083767732,10.5087260359772,0.0262250519838029,0.189665733937792,2.09251736849333,0.369146955385249,0.816708454841973,50.4649312315575,103.655766346497,177.383865071361,0.840239999999991,1.67175778546711
122,GA,500,0,0.115435766184651,3.94418598402665,4.64235150199378,5.19760658095589,0.0674056902674009,0.00657727631074845,0.0159582170284738,0.00657727631074845,0.113343416142512,0.0685203081287785,0.0159582170284738,0.0685203081287785,0.0495362723034005,34.3432649217616,2.78730396316653e-15,0.0362,0,0.0692,0.01,0.203136,0.0997904,0.023302,0.0063786,0,0.235996,3.8,0.00673868,0.37515,0.0888888888888889,0,0.00628146,1.382,0,0.0661112,0.477386,0.345761666483293,0,1.44,12.1,0.4995,2.19,5.0784,2.49476,0.58255,0.159465,21.0035842293907,5.8999,95,0.168467,9.37875,0.41875,2.91300251256281,0.1570365,34.55,0.154861111111111,1.65278,11.93465,0.663542620071984,1,0.37761354590067,1.37299261608059e-14,0.106675703561767,1.08322981141486,0.387630001463128,1.12395948825633,0.41732765724745,0.14687482971743,1.32601343917181,1.04379568744073,59.882420911022,0.0648923444862926,4.41960985970513,0.112671916743538,2.07860579025522e-06,0.0134012083767732,10.5087260359772,0.0262250519838029,0.189665733937792,2.09251736849333,0.369146955385249,0.816708454841973,50.4649309211529,103.655597929798,177.383658546979,0.840239999999991,1.67175778546711
122,GA,500,0,0.115435766184651,3.94418598402665,4.64235150199378,5.19760658095589,0.0674056902674009,0.00657727631074845,0.0159582170284738,0.00657727631074845,0.113343416142512,0.0685203081287785,0.0159582170284738,0.0685203081287785,0.0495362723034005,34.3432649217616,5.25121689980125e-23,0.0362,0,0.0692,0.01,0.203136,0.0997904,0.023302,0.0063786,0,0.235996,3.8,0.00673868,0.37515,0.0888888888888889,0,0.00628146,1.382,0,0.0661112,0.477386,0.345761666483293,0,1.44,12.1,0.4995,2.19,5.0784,2.49476,0.58255,0.159465,21.0035842293907,5.8999,95,0.168467,9.37875,0.41875,2.91300251256281,0.1570365,34.55,0.154861111111111,1.65278,11.93465,0.663542620071984,1,0.037761354590067,7.2493608402609e-11,0.33554204560074,1.08322981141486,0.387630001463128,1.12395948825633,0.49197397476715,0.116941370040857,1.32601343917181,0.86975064501522,14.926305971165,0.0506118819857661,3.88552556880721,0.21957546169713,6.58246702598952e-11,0.0286726329341234,8.47494283828582,0.00262250519838029,0.0995151236192236,8.61789905600272,0.355751752726122,0.816708454841973,51.1662534908612,107.649612665507,182.975361168504,0.840239999999991,1.67175778546711
122,GA,500,0,0.115435766184651,3.94418598402665,4.64235150199378,5.19760658095589,0.0674056902674009,0.00657727631074845,0.0159582170284738,0.00657727631074845,0.113343416142512,0.0685203081287785,0.0159582170284738,0.0685203081287785,0.0495362723034005,34.3432649217616,5.23372769029006e-23,0.0362,0,0.0692,0.01,0.203136,0.0997904,0.023302,0.0063786,0,0.235996,3.8,0.00673868,0.37515,0.0888888888888889,0,0.00628146,1.382,0,0.0661112,0.477386,0.345761666483293,0,1.44,12.1,0.4995,2.19,5.0784,2.49476,0.58255,0.159465,21.0035842293907,5.8999,95,0.168467,9.37875,0.41875,2.91300251256281,0.1570365,34.55,0.154861111111111,1.65278,11.93465,0.663542620071984,1,0.037761354590067,7.2493608402609e-11,0.33554204560074,1.08322981141486,0.387630001463128,1.12395948825633,0.49197397476715,0.116941370040857,1.32601343917181,0.86975064501522,14.926305971165,0.0506118819857661,3.88552556880721,0.21957546169713,6.58246702598952e-12,0.0286726329341234,8.47494283828582,0.00262250519838029,0.0995151236192236,8.61789905600272,0.355751752726122,0.816708454841973,51.1662534909247,107.649612668039,182.975361171668,0.840239999999991,1.67175778546711
122,GA,500,0,0.115435766184651,3.94418598402665,4.64235150199378,5.19760658095589,0.0674056902674009,0.00657727631074845,0.0159582170284738,0.00657727631074845,0.113343416142512,0.0685203081287785,0.0159582170284738,0.0685203081287785,0.0495362723034005,34.3432649217616,0.00158546561357312,0.0362,0,0.0692,0.01,0.203136,0.0997904,0.023302,0.0063786,0,0.235996,3.8,0.00673868,0.37515,0.0888888888888889,0,0.00628146,1.382,0,0.0661112,0.477386,0.345761666483293,0,1.44,12.1,0.4995,2.19,5.0784,2.49476,0.58255,0.159465,21.0035842293907,5.8999,95,0.168467,9.37875,0.41875,2.91300251256281,0.1570365,34.55,0.154861111111111,1.65278,11.93465,0.663542620071984,1,0.325032270570951,6.85490059604685e-09,0.106675703561767,1.08322981141486,0.387630001463128,0.877964643016063,0.437382911035942,0.14687482971743,1.32601343917181,0.458086460011602,5.98824209110219,0.0648923444862926,4.41960985970513,0.112671916743538,2.07860579025522e-07,0.0134012083767732,10.5087260359772,0.0262250519838029,0.189665733937792,3.36791779424044,0.459244421647998,0.816708454841973,53.8984385480749,100.088214071399,176.449164548292,0.840239999999991,1.67175778546711
122,GA,500,0,0.115435766184651,3.94418598402665,4.64235150199378,5.19760658095589,0.0674056902674009,0.00657727631074845,0.0159582170284738,0.00657727631074845,0.113343416142512,0.0685203081287785,0.0159582170284738,0.0685203081287785,0.0495362723034005,34.3432649217616,0.000374967118859177,0.0362,0,0.0692,0.01,0.203136,0.0997904,0.023302,0.0063786,0,0.235996,3.8,0.00673868,0.37515,0.0888888888888889,0,0.00628146,1.382,0,0.0661112,0.477386,0.345761666483293,0,1.44,12.1,0.4995,2.19,5.0784,2.49476,0.58255,0.159465,21.0035842293907,5.8999,95,0.168467,9.37875,0.41875,2.91300251256281,0.1570365,34.55,0.154861111111111,1.65278,11.93465,0.663542620071984,1,0.037761354590067,7.2493608402609e-10,0.28342883532747,1.08322981141486,0.387630001463128,1.12395948825633,0.49197397476715,0.116941370040857,1.32601343917181,0.86975064501522,14.926305971165,0.0506118819857661,3.88552556880721,0.21957546169713,6.58246702598952e-11,0.122427109290982,8.47494283828582,3.00521754296498e-16,0.995151236192236,2.38904128415442,0.355751752726122,0.816708454841973,51.5712047171562,106.949793269506,182.52343453116,0.840239999999991,1.67175778546711
122,GA,500,1,0.115435766184651,3.94418598402665,4.64235150199378,5.19760658095589,0.0674056902674009,0.00657727631074845,0.0159582170284738,0.00657727631074845,0.113343416142512,0.0685203081287785,0.0159582170284738,0.0685203081287785,0.0495362723034005,34.3432649217616,0.00573389967437354,0.0362,0,0.0692,0.01,0.203136,0.0997904,0.023302,0.0063786,0,0.235996,3.8,0.00673868,0.37515,0.0888888888888889,0,0.00628146,1.382,0,0.0661112,0.477386,0.345761666483293,0,1.44,12.1,0.4995,2.19,5.0784,2.49476,0.58255,0.159465,21.0035842293907,5.8999,95,0.168467,9.37875,0.41875,2.91300251256281,0.1570365,34.55,0.154861111111111,1.65278,11.93465,0.663542620071984,1,0.037761354590067,1.37299261608059e-14,0.106675703561767,1.08322981141486,0.346722442424389,0.877964643016063,0.41732765724745,0.0582552351938185,3.55071301816798,4.58086460011602,5.98824209110219,0.0176944881754276,1.84974606996705,0.112645176114433,2.13832222689506e-18,0.148266687936661,10.5087260359772,0.0262250519838029,0.189665733937792,3.36791779424044,0.369146955385249,0.816708454841973,56.0075810799016,102.504342809772,181.516680688288,0.840239999999991,1.67175778546711
122,GA,500,0,0.115435766184651,3.94418598402665,4.64235150199378,5.19760658095589,0.0674056902674009,0.00657727631074845,0.0159582170284738,0.00657727631074845,0.113343416142512,0.0685203081287785,0.0159582170284738,0.0685203081287785,0.0495362723034005,34.3432649217616,0.00705706041845174,0.0362,0,0.0692,0.01,0.203136,0.0997904,0.023302,0.0063786,0,0.235996,3.8,0.00673868,0.37515,0.0888888888888889,0,0.00628146,1.382,0,0.0661112,0.477386,0.345761666483293,0,1.44,12.1,0.4995,2.19,5.0784,2.49476,0.58255,0.159465,21.0035842293907,5.8999,95,0.168467,9.37875,0.41875,2.91300251256281,0.1570365,34.55,0.154861111111111,1.65278,11.93465,0.663542620071984,1,0.037761354590067,7.2493608402609e-11,0.33554204560074,1.08322981141486,0.387630001463128,1.12395948825633,0.49197397476715,0.116941370040857,1.32601343917181,0.86975064501522,14.926305971165,0.0506118819857661,3.88552556880721,0.21957546169713,6.58246702598952e-11,0.0286726329341234,8.47494283828582,0.00262250519838029,0.995151236192236,8.61789905600272,0.355751752726122,0.816708454841973,51.1923636767653,110.034779877953,185.921934829844,0.840239999999991,1.67175778546711
122,GA,500,0,0.115435766184651,3.94418598402665,4.64235150199378,5.19760658095589,0.0674056902674009,0.00657727631074845,0.0159582170284738,0.00657727631074845,0.113343416142512,0.0685203081287785,0.0159582170284738,0.0685203081287785,0.0495362723034005,34.3432649217616,0.00705706041845174,0.0362,0,0.0692,0.01,0.203136,0.0997904,0.023302,0.0063786,0,0.235996,3.8,0.00673868,0.37515,0.0888888888888889,0,0.00628146,1.382,0,0.0661112,0.477386,0.345761666483293,0,1.44,12.1,0.4995,2.19,5.0784,2.49476,0.58255,0.159465,21.0035842293907,5.8999,95,0.168467,9.37875,0.41875,2.91300251256281,0.1570365,34.55,0.154861111111111,1.65278,11.93465,0.663542620071984,1,0.037761354590067,7.2493608402609e-11,0.33554204560074,1.08322981141486,0.387630001463128,1.12395948825633,0.49197397476715,0.116941370040857,1.32601343917181,0.86975064501522,14.926305971165,0.0506118819857661,3.88552556880721,0.21957546169713,6.58246702598952e-11,0.0286726329341234,8.47494283828582,0.00262250519838029,0.995151236192236,8.61789905600272,0.355751752726122,0.816708454841973,51.1923636767653,110.034779877953,185.921934829844,0.840239999999991,1.67175778546711
122,GA,500,0,0.115435766184651,3.94418598402665,4.64235150199378,5.19760658095589,0.0674056902674009,0.00657727631074845,0.0159582170284738,0.00657727631074845,0.113343416142512,0.0685203081287785,0.0159582170284738,0.0685203081287785,0.0495362723034005,34.3432649217616,5.0346508435723e-05,0.0362,0,0.0692,0.01,0.203136,0.0997904,0.023302,0.0063786,0,0.235996,3.8,0.00673868,0.37515,0.0888888888888889,0,0.00628146,1.382,0,0.0661112,0.477386,0.345761666483293,0,1.44,12.1,0.4995,2.19,5.0784,2.49476,0.58255,0.159465,21.0035842293907,5.8999,95,0.168467,9.37875,0.41875,2.91300251256281,0.1570365,34.55,0.154861111111111,1.65278,11.93465,0.663542620071984,1,0.037761354590067,7.2493608402609e-09,0.33554204560074,1.08322981141486,0.387630001463128,1.12395948825633,0.49197397476715,0.116941370040857,1.32601343917181,0.86975064501522,14.926305971165,0.0506118819857661,3.88552556880721,0.21957546169713,6.58246702598952e-11,0.0286726329341234,8.47494283828582,0.0262250519838029,0.995151236192236,0.861789905600272,0.355751752726122,0.816708454841973,51.3095908528237,102.781779602005,177.158391600077,0.840239999999991,1.67175778546711
122,GA,500,0,0.115435766184651,3.94418598402665,4.64235150199378,5.19760658095589,0.0674056902674009,0.00657727631074845,0.0159582170284738,0.00657727631074845,0.113343416142512,0.0685203081287785,0.0159582170284738,0.0685203081287785,0.0495362723034005,34.3432649217616,0,0.0362,0,0.0692,0.01,0.203136,0.0997904,0.023302,0.0063786,0,0.235996,3.8,0.00673868,0.37515,0.0888888888888889,0,0.00628146,1.382,0,0.0661112,0.477386,0.345761666483293,0,1.44,12.1,0.4995,2.19,5.0784,2.49476,0.58255,0.159465,21.0035842293907,5.8999,95,0.168467,9.37875,0.41875,2.91300251256281,0.1570365,34.55,0.154861111111111,1.65278,11.93465,0.663542620071984,1,0.037761354590067,7.2493608402609e-10,0.33554204560074,1.08322981141486,0.387630001463128,1.12395948825633,0.49197397476715,0.116941370040857,1.32601343917181,0.86975064501522,14.926305971165,0.0506118819857661,3.88552556880721,0.21957546169713,6.58246702598952e-11,0.0286726329341234,8.47494283828582,0.0262250519838029,0.995151236192236,8.61789905600272,0.355751752726122,0.816708454841973,51.0174337387394,102.866483594842,176.969948353941,0.840239999999991,1.67175778546711
122,GA,500,0,0.115435766184651,3.94418598402665,4.64235150199378,5.19760658095589,0.0674056902674009,0.00657727631074845,0.0159582170284738,0.00657727631074845,0.113343416142512,0.0685203081287785,0.0159582170284738,0.0685203081287785,0.0495362723034005,34.3432649217616,0,0.0362,0,0.0692,0.01,0.203136,0.0997904,0.023302,0.0063786,0,0.235996,3.8,0.00673868,0.37515,0.0888888888888889,0,0.00628146,1.382,0,0.0661112,0.477386,0.345761666483293,0,1.44,12.1,0.4995,2.19,5.0784,2.49476,0.58255,0.159465,21.0035842293907,5.8999,95,0.168467,9.37875,0.41875,2.91300251256281,0.1570365,34.55,0.154861111111111,1.65278,11.93465,0.663542620071984,1,0.037761354590067,7.2493608402609e-10,0.33554204560074,1.08322981141486,0.387630001463128,1.12395948825633,0.49197397476715,0.116941370040857,1.32601343917181,0.86975064501522,14.926305971165,0.0506118819857661,3.88552556880721,0.21957546169713,6.58246702598952e-11,0.0286726329341234,8.47494283828582,0.0262250519838029,0.995151236192236,8.61789905600272,0.355751752726122,0.816708454841973,51.0174337387394,102.866483594842,176.969948353941,0.840239999999991,1.67175778546711
122,GA,500,0,0.115435766184651,3.94418598402665,4.64235150199378,5.19760658095589,0.0674056902674009,0.00657727631074845,0.0159582170284738,0.00657727631074845,0.113343416142512,0.0685203081287785,0.0159582170284738,0.0685203081287785,0.0495362723034005,34.3432649217616,0,0.0362,0,0.0692,0.01,0.203136,0.0997904,0.023302,0.0063786,0,0.235996,3.8,0.00673868,0.37515,0.0888888888888889,0,0.00628146,1.382,0,0.0661112,0.477386,0.345761666483293,0,1.44,12.1,0.4995,2.19,5.0784,2.49476,0.58255,0.159465,21.0035842293907,5.8999,95,0.168467,9.37875,0.41875,2.91300251256281,0.1570365,34.55,0.154861111111111,1.65278,11.93465,0.663542620071984,1,0.037761354590067,7.2493608402609e-10,0.33554204560074,1.08322981141486,0.387630001463128,1.12395948825633,0.49197397476715,0.116941370040857,1.32601343917181,0.86975064501522,14.926305971165,0.0506118819857661,3.88552556880721,0.21957546169713,6.58246702598952e-11,0.0286726329341234,8.47494283828582,0.0262250519838029,0.995151236192236,8.61789905600272,0.355751752726122,0.816708454841973,51.0174337387394,102.866483594842,176.969948353941,0.840239999999991,1.67175778546711
122,GA,500,0,0.115435766184651,3.94418598402665,4.64235150199378,5.19760658095589,0.0674056902674009,0.00657727631074845,0.0159582170284738,0.00657727631074845,0.113343416142512,0.0685203081287785,0.0159582170284738,0.0685203081287785,0.0495362723034005,34.3432649217616,0,0.0362,0,0.0692,0.01,0.203136,0.0997904,0.023302,0.0063786,0,0.235996,3.8,0.00673868,0.37515,0.0888888888888889,0,0.00628146,1.382,0,0.0661112,0.477386,0.345761666483293,0,1.44,12.1,0.4995,2.19,5.0784,2.49476,0.58255,0.159465,21.0035842293907,5.8999,95,0.168467,9.37875,0.41875,2.91300251256281,0.1570365,34.55,0.154861111111111,1.65278,11.93465,0.663542620071984,1,0.037761354590067,7.2493608402609e-10,0.33554204560074,1.08322981141486,0.387630001463128,1.12395948825633,0.49197397476715,0.116941370040857,1.32601343917181,0.86975064501522,14.926305971165,0.0506118819857661,3.88552556880721,0.21957546169713,6.58246702598952e-11,0.0286726329341234,8.47494283828582,0.0262250519838029,0.995151236192236,8.61789905600272,0.355751752726122,0.816708454841973,51.0174337387394,102.866483594842,176.969948353941,0.840239999999991,1.67175778546711
122,GA,500,0,0.115435766184651,3.94418598402665,4.64235150199378,5.19760658095589,0.0674056902674009,0.00657727631074845,0.0159582170284738,0.00657727631074845,0.113343416142512,0.0685203081287785,0.0159582170284738,0.0685203081287785,0.0495362723034005,34.3432649217616,0,0.0362,0,0.0692,0.01,0.203136,0.0997904,0.023302,0.0063786,0,0.235996,3.8,0.00673868,0.37515,0.0888888888888889,0,0.00628146,1.382,0,0.0661112,0.477386,0.345761666483293,0,1.44,12.1,0.4995,2.19,5.0784,2.49476,0.58255,0.159465,21.0035842293907,5.8999,95,0.168467,9.37875,0.41875,2.91300251256281,0.1570365,34.55,0.154861111111111,1.65278,11.93465,0.663542620071984,1,0.037761354590067,7.2493608402609e-10,0.33554204560074,1.08322981141486,0.387630001463128,1.12395948825633,0.49197397476715,0.116941370040857,1.32601343917181,0.86975064501522,14.926305971165,0.0506118819857661,3.88552556880721,0.21957546169713,6.58246702598952e-11,0.0286726329341234,8.47494283828582,0.0262250519838029,0.995151236192236,8.61789905600272,0.355751752726122,0.816708454841973,51.0174337387394,102.866483594842,176.969948353941,0.840239999999991,1.67175778546711
122,GA,500,0,0.115435766184651,3.94418598402665,4.64235150199378,5.19760658095589,0.0674056902674009,0.00657727631074845,0.0159582170284738,0.00657727631074845,0.113343416142512,0.0685203081287785,0.0159582170284738,0.0685203081287785,0.0495362723034005,34.3432649217616,0,0.0362,0,0.0692,0.01,0.203136,0.0997904,0.023302,0.0063786,0,0.235996,3.8,0.00673868,0.37515,0.0888888888888889,0,0.00628146,1.382,0,0.0661112,0.477386,0.345761666483293,0,1.44,12.1,0.4995,2.19,5.0784,2.49476,0.58255,0.159465,21.0035842293907,5.8999,95,0.168467,9.37875,0.41875,2.91300251256281,0.1570365,34.55,0.154861111111111,1.65278,11.93465,0.663542620071984,1,0.037761354590067,7.2493608402609e-11,0.33554204560074,1.08322981141486,0.387630001463128,1.12395948825633,0.49197397476715,0.116941370040857,1.32601343917181,0.86975064501522,14.926305971165,0.0506118819857661,3.88552556880721,0.21957546169713,6.58246702598952e-11,0.0286726329341234,8.47494283828582,0.0262250519838029,0.995151236192236,8.61789905600272,0.355751752726122,0.816708454841973,51.0174337360605,102.866483563477,176.969948312857,0.840239999999991,1.67175778546711
122,GA,500,0,0.115435766184651,3.94418598402665,4.64235150199378,5.19760658095589,0.0674056902674009,0.00657727631074845,0.0159582170284738,0.00657727631074845,0.113343416142512,0.0685203081287785,0.0159582170284738,0.0685203081287785,0.0495362723034005,34.3432649217616,0,0.0362,0,0.0692,0.01,0.203136,0.0997904,0.023302,0.0063786,0,0.235996,3.8,0.00673868,0.37515,0.0888888888888889,0,0.00628146,1.382,0,0.0661112,0.477386,0.345761666483293,0,1.44,12.1,0.4995,2.19,5.0784,2.49476,0.58255,0.159465,21.0035842293907,5.8999,95,0.168467,9.37875,0.41875,2.91300251256281,0.1570365,34.55,0.154861111111111,1.65278,11.93465,0.663542620071984,1,0.037761354590067,7.2493608402609e-11,0.33554204560074,1.08322981141486,0.387630001463128,1.12395948825633,0.49197397476715,0.116941370040857,1.32601343917181,0.86975064501522,14.926305971165,0.0506118819857661,3.88552556880721,0.21957546169713,6.58246702598952e-11,0.0286726329341234,8.47494283828582,0.0262250519838029,0.995151236192236,8.61789905600272,0.355751752726122,0.816708454841973,51.0174337360605,102.866483563477,176.969948312857,0.840239999999991,1.67175778546711
122,GA,500,0,0.115435766184651,3.94418598402665,4.64235150199378,5.19760658095589,0.0674056902674009,0.00657727631074845,0.0159582170284738,0.00657727631074845,0.113343416142512,0.0685203081287785,0.0159582170284738,0.0685203081287785,0.0495362723034005,34.3432649217616,0,0.0362,0,0.0692,0.01,0.203136,0.0997904,0.023302,0.0063786,0,0.235996,3.8,0.00673868,0.37515,0.0888888888888889,0,0.00628146,1.382,0,0.0661112,0.477386,0.345761666483293,0,1.44,12.1,0.4995,2.19,5.0784,2.49476,0.58255,0.159465,21.0035842293907,5.8999,95,0.168467,9.37875,0.41875,2.91300251256281,0.1570365,34.55,0.154861111111111,1.65278,11.93465,0.663542620071984,1,0.037761354590067,7.2493608402609e-11,0.33554204560074,1.08322981141486,0.387630001463128,1.12395948825633,0.49197397476715,0.116941370040857,1.32601343917181,0.86975064501522,14.926305971165,0.0506118819857661,3.88552556880721,0.21957546169713,6.58246702598952e-11,0.0286726329341234,8.47494283828582,0.0262250519838029,0.995151236192236,8.61789905600272,0.355751752726122,0.816708454841973,51.0174337360605,102.866483563477,176.969948312857,0.840239999999991,1.67175778546711
122,GA,500,0,0.115435766184651,3.94418598402665,4.64235150199378,5.19760658095589,0.0674056902674009,0.00657727631074845,0.0159582170284738,0.00657727631074845,0.113343416142512,0.0685203081287785,0.0159582170284738,0.0685203081287785,0.0495362723034005,34.3432649217616,0,0.0362,0,0.0692,0.01,0.203136,0.0997904,0.023302,0.0063786,0,0.235996,3.8,0.00673868,0.37515,0.0888888888888889,0,0.00628146,1.382,0,0.0661112,0.477386,0.345761666483293,0,1.44,12.1,0.4995,2.19,5.0784,2.49476,0.58255,0.159465,21.0035842293907,5.8999,95,0.168467,9.37875,0.41875,2.91300251256281,0.1570365,34.55,0.154861111111111,1.65278,11.93465,0.663542620071984,1,0.037761354590067,7.2493608402609e-11,0.33554204560074,1.08322981141486,0.387630001463128,1.12395948825633,0.49197397476715,0.116941370040857,1.32601343917181,0.86975064501522,14.926305971165,0.0506118819857661,3.88552556880721,0.21957546169713,6.58246702598952e-11,0.0286726329341234,8.47494283828582,0.0262250519838029,0.995151236192236,8.61789905600272,0.355751752726122,0.816708454841973,51.0174337360605,102.866483563477,176.969948312857,0.840239999999991,1.67175778546711
122,GA,500,0,0.115435766184651,3.94418598402665,4.64235150199378,5.19760658095589,0.0674056902674009,0.00657727631074845,0.0159582170284738,0.00657727631074845,0.113343416142512,0.0685203081287785,0.0159582170284738,0.0685203081287785,0.0495362723034005,34.3432649217616,0,0.0362,0,0.0692,0.01,0.203136,0.0997904,0.023302,0.0063786,0,0.235996,3.8,0.00673868,0.37515,0.0888888888888889,0,0.00628146,1.382,0,0.0661112,0.477386,0.345761666483293,0,1.44,12.1,0.4995,2.19,5.0784,2.49476,0.58255,0.159465,21.0035842293907,5.8999,95,0.168467,9.37875,0.41875,2.91300251256281,0.1570365,34.55,0.154861111111111,1.65278,11.93465,0.663542620071984,1,0.037761354590067,7.2493608402609e-11,0.33554204560074,1.08322981141486,0.387630001463128,1.12395948825633,0.49197397476715,0.116941370040857,1.32601343917181,0.86975064501522,14.926305971165,0.0506118819857661,3.88552556880721,0.21957546169713,6.58246702598952e-11,0.0286726329341234,8.47494283828582,0.0262250519838029,0.995151236192236,8.61789905600272,0.355751752726122,0.816708454841973,51.0174337360605,102.866483563477,176.969948312857,0.840239999999991,1.67175778546711
122,GA,500,0,0.115435766184651,3.94418598402665,4.64235150199378,5.19760658095589,0.0674056902674009,0.00657727631074845,0.0159582170284738,0.00657727631074845,0.113343416142512,0.0685203081287785,0.0159582170284738,0.0685203081287785,0.0495362723034005,34.3432649217616,0,0.0362,0,0.0692,0.01,0.203136,0.0997904,0.023302,0.0063786,0,0.235996,3.8,0.00673868,0.37515,0.0888888888888889,0,0.00628146,1.382,0,0.0661112,0.477386,0.345761666483293,0,1.44,12.1,0.4995,2.19,5.0784,2.49476,0.58255,0.159465,21.0035842293907,5.8999,95,0.168467,9.37875,0.41875,2.91300251256281,0.1570365,34.55,0.154861111111111,1.65278,11.93465,0.663542620071984,1,0.037761354590067,7.2493608402609e-11,0.33554204560074,1.08322981141486,0.387630001463128,1.12395948825633,0.49197397476715,0.116941370040857,1.32601343917181,0.86975064501522,14.926305971165,0.0506118819857661,3.88552556880721,0.21957546169713,6.58246702598952e-11,0.0286726329341234,8.47494283828582,0.0262250519838029,0.995151236192236,8.61789905600272,0.355751752726122,0.816708454841973,51.0174337360605,102.866483563477,176.969948312857,0.840239999999991,1.67175778546711
122,GA,500,0,0.115435766184651,3.94418598402665,4.64235150199378,5.19760658095589,0.0674056902674009,0.00657727631074845,0.0159582170284738,0.00657727631074845,0.113343416142512,0.0685203081287785,0.0159582170284738,0.0685203081287785,0.0495362723034005,34.3432649217616,0.0121825339653331,0.0362,0,0.0692,0.01,0.203136,0.0997904,0.023302,0.0063786,0,0.235996,3.8,0.00673868,0.37515,0.0888888888888889,0,0.00628146,1.382,0,0.0661112,0.477386,0.345761666483293,0,1.44,12.1,0.4995,2.19,5.0784,2.49476,0.58255,0.159465,21.0035842293907,5.8999,95,0.168467,9.37875,0.41875,2.91300251256281,0.1570365,34.55,0.154861111111111,1.65278,11.93465,0.663542620071984,1,0.037761354590067,2.52766016549392e-10,0.33554204560074,1.08322981141486,0.387630001463128,1.12395948825633,0.49051603916839,0.116941370040857,1.32601343917181,0.86975064501522,14.926305971165,0.0510413062487021,3.88552556880721,0.21957546169713,6.58246702598952e-11,0.0286726329341234,8.47494283828582,0.0262250519838029,0.608952758863048,8.61789905600272,0.355751752726122,0.816708454841973,50.9040287219363,99.3953868750819,172.606438297596,0.840239999999991,1.67175778546711
122,GA,500,1,0.115435766184651,3.94418598402665,4.64235150199378,5.19760658095589,0.0674056902674009,0.00657727631074845,0.0159582170284738,0.00657727631074845,0.113343416142512,0.0685203081287785,0.0159582170284738,0.0685203081287785,0.0495362723034005,34.3432649217616,0.0120007744094632,0.0362,0,0.0692,0.01,0.203136,0.0997904,0.023302,0.0063786,0,0.235996,3.8,0.00673868,0.37515,0.0888888888888889,0,0.00628146,1.382,0,0.0661112,0.477386,0.345761666483293,0,1.44,12.1,0.4995,2.19,5.0784,2.49476,0.58255,0.159465,21.0035842293907,5.8999,95,0.168467,9.37875,0.41875,2.91300251256281,0.1570365,34.55,0.154861111111111,1.65278,11.93465,0.663542620071984,1,0.135879104256481,1.24182701690692e-11,0.275141935686574,1.08322981141486,0.387630001463128,1.12395948825633,0.41732765724745,0.14687482971743,1.32601343917181,1.51256532834357,29.2885011820845,0.0648923444862926,0.947715301823303,0.124865288981074,1.6861814844494e-17,0.109939237798492,2.97287225563837,0.0262250519838029,0.158997433493103,2.12441345307307,0.349439200605967,0.816708454841973,51.7294847597025,96.8146591533256,170.271981264234,0.840239999999991,1.67175778546711
122,GA,500,0,0.115435766184651,3.94418598402665,4.64235150199378,5.19760658095589,0.0674056902674009,0.00657727631074845,0.0159582170284738,0.00657727631074845,0.113343416142512,0.0685203081287785,0.0159582170284738,0.0685203081287785,0.0495362723034005,34.3432649217616,0.000358524480630421,0.0362,0,0.0692,0.01,0.203136,0.0997904,0.023302,0.0063786,0,0.235996,3.8,0.00673868,0.37515,0.0888888888888889,0,0.00628146,1.382,0,0.0661112,0.477386,0.345761666483293,0,1.44,12.1,0.4995,2.19,5.0784,2.49476,0.58255,0.159465,21.0035842293907,5.8999,95,0.168467,9.37875,0.41875,2.91300251256281,0.1570365,34.55,0.154861111111111,1.65278,11.93465,0.663542620071984,1,0.37761354590067,0.00224231198484207,0.178078481620148,1.08322981141486,0.387630001463128,1.12395948825633,0.49197397476715,0.116941370040857,3.27346768517959,1.04379568744073,5.98824209110219,0.0506118819857661,5.5876371283912,0.21957546169713,2.07860579025522e-07,0.0286726329341234,11.0207405764091,0.0262250519838029,0.468223357555741,8.61789905600272,0.355751752726122,0.816708454841973,54.6075864183757,111.793437344222,191.490505508338,0.840239999999991,1.67175778546711
122,GA,500,0,0.115435766184651,3.94418598402665,4.64235150199378,5.19760658095589,0.0674056902674009,0.00657727631074845,0.0159582170284738,0.00657727631074845,0.113343416142512,0.0685203081287785,0.0159582170284738,0.0685203081287785,0.0495362723034005,34.3432649217616,0.00902298518697645,0.0362,0,0.0692,0.01,0.203136,0.0997904,0.023302,0.0063786,0,0.235996,3.8,0.00673868,0.37515,0.0888888888888889,0,0.00628146,1.382,0,0.0661112,0.477386,0.345761666483293,0,1.44,12.1,0.4995,2.19,5.0784,2.49476,0.58255,0.159465,21.0035842293907,5.8999,95,0.168467,9.37875,0.41875,2.91300251256281,0.1570365,34.55,0.154861111111111,1.65278,11.93465,0.663542620071984,1,0.433194100463836,1.37299261608059e-14,0.106675703561767,1.08322981141486,0.374289070832957,1.6987294987839,0.49197397476715,0.0297278878607167,3.27346768517959,4.69323623617571,25.4442697678591,0.0168368221923206,4.41960985970513,0.21957546169713,0.000906916338668913,0.0134012083767732,16.8612041775535,0.00262250519838029,0.835924390746135,4.09456305560179,0.574096774166235,0.816708454841973,53.2336387825169,102.552115267905,178.801232285327,0.840239999999991,1.67175778546711
122,GA,500,0,0.115435766184651,3.94418598402665,4.64235150199378,5.19760658095589,0.0674056902674009,0.00657727631074845,0.0159582170284738,0.00657727631074845,0.113343416142512,0.0685203081287785,0.0159582170284738,0.0685203081287785,0.0495362723034005,34.3432649217616,0.000355732366684148,0.0362,0,0.0692,0.01,0.203136,0.0997904,0.023302,0.0063786,0,0.235996,3.8,0.00673868,0.37515,0.0888888888888889,0,0.00628146,1.382,0,0.0661112,0.477386,0.345761666483293,0,1.44,12.1,0.4995,2.19,5.0784,2.49476,0.58255,0.159465,21.0035842293907,5.8999,95,0.168467,9.37875,0.41875,2.91300251256281,0.1570365,34.55,0.154861111111111,1.65278,11.93465,0.663542620071984,1,0.37761354590067,5.8560023495594e-16,0.159255040560259,0.0195731904556003,0.387630001463128,2.43768352618124,0.41732765724745,0.14687482971743,1.32601343917181,1.04379568744073,34.5736012747865,0.00904302294383951,4.41960985970513,0.310764297365212,2.07860579025522e-07,0.0134012083767732,10.5087260359772,0.0262250519838029,0.189665733937792,2.09251736849333,0.355888899010024,0.816708454841973,54.7849862421019,112.583712628426,192.63553984046,0.840239999999991,1.67175778546711
122,GA,500,0,0.115435766184651,3.94418598402665,4.64235150199378,5.19760658095589,0.0674056902674009,0.00657727631074845,0.0159582170284738,0.00657727631074845,0.113343416142512,0.0685203081287785,0.0159582170284738,0.0685203081287785,0.0495362723034005,34.3432649217616,0.0188029617711667,0.0362,0,0.0692,0.01,0.203136,0.0997904,0.023302,0.0063786,0,0.235996,3.8,0.00673868,0.37515,0.0888888888888889,0,0.00628146,1.382,0,0.0661112,0.477386,0.345761666483293,0,1.44,12.1,0.4995,2.19,5.0784,2.49476,0.58255,0.159465,21.0035842293907,5.8999,95,0.168467,9.37875,0.41875,2.91300251256281,0.1570365,34.55,0.154861111111111,1.65278,11.93465,0.663542620071984,1,0.526818657081156,0.0124543907982777,0.466313665812949,0.0202100277015197,0.440371429061861,1.12005011622373,0.49197397476715,0.0576827980048167,11.6458973438373,1.44873097982681,14.8464970289946,0.01643690238027,4.37243085483907,0.291017792829165,3.81234982264063e-15,0.0133679491471668,8.25278733427784,2.56679370224842e-21,0.180816520334457,10.7291791674647,0.484755499573509,0.816708454841973,49.0616197814037,106.117416983952,178.994665478212,0.840239999999991,1.67175778546711
122,GA,500,0,0.115435766184651,3.94418598402665,4.64235150199378,5.19760658095589,0.0674056902674009,0.00657727631074845,0.0159582170284738,0.00657727631074845,0.113343416142512,0.0685203081287785,0.0159582170284738,0.0685203081287785,0.0495362723034005,34.3432649217616,0.00376668113984079,0.0362,0,0.0692,0.01,0.203136,0.0997904,0.023302,0.0063786,0,0.235996,3.8,0.00673868,0.37515,0.0888888888888889,0,0.00628146,1.382,0,0.0661112,0.477386,0.345761666483293,0,1.44,12.1,0.4995,2.19,5.0784,2.49476,0.58255,0.159465,21.0035842293907,5.8999,95,0.168467,9.37875,0.41875,2.91300251256281,0.1570365,34.55,0.154861111111111,1.65278,11.93465,0.663542620071984,1,1.28546080185,1.37299261608059e-14,0.0894366941397378,1.08322981141486,0.493784936261897,0.219143497694182,0.41732765724745,0.0130068322654442,5.07103231405381,0.542593604765535,19.4810027083994,0.0199175197130509,1.72395307910794,0.173493772522067,5.06442646635929e-16,0.00851853165735287,7.6076673932228,2.72198369173491e-19,0.619789626045754,1.520709874815,0.582374958445711,0.816708454841973,55.8424860451519,110.187893927646,190.759534196645,0.840239999999991,1.67175778546711
122,GA,500,0,0.115435766184651,3.94418598402665,4.64235150199378,5.19760658095589,0.0674056902674009,0.00657727631074845,0.0159582170284738,0.00657727631074845,0.113343416142512,0.0685203081287785,0.0159582170284738,0.0685203081287785,0.0495362723034005,34.3432649217616,0.00948035568144146,0.0362,0,0.0692,0.01,0.203136,0.0997904,0.023302,0.0063786,0,0.235996,3.8,0.00673868,0.37515,0.0888888888888889,0,0.00628146,1.382,0,0.0661112,0.477386,0.345761666483293,0,1.44,12.1,0.4995,2.19,5.0784,2.49476,0.58255,0.159465,21.0035842293907,5.8999,95,0.168467,9.37875,0.41875,2.91300251256281,0.1570365,34.55,0.154861111111111,1.65278,11.93465,0.663542620071984,1,0.433194100463836,1.37299261608059e-14,0.106675703561767,1.08322981141486,0.374289070832957,1.6987294987839,0.49197397476715,0.0297278878607167,3.27346768517959,4.69323623617571,25.4442697678591,0.0168368221923206,4.41960985970513,0.21957546169713,0.000906916338668913,0.0134012083767732,16.8612041775535,0.0262250519838029,0.835924390746135,4.09456305560179,0.574096774166235,0.816708454841973,53.090923705513,96.9602502514928,171.811685902415,0.840239999999991,1.67175778546711
122,GA,500,1,0.115435766184651,3.94418598402665,4.64235150199378,5.19760658095589,0.0674056902674009,0.00657727631074845,0.0159582170284738,0.00657727631074845,0.113343416142512,0.0685203081287785,0.0159582170284738,0.0685203081287785,0.0495362723034005,34.3432649217616,0.0202772195199849,0.0362,0,0.0692,0.01,0.203136,0.0997904,0.023302,0.0063786,0,0.235996,3.8,0.00673868,0.37515,0.0888888888888889,0,0.00628146,1.382,0,0.0661112,0.477386,0.345761666483293,0,1.44,12.1,0.4995,2.19,5.0784,2.49476,0.58255,0.159465,21.0035842293907,5.8999,95,0.168467,9.37875,0.41875,2.91300251256281,0.1570365,34.55,0.154861111111111,1.65278,11.93465,0.663542620071984,1,0.037761354590067,6.85490059604685e-08,0.379716216609904,1.08322981141486,0.387630001463128,0.877964643016063,0.49197397476715,0.116941370040857,1.32601343917181,0.86975064501522,14.926305971165,0.0506118819857661,3.88552556880721,0.21957546169713,0.809494118959263,0.00768956438968787,8.47494283828582,0.0262250519838029,1.29606487869952,8.61789905600272,0.355751752726122,0.816708454841973,50.9608483155886,94.5615773165847,166.744610263886,0.840239999999991,1.67175778546711
122,GA,500,0,0.115435766184651,3.94418598402665,4.64235150199378,5.19760658095589,0.0674056902674009,0.00657727631074845,0.0159582170284738,0.00657727631074845,0.113343416142512,0.0685203081287785,0.0159582170284738,0.0685203081287785,0.0495362723034005,34.3432649217616,0.00566868447683693,0.0362,0,0.0692,0.01,0.203136,0.0997904,0.023302,0.0063786,0,0.235996,3.8,0.00673868,0.37515,0.0888888888888889,0,0.00628146,1.382,0,0.0661112,0.477386,0.345761666483293,0,1.44,12.1,0.4995,2.19,5.0784,2.49476,0.58255,0.159465,21.0035842293907,5.8999,95,0.168467,9.37875,0.41875,2.91300251256281,0.1570365,34.55,0.154861111111111,1.65278,11.93465,0.663542620071984,1,0.0511071195324601,7.2493608402609e-10,0.33554204560074,1.08322981141486,0.387630001463128,1.12395948825633,0.49197397476715,0.0576827980048167,0.833300095514468,0.86975064501522,14.926305971165,0.0192763124463403,3.88552556880721,0.21957546169713,6.58246702598952e-11,0.0134012083767732,8.47494283828582,0.0262250519838029,0.995151236192236,8.01624434987282,0.355751752726122,0.816708454841973,50.1325534026106,121.704687302613,199.151075962367,0.840239999999991,1.67175778546711
122,GA,500,1,0.115435766184651,3.94418598402665,4.64235150199378,5.19760658095589,0.0674056902674009,0.00657727631074845,0.0159582170284738,0.00657727631074845,0.113343416142512,0.0685203081287785,0.0159582170284738,0.0685203081287785,0.0495362723034005,34.3432649217616,0.058665385724254,0.0362,0,0.0692,0.01,0.203136,0.0997904,0.023302,0.0063786,0,0.235996,3.8,0.00673868,0.37515,0.0888888888888889,0,0.00628146,1.382,0,0.0661112,0.477386,0.345761666483293,0,1.44,12.1,0.4995,2.19,5.0784,2.49476,0.58255,0.159465,21.0035842293907,5.8999,95,0.168467,9.37875,0.41875,2.91300251256281,0.1570365,34.55,0.154861111111111,1.65278,11.93465,0.663542620071984,1,0.0511071195324601,7.2493608402609e-11,0.33554204560074,1.08322981141486,0.387630001463128,1.12395948825633,0.49197397476715,0.116941370040857,0.833300095514468,0.86975064501522,14.926305971165,0.0506118819857661,4.41960985970513,0.21957546169713,6.58246702598952e-11,0.0286726329341234,10.5087260359772,0.0262250519838029,0.995151236192236,8.01624434987282,0.574096774166235,0.816708454841973,47.1043214414264,103.451793116835,173.773504922393,0.840239999999991,1.67175778546711
122,GA,500,1,0.115435766184651,3.94418598402665,4.64235150199378,5.19760658095589,0.0674056902674009,0.00657727631074845,0.0159582170284738,0.00657727631074845,0.113343416142512,0.0685203081287785,0.0159582170284738,0.0685203081287785,0.0495362723034005,34.3432649217616,0.0302170016487503,0.0362,0,0.0692,0.01,0.203136,0.0997904,0.023302,0.0063786,0,0.235996,3.8,0.00673868,0.37515,0.0888888888888889,0,0.00628146,1.382,0,0.0661112,0.477386,0.345761666483293,0,1.44,12.1,0.4995,2.19,5.0784,2.49476,0.58255,0.159465,21.0035842293907,5.8999,95,0.168467,9.37875,0.41875,2.91300251256281,0.1570365,34.55,0.154861111111111,1.65278,11.93465,0.663542620071984,1,0.741003966070824,1.37299261608059e-14,0.283075628844445,0.403940347586626,0.895084708423886,0.599390440915207,0.49197397476715,0.0811289049218722,1.08926309164505,4.58086460011602,14.926305971165,0.0363015079307041,0.952210213392367,0.21957546169713,7.65805658500133e-16,0.0155262884799704,3.7514633189076,0.0240020601472133,0.995151236192236,3.36791779424044,0.459244421647998,0.816708454841973,52.4143577421439,91.8561316083808,164.88549853149,0.840239999999991,1.67175778546711
122,GA,500,1,0.115435766184651,3.94418598402665,4.64235150199378,5.19760658095589,0.0674056902674009,0.00657727631074845,0.0159582170284738,0.00657727631074845,0.113343416142512,0.0685203081287785,0.0159582170284738,0.0685203081287785,0.0495362723034005,34.3432649217616,0.0341931525930348,0.0362,0,0.0692,0.01,0.203136,0.0997904,0.023302,0.0063786,0,0.235996,3.8,0.00673868,0.37515,0.0888888888888889,0,0.00628146,1.382,0,0.0661112,0.477386,0.345761666483293,0,1.44,12.1,0.4995,2.19,5.0784,2.49476,0.58255,0.159465,21.0035842293907,5.8999,95,0.168467,9.37875,0.41875,2.91300251256281,0.1570365,34.55,0.154861111111111,1.65278,11.93465,0.663542620071984,1,0.37761354590067,7.2493608402609e-11,0.33554204560074,1.08322981141486,0.387630001463128,0.109747067282121,0.379842279647876,0.0123453301286962,5.20848838960403,0.86975064501522,14.926305971165,0.0166766014991016,3.88552556880721,0.313007247632284,0.000441806033405704,0.110899897478051,8.47494283828582,1.3432499042201e-09,0.995151236192236,8.61789905600272,0.355751752726122,0.816708454841973,55.618669934591,93.1358575607251,169.656741915548,0.840239999999991,1.67175778546711
122,GA,500,0,0.115435766184651,3.94418598402665,4.64235150199378,5.19760658095589,0.0674056902674009,0.00657727631074845,0.0159582170284738,0.00657727631074845,0.113343416142512,0.0685203081287785,0.0159582170284738,0.0685203081287785,0.0495362723034005,34.3432649217616,0.0035031980052272,0.0362,0,0.0692,0.01,0.203136,0.0997904,0.023302,0.0063786,0,0.235996,3.8,0.00673868,0.37515,0.0888888888888889,0,0.00628146,1.382,0,0.0661112,0.477386,0.345761666483293,0,1.44,12.1,0.4995,2.19,5.0784,2.49476,0.58255,0.159465,21.0035842293907,5.8999,95,0.168467,9.37875,0.41875,2.91300251256281,0.1570365,34.55,0.154861111111111,1.65278,11.93465,0.663542620071984,1,0.508871063422381,7.2493608402609e-11,0.106675703561767,1.08322981141486,0.374289070832957,1.14085275216875,0.49197397476715,0.0811289049218722,1.32601343917181,0.86975064501522,14.926305971165,0.0367623215560257,3.88552556880721,0.21957546169713,6.58246702598952e-11,0.0134012083767732,8.47494283828582,0.00262250519838029,0.0672498050960735,4.09456305560179,0.355751752726122,0.816708454841973,51.3397280461092,121.119738614655,199.642023555087,0.840239999999991,1.67175778546711
122,GA,500,0,0.115435766184651,3.94418598402665,4.64235150199378,5.19760658095589,0.0674056902674009,0.00657727631074845,0.0159582170284738,0.00657727631074845,0.113343416142512,0.0685203081287785,0.0159582170284738,0.0685203081287785,0.0495362723034005,34.3432649217616,0.0035031980052272,0.0362,0,0.0692,0.01,0.203136,0.0997904,0.023302,0.0063786,0,0.235996,3.8,0.00673868,0.37515,0.0888888888888889,0,0.00628146,1.382,0,0.0661112,0.477386,0.345761666483293,0,1.44,12.1,0.4995,2.19,5.0784,2.49476,0.58255,0.159465,21.0035842293907,5.8999,95,0.168467,9.37875,0.41875,2.91300251256281,0.1570365,34.55,0.154861111111111,1.65278,11.93465,0.663542620071984,1,0.508871063422381,7.2493608402609e-11,0.106675703561767,1.08322981141486,0.374289070832957,1.14085275216875,0.49197397476715,0.0811289049218722,1.32601343917181,0.86975064501522,14.926305971165,0.0367623215560257,3.88552556880721,0.21957546169713,6.58246702598952e-11,0.0134012083767732,8.47494283828582,0.00262250519838029,0.0672498050960735,4.09456305560179,0.355751752726122,0.816708454841973,51.3397280461092,121.119738614655,199.642023555087,0.840239999999991,1.67175778546711
122,GA,500,1,0.115435766184651,3.94418598402665,4.64235150199378,5.19760658095589,0.0674056902674009,0.00657727631074845,0.0159582170284738,0.00657727631074845,0.113343416142512,0.0685203081287785,0.0159582170284738,0.0685203081287785,0.0495362723034005,34.3432649217616,0.0403189359799758,0.0362,0,0.0692,0.01,0.203136,0.0997904,0.023302,0.0063786,0,0.235996,3.8,0.00673868,0.37515,0.0888888888888889,0,0.00628146,1.382,0,0.0661112,0.477386,0.345761666483293,0,1.44,12.1,0.4995,2.19,5.0784,2.49476,0.58255,0.159465,21.0035842293907,5.8999,95,0.168467,9.37875,0.41875,2.91300251256281,0.1570365,34.55,0.154861111111111,1.65278,11.93465,0.663542620071984,1,0.108765171171321,0.0312748544202305,0.221484229342396,0.0150108024001052,0.730364613855758,0.124533934125481,0.197784839399295,0.0264070031377125,1.32601343917181,0.512485638195356,13.879878676944,0.00755831142951199,0.667885702287373,0.144506546699226,6.58246702598952e-11,0.0148154766438199,3.89206009128567,5.79555969862365e-18,0.0676923632029768,2.09251736849333,0.534863931215726,0.816708454841973,59.0885186322456,95.0267065556128,175.441797445797,0.840239999999991,1.67175778546711
122,GA,500,0,0.115435766184651,3.94418598402665,4.64235150199378,5.19760658095589,0.0674056902674009,0.00657727631074845,0.0159582170284738,0.00657727631074845,0.113343416142512,0.0685203081287785,0.0159582170284738,0.0685203081287785,0.0495362723034005,34.3432649217616,0.0112524500520387,0.0362,0,0.0692,0.01,0.203136,0.0997904,0.023302,0.0063786,0,0.235996,3.8,0.00673868,0.37515,0.0888888888888889,0,0.00628146,1.382,0,0.0661112,0.477386,0.345761666483293,0,1.44,12.1,0.4995,2.19,5.0784,2.49476,0.58255,0.159465,21.0035842293907,5.8999,95,0.168467,9.37875,0.41875,2.91300251256281,0.1570365,34.55,0.154861111111111,1.65278,11.93465,0.663542620071984,1,0.433194100463836,1.37299261608059e-14,0.106675703561767,1.08322981141486,3.74289070832957,1.6987294987839,0.49197397476715,0.0297278878607167,3.27346768517959,4.69323623617571,25.4442697678591,0.0168368221923206,4.41960985970513,0.21957546169713,0.000906916338668913,0.0134012083767732,16.8612041775535,0.00262250519838029,0.835924390746135,4.09456305560179,0.574096774166235,0.816708454841973,53.1682642561669,97.9000294088025,173.039717561674,0.840239999999991,1.67175778546711
122,GA,500,0,0.115435766184651,3.94418598402665,4.64235150199378,5.19760658095589,0.0674056902674009,0.00657727631074845,0.0159582170284738,0.00657727631074845,0.113343416142512,0.0685203081287785,0.0159582170284738,0.0685203081287785,0.0495362723034005,34.3432649217616,0.00992126835708072,0.0362,0,0.0692,0.01,0.203136,0.0997904,0.023302,0.0063786,0,0.235996,3.8,0.00673868,0.37515,0.0888888888888889,0,0.00628146,1.382,0,0.0661112,0.477386,0.345761666483293,0,1.44,12.1,0.4995,2.19,5.0784,2.49476,0.58255,0.159465,21.0035842293907,5.8999,95,0.168467,9.37875,0.41875,2.91300251256281,0.1570365,34.55,0.154861111111111,1.65278,11.93465,0.663542620071984,1,0.797833761274659,8.63678339701752e-12,0.197790223679982,0.0303102642237714,0.775755855342374,0.370531043808187,0.149595014507914,0.0240583040679519,5.38095316724128,0.713523926670958,13.0251149506815,0.0543127778898188,4.41960985970513,0.112671916743538,4.46165920418132e-18,0.0134012083767732,12.9719280186057,4.31592086903494e-08,0.183169860838341,2.41174556793788,0.489187823695342,0.816708454841973,60.73981325398,111.990376197824,197.863869621798,0.840239999999991,1.67175778546711
122,GA,500,0,0.115435766184651,3.94418598402665,4.64235150199378,5.19760658095589,0.0674056902674009,0.00657727631074845,0.0159582170284738,0.00657727631074845,0.113343416142512,0.0685203081287785,0.0159582170284738,0.0685203081287785,0.0495362723034005,34.3432649217616,0.00749945727038069,0.0362,0,0.0692,0.01,0.203136,0.0997904,0.023302,0.0063786,0,0.235996,3.8,0.00673868,0.37515,0.0888888888888889,0,0.00628146,1.382,0,0.0661112,0.477386,0.345761666483293,0,1.44,12.1,0.4995,2.19,5.0784,2.49476,0.58255,0.159465,21.0035842293907,5.8999,95,0.168467,9.37875,0.41875,2.91300251256281,0.1570365,34.55,0.154861111111111,1.65278,11.93465,0.663542620071984,1,0.037761354590067,1.21136094737427e-08,0.33554204560074,1.08322981141486,0.387630001463128,1.12395948825633,0.49197397476715,0.113682017035482,1.71288478837417,0.86975064501522,17.6405488039124,0.0506118819857661,3.88552556880721,0.117209212239949,6.58246702598952e-11,0.0696884144628491,8.47494283828582,7.37624489857432e-21,0.0785887311044308,2.11370635494315,0.618482797990343,0.816708454841973,46.1896521650857,108.760679579529,179.35918032991,0.840239999999991,1.67175778546711
122,GA,500,0,0.115435766184651,3.94418598402665,4.64235150199378,5.19760658095589,0.0674056902674009,0.00657727631074845,0.0159582170284738,0.00657727631074845,0.113343416142512,0.0685203081287785,0.0159582170284738,0.0685203081287785,0.0495362723034005,34.3432649217616,5.56316345863344e-06,0.0362,0,0.0692,0.01,0.203136,0.0997904,0.023302,0.0063786,0,0.235996,3.8,0.00673868,0.37515,0.0888888888888889,0,0.00628146,1.382,0,0.0661112,0.477386,0.345761666483293,0,1.44,12.1,0.4995,2.19,5.0784,2.49476,0.58255,0.159465,21.0035842293907,5.8999,95,0.168467,9.37875,0.41875,2.91300251256281,0.1570365,34.55,0.154861111111111,1.65278,11.93465,0.663542620071984,1,0.37761354590067,7.2493608402609e-11,0.33554204560074,1.08322981141486,0.387630001463128,1.12395948825633,0.49197397476715,0.116941370040857,1.32601343917181,0.86975064501522,14.926305971165,0.0506118819857661,3.88552556880721,0.21957546169713,6.58246702598952e-11,0.0286726329341234,8.47494283828582,0.0262250519838029,0.995151236192236,0.861789905600272,0.355751752726122,0.816708454841973,51.990794845291,126.094302721138,206.384081670682,0.840239999999991,1.67175778546711
122,GA,500,0,0.115435766184651,3.94418598402665,4.64235150199378,5.19760658095589,0.0674056902674009,0.00657727631074845,0.0159582170284738,0.00657727631074845,0.113343416142512,0.0685203081287785,0.0159582170284738,0.0685203081287785,0.0495362723034005,34.3432649217616,0,0.0362,0,0.0692,0.01,0.203136,0.0997904,0.023302,0.0063786,0,0.235996,3.8,0.00673868,0.37515,0.0888888888888889,0,0.00628146,1.382,0,0.0661112,0.477386,0.345761666483293,0,1.44,12.1,0.4995,2.19,5.0784,2.49476,0.58255,0.159465,21.0035842293907,5.8999,95,0.168467,9.37875,0.41875,2.91300251256281,0.1570365,34.55,0.154861111111111,1.65278,11.93465,0.663542620071984,1,0.37761354590067,7.2493608402609e-11,0.33554204560074,1.08322981141486,0.387630001463128,1.12395948825633,0.49197397476715,0.116941370040857,1.32601343917181,0.86975064501522,14.926305971165,0.0506118819857661,3.88552556880721,0.21957546169713,6.58246702598952e-11,0.0286726329341234,8.47494283828582,0.0262250519838029,0.995151236192236,8.61789905600272,0.355751752726122,0.816708454841973,51.679241256024,126.187828476286,206.187043554584,0.840239999999991,1.67175778546711
122,GA,500,0,0.115435766184651,3.94418598402665,4.64235150199378,5.19760658095589,0.0674056902674009,0.00657727631074845,0.0159582170284738,0.00657727631074845,0.113343416142512,0.0685203081287785,0.0159582170284738,0.0685203081287785,0.0495362723034005,34.3432649217616,0,0.0362,0,0.0692,0.01,0.203136,0.0997904,0.023302,0.0063786,0,0.235996,3.8,0.00673868,0.37515,0.0888888888888889,0,0.00628146,1.382,0,0.0661112,0.477386,0.345761666483293,0,1.44,12.1,0.4995,2.19,5.0784,2.49476,0.58255,0.159465,21.0035842293907,5.8999,95,0.168467,9.37875,0.41875,2.91300251256281,0.1570365,34.55,0.154861111111111,1.65278,11.93465,0.663542620071984,1,0.37761354590067,7.2493608402609e-11,0.33554204560074,1.08322981141486,0.387630001463128,1.12395948825633,0.49197397476715,0.116941370040857,1.32601343917181,0.86975064501522,14.926305971165,0.0506118819857661,3.88552556880721,0.21957546169713,6.58246702598952e-11,0.0286726329341234,8.47494283828582,0.0262250519838029,0.995151236192236,8.61789905600272,0.355751752726122,0.816708454841973,51.679241256024,126.187828476286,206.187043554584,0.840239999999991,1.67175778546711
122,GA,500,0,0.115435766184651,3.94418598402665,4.64235150199378,5.19760658095589,0.0674056902674009,0.00657727631074845,0.0159582170284738,0.00657727631074845,0.113343416142512,0.0685203081287785,0.0159582170284738,0.0685203081287785,0.0495362723034005,34.3432649217616,6.42857807867078e-31,0.0362,0,0.0692,0.01,0.203136,0.0997904,0.023302,0.0063786,0,0.235996,3.8,0.00673868,0.37515,0.0888888888888889,0,0.00628146,1.382,0,0.0661112,0.477386,0.345761666483293,0,1.44,12.1,0.4995,2.19,5.0784,2.49476,0.58255,0.159465,21.0035842293907,5.8999,95,0.168467,9.37875,0.41875,2.91300251256281,0.1570365,34.55,0.154861111111111,1.65278,11.93465,0.663542620071984,1,0.37761354590067,7.2493608402609e-10,0.33554204560074,1.08322981141486,0.387630001463128,1.12395948825633,0.49197397476715,0.116941370040857,1.32601343917181,0.86975064501522,14.926305971165,0.0506118819857661,3.88552556880721,0.21957546169713,6.58246702598952e-11,0.0286726329341234,8.47494283828582,0.0262250519838029,0.995151236192236,8.61789905600272,0.355751752726122,0.816708454841973,51.6792412588392,126.187828507679,206.187043595837,0.840239999999991,1.67175778546711
122,GA,500,0,0.115435766184651,3.94418598402665,4.64235150199378,5.19760658095589,0.0674056902674009,0.00657727631074845,0.0159582170284738,0.00657727631074845,0.113343416142512,0.0685203081287785,0.0159582170284738,0.0685203081287785,0.0495362723034005,34.3432649217616,6.42857807867078e-31,0.0362,0,0.0692,0.01,0.203136,0.0997904,0.023302,0.0063786,0,0.235996,3.8,0.00673868,0.37515,0.0888888888888889,0,0.00628146,1.382,0,0.0661112,0.477386,0.345761666483293,0,1.44,12.1,0.4995,2.19,5.0784,2.49476,0.58255,0.159465,21.0035842293907,5.8999,95,0.168467,9.37875,0.41875,2.91300251256281,0.1570365,34.55,0.154861111111111,1.65278,11.93465,0.663542620071984,1,0.37761354590067,7.2493608402609e-10,0.33554204560074,1.08322981141486,0.387630001463128,1.12395948825633,0.49197397476715,0.116941370040857,1.32601343917181,0.86975064501522,14.926305971165,0.0506118819857661,3.88552556880721,0.21957546169713,6.58246702598952e-11,0.0286726329341234,8.47494283828582,0.0262250519838029,0.995151236192236,8.61789905600272,0.355751752726122,0.816708454841973,51.6792412588392,126.187828507679,206.187043595837,0.840239999999991,1.67175778546711
122,GA,500,0,0.115435766184651,3.94418598402665,4.64235150199378,5.19760658095589,0.0674056902674009,0.00657727631074845,0.0159582170284738,0.00657727631074845,0.113343416142512,0.0685203081287785,0.0159582170284738,0.0685203081287785,0.0495362723034005,34.3432649217616,0.0085165127845248,0.0362,0,0.0692,0.01,0.203136,0.0997904,0.023302,0.0063786,0,0.235996,3.8,0.00673868,0.37515,0.0888888888888889,0,0.00628146,1.382,0,0.0661112,0.477386,0.345761666483293,0,1.44,12.1,0.4995,2.19,5.0784,2.49476,0.58255,0.159465,21.0035842293907,5.8999,95,0.168467,9.37875,0.41875,2.91300251256281,0.1570365,34.55,0.154861111111111,1.65278,11.93465,0.663542620071984,1,0.0433194100463836,0.00224231198484207,0.178078481620148,1.08322981141486,0.387630001463128,0.882600469421692,0.49197397476715,0.116941370040857,3.27346768517959,1.10872920168068,14.926305971165,0.0506118819857661,5.5876371283912,0.21957546169713,6.58246702598952e-11,0.0286726329341234,11.0207405764091,0.0262250519838029,0.468223357555741,8.61789905600272,0.355751752726122,0.816708454841973,54.7297647442257,89.866740522411,164.765041089932,0.840239999999991,1.67175778546711
122,GA,500,0,0.115435766184651,3.94418598402665,4.64235150199378,5.19760658095589,0.0674056902674009,0.00657727631074845,0.0159582170284738,0.00657727631074845,0.113343416142512,0.0685203081287785,0.0159582170284738,0.0685203081287785,0.0495362723034005,34.3432649217616,0.0085165127845248,0.0362,0,0.0692,0.01,0.203136,0.0997904,0.023302,0.0063786,0,0.235996,3.8,0.00673868,0.37515,0.0888888888888889,0,0.00628146,1.382,0,0.0661112,0.477386,0.345761666483293,0,1.44,12.1,0.4995,2.19,5.0784,2.49476,0.58255,0.159465,21.0035842293907,5.8999,95,0.168467,9.37875,0.41875,2.91300251256281,0.1570365,34.55,0.154861111111111,1.65278,11.93465,0.663542620071984,1,0.0433194100463836,0.00224231198484207,0.178078481620148,1.08322981141486,0.387630001463128,0.882600469421692,0.49197397476715,0.116941370040857,3.27346768517959,1.10872920168068,14.926305971165,0.0506118819857661,5.5876371283912,0.21957546169713,6.58246702598952e-11,0.0286726329341234,11.0207405764091,0.0262250519838029,0.468223357555741,8.61789905600272,0.355751752726122,0.816708454841973,54.7297647442257,89.866740522411,164.765041089932,0.840239999999991,1.67175778546711
122,GA,500,1,0.115435766184651,3.94418598402665,4.64235150199378,5.19760658095589,0.0674056902674009,0.00657727631074845,0.0159582170284738,0.00657727631074845,0.113343416142512,0.0685203081287785,0.0159582170284738,0.0685203081287785,0.0495362723034005,34.3432649217616,0.0396634227804185,0.0362,0,0.0692,0.01,0.203136,0.0997904,0.023302,0.0063786,0,0.235996,3.8,0.00673868,0.37515,0.0888888888888889,0,0.00628146,1.382,0,0.0661112,0.477386,0.345761666483293,0,1.44,12.1,0.4995,2.19,5.0784,2.49476,0.58255,0.159465,21.0035842293907,5.8999,95,0.168467,9.37875,0.41875,2.91300251256281,0.1570365,34.55,0.154861111111111,1.65278,11.93465,0.663542620071984,1,0.037761354590067,1.37299261608059e-14,0.106675703561767,1.08322981141486,0.387630001463128,1.12395948825633,0.41732765724745,0.14687482971743,1.32601343917181,0.512485638195356,5.98824209110219,0.0648923444862926,4.41960985970513,0.21957546169713,6.58246702598952e-11,0.0134012083767732,10.5087260359772,0.0262250519838029,0.189665733937792,2.09251736849333,0.574096774166235,0.816708454841973,49.9499764570167,91.3161496698621,161.759948704128,0.840239999999991,1.67175778546711
122,GA,500,0,0.115435766184651,3.94418598402665,4.64235150199378,5.19760658095589,0.0674056902674009,0.00657727631074845,0.0159582170284738,0.00657727631074845,0.113343416142512,0.0685203081287785,0.0159582170284738,0.0685203081287785,0.0495362723034005,34.3432649217616,0.00142276482022617,0.0362,0,0.0692,0.01,0.203136,0.0997904,0.023302,0.0063786,0,0.235996,3.8,0.00673868,0.37515,0.0888888888888889,0,0.00628146,1.382,0,0.0661112,0.477386,0.345761666483293,0,1.44,12.1,0.4995,2.19,5.0784,2.49476,0.58255,0.159465,21.0035842293907,5.8999,95,0.168467,9.37875,0.41875,2.91300251256281,0.1570365,34.55,0.154861111111111,1.65278,11.93465,0.663542620071984,1,0.037761354590067,7.2493608402609e-10,0.33554204560074,0.0256634978671053,1.21717769252965,1.12395948825633,0.0251196502824565,0.033139448904899,3.71592897202755,1.01873307610047,14.926305971165,0.046403630454175,1.92122106675398,0.148758484655634,3.38313429216796e-15,0.0286726329341234,8.47494283828582,0.0262250519838029,0.995151236192236,8.61789905600272,0.36497171163808,0.816708454841973,52.7255927848945,126.93128665427,208.14370545624,0.840239999999991,1.67175778546711
122,GA,500,0,0.115435766184651,3.94418598402665,4.64235150199378,5.19760658095589,0.0674056902674009,0.00657727631074845,0.0159582170284738,0.00657727631074845,0.113343416142512,0.0685203081287785,0.0159582170284738,0.0685203081287785,0.0495362723034005,34.3432649217616,0.00608039833271255,0.0362,0,0.0692,0.01,0.203136,0.0997904,0.023302,0.0063786,0,0.235996,3.8,0.00673868,0.37515,0.0888888888888889,0,0.00628146,1.382,0,0.0661112,0.477386,0.345761666483293,0,1.44,12.1,0.4995,2.19,5.0784,2.49476,0.58255,0.159465,21.0035842293907,5.8999,95,0.168467,9.37875,0.41875,2.91300251256281,0.1570365,34.55,0.154861111111111,1.65278,11.93465,0.663542620071984,1,0.0364773007124725,7.2493608402609e-11,0.198520737559823,1.63276703201205,0.365120411627262,1.43499936904444,0.49197397476715,0.116941370040857,6.0729948551954,0.499603141290076,14.926305971165,0.0506118819857661,3.88552556880721,0.21957546169713,6.58246702598952e-11,0.0286726329341234,5.33800630674243,0.0262250519838029,0.207128414256045,2.45621530672174,0.355751752726122,0.816708454841973,53.3575401519155,125.499750820659,207.022841492456,0.840239999999991,1.67175778546711
122,GA,500,0,0.115435766184651,3.94418598402665,4.64235150199378,5.19760658095589,0.0674056902674009,0.00657727631074845,0.0159582170284738,0.00657727631074845,0.113343416142512,0.0685203081287785,0.0159582170284738,0.0685203081287785,0.0495362723034005,34.3432649217616,0.00314279918887023,0.0362,0,0.0692,0.01,0.203136,0.0997904,0.023302,0.0063786,0,0.235996,3.8,0.00673868,0.37515,0.0888888888888889,0,0.00628146,1.382,0,0.0661112,0.477386,0.345761666483293,0,1.44,12.1,0.4995,2.19,5.0784,2.49476,0.58255,0.159465,21.0035842293907,5.8999,95,0.168467,9.37875,0.41875,2.91300251256281,0.1570365,34.55,0.154861111111111,1.65278,11.93465,0.663542620071984,1,0.0974935905963451,1.01575353823747e-10,0.33554204560074,1.08322981141486,0.387630001463128,1.77255550098967,0.580922548533809,0.116941370040857,1.32601343917181,0.86975064501522,14.926305971165,0.0506118819857661,3.88552556880721,0.21957546169713,4.32235117954972e-08,0.0286726329341234,9.24267944991553,0.0262250519838029,0.995151236192236,0.724815293833597,0.355751752726122,0.816708454841973,56.8996976239794,91.1920399560574,168.557706568802,0.840239999999991,1.67175778546711
122,GA,500,0,0.115435766184651,3.94418598402665,4.64235150199378,5.19760658095589,0.0674056902674009,0.00657727631074845,0.0159582170284738,0.00657727631074845,0.113343416142512,0.0685203081287785,0.0159582170284738,0.0685203081287785,0.0495362723034005,34.3432649217616,0.00619688307330679,0.0362,0,0.0692,0.01,0.203136,0.0997904,0.023302,0.0063786,0,0.235996,3.8,0.00673868,0.37515,0.0888888888888889,0,0.00628146,1.382,0,0.0661112,0.477386,0.345761666483293,0,1.44,12.1,0.4995,2.19,5.0784,2.49476,0.58255,0.159465,21.0035842293907,5.8999,95,0.168467,9.37875,0.41875,2.91300251256281,0.1570365,34.55,0.154861111111111,1.65278,11.93465,0.663542620071984,1,0.037761354590067,7.2493608402609e-11,0.33554204560074,1.08322981141486,0.387630001463128,1.12395948825633,0.49197397476715,0.116941370040857,1.32601343917181,0.86975064501522,14.926305971165,0.0506118819857661,3.88552556880721,0.21957546169713,6.58246702598952e-11,0.0286726329341234,8.47494283828582,0.0262250519838029,0.0995151236192236,8.61789905600272,0.355751752726122,0.816708454841973,50.7938233259691,86.8449175038687,157.129097546526,0.840239999999991,1.67175778546711
122,GA,500,1,0.115435766184651,3.94418598402665,4.64235150199378,5.19760658095589,0.0674056902674009,0.00657727631074845,0.0159582170284738,0.00657727631074845,0.113343416142512,0.0685203081287785,0.0159582170284738,0.0685203081287785,0.0495362723034005,34.3432649217616,0.00356504091663706,0.0362,0,0.0692,0.01,0.203136,0.0997904,0.023302,0.0063786,0,0.235996,3.8,0.00673868,0.37515,0.0888888888888889,0,0.00628146,1.382,0,0.0661112,0.477386,0.345761666483293,0,1.44,12.1,0.4995,2.19,5.0784,2.49476,0.58255,0.159465,21.0035842293907,5.8999,95,0.168467,9.37875,0.41875,2.91300251256281,0.1570365,34.55,0.154861111111111,1.65278,11.93465,0.663542620071984,1,0.0963648899694411,6.73875635045007e-14,0.355021858924853,0.84745896001386,0.387630001463128,0.348298741174201,0.49197397476715,0.131677227603176,1.86412874473012,0.949739540455731,78.5772389876033,0.070392396599646,4.41960985970513,0.228676870068848,2.8622614884644e-18,0.079657409189384,10.5087260359772,0.00132390400816407,0.654540642720568,8.01624434987282,0.490454352615833,0.816708454841973,51.9323413799554,85.4473667069035,156.556416471032,0.840239999999991,1.67175778546711
122,GA,500,0,0.115435766184651,3.94418598402665,4.64235150199378,5.19760658095589,0.0674056902674009,0.00657727631074845,0.0159582170284738,0.00657727631074845,0.113343416142512,0.0685203081287785,0.0159582170284738,0.0685203081287785,0.0495362723034005,34.3432649217616,0.00344152374977443,0.0362,0,0.0692,0.01,0.203136,0.0997904,0.023302,0.0063786,0,0.235996,3.8,0.00673868,0.37515,0.0888888888888889,0,0.00628146,1.382,0,0.0661112,0.477386,0.345761666483293,0,1.44,12.1,0.4995,2.19,5.0784,2.49476,0.58255,0.159465,21.0035842293907,5.8999,95,0.168467,9.37875,0.41875,2.91300251256281,0.1570365,34.55,0.154861111111111,1.65278,11.93465,0.663542620071984,1,0.0511071195324601,8.10806660247839e-17,0.0719554922018008,0.84745896001386,0.387630001463128,0.348298741174201,0.49197397476715,0.0576827980048167,1.86412874473012,0.949739540455731,14.926305971165,0.0192763124463403,4.41960985970513,0.21957546169713,0.109181512313709,0.079657409189384,10.5087260359772,0.00132390400816407,0.131666285412128,8.01624434987282,0.574096774166235,0.816708454841973,51.2884694409932,84.3738302470041,154.598077351603,0.840239999999991,1.67175778546711
122,GA,500,0,0.115435766184651,3.94418598402665,4.64235150199378,5.19760658095589,0.0674056902674009,0.00657727631074845,0.0159582170284738,0.00657727631074845,0.113343416142512,0.0685203081287785,0.0159582170284738,0.0685203081287785,0.0495362723034005,34.3432649217616,0.00344152374977443,0.0362,0,0.0692,0.01,0.203136,0.0997904,0.023302,0.0063786,0,0.235996,3.8,0.00673868,0.37515,0.0888888888888889,0,0.00628146,1.382,0,0.0661112,0.477386,0.345761666483293,0,1.44,12.1,0.4995,2.19,5.0784,2.49476,0.58255,0.159465,21.0035842293907,5.8999,95,0.168467,9.37875,0.41875,2.91300251256281,0.1570365,34.55,0.154861111111111,1.65278,11.93465,0.663542620071984,1,0.0511071195324601,8.10806660247839e-17,0.0719554922018008,0.84745896001386,0.387630001463128,0.348298741174201,0.49197397476715,0.0576827980048167,1.86412874473012,0.949739540455731,14.926305971165,0.0192763124463403,4.41960985970513,0.21957546169713,0.109181512313709,0.079657409189384,10.5087260359772,0.00132390400816407,0.131666285412128,8.01624434987282,0.574096774166235,0.816708454841973,51.2884694409932,84.3738302470041,154.598077351603,0.840239999999991,1.67175778546711
122,GA,500,0,0.115435766184651,3.94418598402665,4.64235150199378,5.19760658095589,0.0674056902674009,0.00657727631074845,0.0159582170284738,0.00657727631074845,0.113343416142512,0.0685203081287785,0.0159582170284738,0.0685203081287785,0.0495362723034005,34.3432649217616,1.18547463919605e-38,0.0362,0,0.0692,0.01,0.203136,0.0997904,0.023302,0.0063786,0,0.235996,3.8,0.00673868,0.37515,0.0888888888888889,0,0.00628146,1.382,0,0.0661112,0.477386,0.345761666483293,0,1.44,12.1,0.4995,2.19,5.0784,2.49476,0.58255,0.159465,21.0035842293907,5.8999,95,0.168467,9.37875,0.41875,2.91300251256281,0.1570365,34.55,0.154861111111111,1.65278,11.93465,0.663542620071984,1,0.287863162330782,4.24768382833096e-15,0.239919977357982,0.84745896001386,0.387630001463128,1.59285190205175,0.49197397476715,0.0576827980048167,0.833300095514468,1.44873097982681,14.926305971165,0.0192763124463403,4.41960985970513,0.21957546169713,3.81234982264063e-15,0.0175322492207075,11.7048172577826,2.56679370224842e-21,0.0844298921068291,6.57989961638323,0.484755499573509,0.816708454841973,52.0522633227589,126.298388569993,206.695438400983,0.840239999999991,1.67175778546711
122,GA,500,0,0.115435766184651,3.94418598402665,4.64235150199378,5.19760658095589,0.0674056902674009,0.00657727631074845,0.0159582170284738,0.00657727631074845,0.113343416142512,0.0685203081287785,0.0159582170284738,0.0685203081287785,0.0495362723034005,34.3432649217616,1.18547463919605e-38,0.0362,0,0.0692,0.01,0.203136,0.0997904,0.023302,0.0063786,0,0.235996,3.8,0.00673868,0.37515,0.0888888888888889,0,0.00628146,1.382,0,0.0661112,0.477386,0.345761666483293,0,1.44,12.1,0.4995,2.19,5.0784,2.49476,0.58255,0.159465,21.0035842293907,5.8999,95,0.168467,9.37875,0.41875,2.91300251256281,0.1570365,34.55,0.154861111111111,1.65278,11.93465,0.663542620071984,1,0.287863162330782,4.24768382833096e-15,0.239919977357982,0.84745896001386,0.387630001463128,1.59285190205175,0.49197397476715,0.0576827980048167,0.833300095514468,1.44873097982681,14.926305971165,0.0192763124463403,4.41960985970513,0.21957546169713,3.81234982264063e-15,0.0175322492207075,11.7048172577826,2.56679370224842e-21,0.0844298921068291,6.57989961638323,0.484755499573509,0.816708454841973,52.0522633227589,126.298388569993,206.695438400983,0.840239999999991,1.67175778546711
122,GA,500,0,0.115435766184651,3.94418598402665,4.64235150199378,5.19760658095589,0.0674056902674009,0.00657727631074845,0.0159582170284738,0.00657727631074845,0.113343416142512,0.0685203081287785,0.0159582170284738,0.0685203081287785,0.0495362723034005,34.3432649217616,1.18547463919605e-38,0.0362,0,0.0692,0.01,0.203136,0.0997904,0.023302,0.0063786,0,0.235996,3.8,0.00673868,0.37515,0.0888888888888889,0,0.00628146,1.382,0,0.0661112,0.477386,0.345761666483293,0,1.44,12.1,0.4995,2.19,5.0784,2.49476,0.58255,0.159465,21.0035842293907,5.8999,95,0.168467,9.37875,0.41875,2.91300251256281,0.1570365,34.55,0.154861111111111,1.65278,11.93465,0.663542620071984,1,0.287863162330782,4.24768382833096e-15,0.239919977357982,0.84745896001386,0.387630001463128,1.59285190205175,0.49197397476715,0.0576827980048167,0.833300095514468,1.44873097982681,14.926305971165,0.0192763124463403,4.41960985970513,0.21957546169713,3.81234982264063e-15,0.0175322492207075,11.7048172577826,2.56679370224842e-21,0.0844298921068291,6.57989961638323,0.484755499573509,0.816708454841973,52.0522633227589,126.298388569993,206.695438400983,0.840239999999991,1.67175778546711
122,GA,500,0,0.115435766184651,3.94418598402665,4.64235150199378,5.19760658095589,0.0674056902674009,0.00657727631074845,0.0159582170284738,0.00657727631074845,0.113343416142512,0.0685203081287785,0.0159582170284738,0.0685203081287785,0.0495362723034005,34.3432649217616,0.00915759183456041,0.0362,0,0.0692,0.01,0.203136,0.0997904,0.023302,0.0063786,0,0.235996,3.8,0.00673868,0.37515,0.0888888888888889,0,0.00628146,1.382,0,0.0661112,0.477386,0.345761666483293,0,1.44,12.1,0.4995,2.19,5.0784,2.49476,0.58255,0.159465,21.0035842293907,5.8999,95,0.168467,9.37875,0.41875,2.91300251256281,0.1570365,34.55,0.154861111111111,1.65278,11.93465,0.663542620071984,1,0.37761354590067,1.37299261608059e-14,0.106675703561767,1.08322981141486,0.374289070832957,0.882600469421692,0.49197397476715,0.116941370040857,3.27346768517959,0.86975064501522,29.8814900960205,0.0506118819857661,3.88552556880721,0.100114832399319,6.58246702598952e-11,0.048471069776101,7.07573438608025,0.0262250519838029,0.0672498050960735,1.3464119620812,0.355751752726122,0.816708454841973,52.7871397205898,83.5600815866657,155.100371683927,0.840239999999991,1.67175778546711
122,GA,500,0,0.115435766184651,3.94418598402665,4.64235150199378,5.19760658095589,0.0674056902674009,0.00657727631074845,0.0159582170284738,0.00657727631074845,0.113343416142512,0.0685203081287785,0.0159582170284738,0.0685203081287785,0.0495362723034005,34.3432649217616,0.00487695363654378,0.0362,0,0.0692,0.01,0.203136,0.0997904,0.023302,0.0063786,0,0.235996,3.8,0.00673868,0.37515,0.0888888888888889,0,0.00628146,1.382,0,0.0661112,0.477386,0.345761666483293,0,1.44,12.1,0.4995,2.19,5.0784,2.49476,0.58255,0.159465,21.0035842293907,5.8999,95,0.168467,9.37875,0.41875,2.91300251256281,0.1570365,34.55,0.154861111111111,1.65278,11.93465,0.663542620071984,1,0.37761354590067,7.2493608402609e-11,0.33554204560074,1.08322981141486,0.387630001463128,1.12395948825633,0.49197397476715,0.116941370040857,1.32601343917181,0.86975064501522,14.926305971165,0.0506118819857661,3.88552556880721,0.21957546169713,6.58246702598952e-11,0.0286726329341234,8.47494283828582,0.00262250519838029,0.0995151236192236,8.61789905600272,0.355751752726122,0.816708454841973,51.9526389113621,132.488292328007,214.174900163259,0.840239999999991,1.67175778546711
122,GA,500,1,0.115435766184651,3.94418598402665,4.64235150199378,5.19760658095589,0.0674056902674009,0.00657727631074845,0.0159582170284738,0.00657727631074845,0.113343416142512,0.0685203081287785,0.0159582170284738,0.0685203081287785,0.0495362723034005,34.3432649217616,0.0353833760775818,0.0362,0,0.0692,0.01,0.203136,0.0997904,0.023302,0.0063786,0,0.235996,3.8,0.00673868,0.37515,0.0888888888888889,0,0.00628146,1.382,0,0.0661112,0.477386,0.345761666483293,0,1.44,12.1,0.4995,2.19,5.0784,2.49476,0.58255,0.159465,21.0035842293907,5.8999,95,0.168467,9.37875,0.41875,2.91300251256281,0.1570365,34.55,0.154861111111111,1.65278,11.93465,0.663542620071984,1,1.02498647206923,0.00151436833643606,0.379716216609904,0.0517871861509779,0.690418307525937,1.4598632802406,0.437382911035942,0.0264070031377125,6.31551340487285,4.58086460011602,14.926305971165,0.00755831142951199,1.91973779390975,0.21957546169713,0.809494118959263,0.086256088462891,15.4309180351339,3.97448770837526e-17,0.995151236192236,0.923961129042611,0.574096774166235,0.816708454841973,61.786971911715,93.0749868818505,175.750512181247,0.840239999999991,1.67175778546711
122,GA,500,1,0.115435766184651,3.94418598402665,4.64235150199378,5.19760658095589,0.0674056902674009,0.00657727631074845,0.0159582170284738,0.00657727631074845,0.113343416142512,0.0685203081287785,0.0159582170284738,0.0685203081287785,0.0495362723034005,34.3432649217616,0.0502192613258501,0.0362,0,0.0692,0.01,0.203136,0.0997904,0.023302,0.0063786,0,0.235996,3.8,0.00673868,0.37515,0.0888888888888889,0,0.00628146,1.382,0,0.0661112,0.477386,0.345761666483293,0,1.44,12.1,0.4995,2.19,5.0784,2.49476,0.58255,0.159465,21.0035842293907,5.8999,95,0.168467,9.37875,0.41875,2.91300251256281,0.1570365,34.55,0.154861111111111,1.65278,11.93465,0.663542620071984,1,0.0511071195324601,1.37299261608059e-14,0.239919977357982,0.84745896001386,0.387630001463128,1.12395948825633,0.49197397476715,0.14687482971743,1.32601343917181,5.2512445221487,14.926305971165,0.0192763124463403,4.41960985970513,0.21957546169713,2.07860579025522e-07,0.0175322492207075,10.5087260359772,0.0262250519838029,0.189665733937792,8.01624434987282,0.369146955385249,0.816708454841973,44.2950785016391,125.387503783767,197.822941523491,0.840239999999991,1.67175778546711
122,GA,500,1,0.115435766184651,3.94418598402665,4.64235150199378,5.19760658095589,0.0674056902674009,0.00657727631074845,0.0159582170284738,0.00657727631074845,0.113343416142512,0.0685203081287785,0.0159582170284738,0.0685203081287785,0.0495362723034005,34.3432649217616,0.0542679463179478,0.0362,0,0.0692,0.01,0.203136,0.0997904,0.023302,0.0063786,0,0.235996,3.8,0.00673868,0.37515,0.0888888888888889,0,0.00628146,1.382,0,0.0661112,0.477386,0.345761666483293,0,1.44,12.1,0.4995,2.19,5.0784,2.49476,0.58255,0.159465,21.0035842293907,5.8999,95,0.168467,9.37875,0.41875,2.91300251256281,0.1570365,34.55,0.154861111111111,1.65278,11.93465,0.663542620071984,1,0.287863162330782,7.2493608402609e-11,0.33554204560074,0.84745896001386,0.387630001463128,1.12395948825633,0.49197397476715,0.116941370040857,1.32601343917181,1.44873097982681,14.926305971165,0.0506118819857661,4.41960985970513,0.21957546169713,3.81234982264063e-15,0.0286726329341234,8.47494283828582,2.56679370224842e-21,0.0995151236192236,6.57989961638323,0.355751752726122,0.816708454841973,42.7278952022116,112.009668400873,179.87557346709,0.840239999999991,1.67175778546711
122,GA,500,1,0.115435766184651,3.94418598402665,4.64235150199378,5.19760658095589,0.0674056902674009,0.00657727631074845,0.0159582170284738,0.00657727631074845,0.113343416142512,0.0685203081287785,0.0159582170284738,0.0685203081287785,0.0495362723034005,34.3432649217616,0.0306408305809606,0.0362,0,0.0692,0.01,0.203136,0.0997904,0.023302,0.0063786,0,0.235996,3.8,0.00673868,0.37515,0.0888888888888889,0,0.00628146,1.382,0,0.0661112,0.477386,0.345761666483293,0,1.44,12.1,0.4995,2.19,5.0784,2.49476,0.58255,0.159465,21.0035842293907,5.8999,95,0.168467,9.37875,0.41875,2.91300251256281,0.1570365,34.55,0.154861111111111,1.65278,11.93465,0.663542620071984,1,0.410149823864621,3.61600277846288e-07,0.41552131248852,0.0157587581807599,0.469519354492623,0.284326953286384,0.0827906407855193,0.0109070086519886,4.37977534906498,0.73696662959153,43.2239949899609,0.141506926749212,3.17679634748729,0.12647110200761,0.0126020088799756,0.0526130498408523,9.30084855605617,2.40864795349839e-06,0.19376486332315,6.55857546741764,0.375849078759741,0.758511957981166,51.2993927417222,114.735832058573,202.563760892161,0.840239999999991,1.67175778546711
122,GA,500,1,0.115435766184651,3.94418598402665,4.64235150199378,5.19760658095589,0.0674056902674009,0.00657727631074845,0.0159582170284738,0.00657727631074845,0.113343416142512,0.0685203081287785,0.0159582170284738,0.0685203081287785,0.0495362723034005,34.3432649217616,0.0207616412293004,0.0362,0,0.0692,0.01,0.203136,0.0997904,0.023302,0.0063786,0,0.235996,3.8,0.00673868,0.37515,0.0888888888888889,0,0.00628146,1.382,0,0.0661112,0.477386,0.345761666483293,0,1.44,12.1,0.4995,2.19,5.0784,2.49476,0.58255,0.159465,21.0035842293907,5.8999,95,0.168467,9.37875,0.41875,2.91300251256281,0.1570365,34.55,0.154861111111111,1.65278,11.93465,0.663542620071984,1,0.565345632751188,7.2493608402609e-11,0.189762045018331,1.42344557998578,0.387630001463128,0.585055453091574,0.49197397476715,0.116941370040857,0.148496979060524,0.86975064501522,11.4050027216216,0.0506118819857661,3.88552556880721,0.21957546169713,6.58246702598952e-11,0.0286726329341234,8.47494283828582,0.0262250519838029,0.0995151236192236,8.61789905600272,0.355751752726122,0.816708454841973,44.4270272925239,119.448377165047,190.682862476891,0.840239999999991,1.67175778546711
122,GA,500,0,0.115435766184651,3.94418598402665,4.64235150199378,5.19760658095589,0.0674056902674009,0.00657727631074845,0.0159582170284738,0.00657727631074845,0.113343416142512,0.0685203081287785,0.0159582170284738,0.0685203081287785,0.0495362723034005,34.3432649217616,1.56903822975343e-37,0.0362,0,0.0692,0.01,0.203136,0.0997904,0.023302,0.0063786,0,0.235996,3.8,0.00673868,0.37515,0.0888888888888889,0,0.00628146,1.382,0,0.0661112,0.477386,0.345761666483293,0,1.44,12.1,0.4995,2.19,5.0784,2.49476,0.58255,0.159465,21.0035842293907,5.8999,95,0.168467,9.37875,0.41875,2.91300251256281,0.1570365,34.55,0.154861111111111,1.65278,11.93465,0.663542620071984,1,0.037761354590067,1.37299261608059e-13,0.106675703561767,1.08322981141486,0.387630001463128,1.12395948825633,0.41732765724745,0.14687482971743,1.32601343917181,1.04379568744073,5.98824209110219,0.0648923444862926,4.41960985970513,0.112671916743538,2.07860579025522e-07,0.0134012083767732,10.5087260359772,0.0262250519838029,0.189665733937792,2.09251736849333,0.369146955385249,0.816708454841973,50.579060395238,83.09110386792,152.318063310296,0.840239999999991,1.67175778546711
122,GA,500,0,0.115435766184651,3.94418598402665,4.64235150199378,5.19760658095589,0.0674056902674009,0.00657727631074845,0.0159582170284738,0.00657727631074845,0.113343416142512,0.0685203081287785,0.0159582170284738,0.0685203081287785,0.0495362723034005,34.3432649217616,1.20014920961345e-37,0.0362,0,0.0692,0.01,0.203136,0.0997904,0.023302,0.0063786,0,0.235996,3.8,0.00673868,0.37515,0.0888888888888889,0,0.00628146,1.382,0,0.0661112,0.477386,0.345761666483293,0,1.44,12.1,0.4995,2.19,5.0784,2.49476,0.58255,0.159465,21.0035842293907,5.8999,95,0.168467,9.37875,0.41875,2.91300251256281,0.1570365,34.55,0.154861111111111,1.65278,11.93465,0.663542620071984,1,0.037761354590067,1.37299261608059e-14,0.106675703561767,1.08322981141486,0.387630001463128,1.12395948825633,0.41732765724745,0.14687482971743,1.32601343917181,1.04379568744073,5.98824209110219,0.0648923444862926,4.41960985970513,0.112671916743538,2.07860579025522e-07,0.0134012083767732,10.5087260359772,0.0262250519838029,0.189665733937792,2.09251736849333,0.369146955385249,0.816708454841973,50.5790603952378,83.0911038679147,152.318063310289,0.840239999999991,1.67175778546711
122,GA,500,0,0.115435766184651,3.94418598402665,4.64235150199378,5.19760658095589,0.0674056902674009,0.00657727631074845,0.0159582170284738,0.00657727631074845,0.113343416142512,0.0685203081287785,0.0159582170284738,0.0685203081287785,0.0495362723034005,34.3432649217616,1.20014920961345e-37,0.0362,0,0.0692,0.01,0.203136,0.0997904,0.023302,0.0063786,0,0.235996,3.8,0.00673868,0.37515,0.0888888888888889,0,0.00628146,1.382,0,0.0661112,0.477386,0.345761666483293,0,1.44,12.1,0.4995,2.19,5.0784,2.49476,0.58255,0.159465,21.0035842293907,5.8999,95,0.168467,9.37875,0.41875,2.91300251256281,0.1570365,34.55,0.154861111111111,1.65278,11.93465,0.663542620071984,1,0.037761354590067,1.37299261608059e-14,0.106675703561767,1.08322981141486,0.387630001463128,1.12395948825633,0.41732765724745,0.14687482971743,1.32601343917181,1.04379568744073,5.98824209110219,0.0648923444862926,4.41960985970513,0.112671916743538,2.07860579025522e-07,0.0134012083767732,10.5087260359772,0.0262250519838029,0.189665733937792,2.09251736849333,0.369146955385249,0.816708454841973,50.5790603952378,83.0911038679147,152.318063310289,0.840239999999991,1.67175778546711
122,GA,500,0,0.115435766184651,3.94418598402665,4.64235150199378,5.19760658095589,0.0674056902674009,0.00657727631074845,0.0159582170284738,0.00657727631074845,0.113343416142512,0.0685203081287785,0.0159582170284738,0.0685203081287785,0.0495362723034005,34.3432649217616,1.20014920961345e-37,0.0362,0,0.0692,0.01,0.203136,0.0997904,0.023302,0.0063786,0,0.235996,3.8,0.00673868,0.37515,0.0888888888888889,0,0.00628146,1.382,0,0.0661112,0.477386,0.345761666483293,0,1.44,12.1,0.4995,2.19,5.0784,2.49476,0.58255,0.159465,21.0035842293907,5.8999,95,0.168467,9.37875,0.41875,2.91300251256281,0.1570365,34.55,0.154861111111111,1.65278,11.93465,0.663542620071984,1,0.037761354590067,1.37299261608059e-14,0.106675703561767,1.08322981141486,0.387630001463128,1.12395948825633,0.41732765724745,0.14687482971743,1.32601343917181,1.04379568744073,5.98824209110219,0.0648923444862926,4.41960985970513,0.112671916743538,2.07860579025522e-07,0.0134012083767732,10.5087260359772,0.0262250519838029,0.189665733937792,2.09251736849333,0.369146955385249,0.816708454841973,50.5790603952378,83.0911038679147,152.318063310289,0.840239999999991,1.67175778546711
122,GA,500,0,0.115435766184651,3.94418598402665,4.64235150199378,5.19760658095589,0.0674056902674009,0.00657727631074845,0.0159582170284738,0.00657727631074845,0.113343416142512,0.0685203081287785,0.0159582170284738,0.0685203081287785,0.0495362723034005,34.3432649217616,0.000588850229265843,0.0362,0,0.0692,0.01,0.203136,0.0997904,0.023302,0.0063786,0,0.235996,3.8,0.00673868,0.37515,0.0888888888888889,0,0.00628146,1.382,0,0.0661112,0.477386,0.345761666483293,0,1.44,12.1,0.4995,2.19,5.0784,2.49476,0.58255,0.159465,21.0035842293907,5.8999,95,0.168467,9.37875,0.41875,2.91300251256281,0.1570365,34.55,0.154861111111111,1.65278,11.93465,0.663542620071984,1,0.037761354590067,1.37299261608059e-14,0.106675703561767,1.08322981141486,0.387630001463128,1.12395948825633,0.41732765724745,0.14687482971743,1.32601343917181,1.04379568744073,5.98824209110219,0.0648923444862926,4.41960985970513,0.112671916743538,2.07860579025522e-07,0.134012083767732,10.5087260359772,0.0262250519838029,0.189665733937792,2.09251736849333,0.369146955385249,0.816708454841973,51.1191257023691,82.4696511953467,152.097205097058,0.840239999999991,1.67175778546711
122,GA,500,0,0.115435766184651,3.94418598402665,4.64235150199378,5.19760658095589,0.0674056902674009,0.00657727631074845,0.0159582170284738,0.00657727631074845,0.113343416142512,0.0685203081287785,0.0159582170284738,0.0685203081287785,0.0495362723034005,34.3432649217616,0.000939483668232287,0.0362,0,0.0692,0.01,0.203136,0.0997904,0.023302,0.0063786,0,0.235996,3.8,0.00673868,0.37515,0.0888888888888889,0,0.00628146,1.382,0,0.0661112,0.477386,0.345761666483293,0,1.44,12.1,0.4995,2.19,5.0784,2.49476,0.58255,0.159465,21.0035842293907,5.8999,95,0.168467,9.37875,0.41875,2.91300251256281,0.1570365,34.55,0.154861111111111,1.65278,11.93465,0.663542620071984,1,0.37761354590067,1.37299261608059e-14,0.106675703561767,1.08322981141486,0.387630001463128,1.12395948825633,0.41732765724745,0.14687482971743,1.32601343917181,1.04379568744073,5.98824209110219,0.0648923444862926,4.41960985970513,0.112671916743538,2.07860579025522e-07,0.0134012083767732,10.5087260359772,0.00262250519838029,0.189665733937792,2.09251736849333,0.369146955385249,0.816708454841973,50.7608098960147,133.789312300348,214.576075315588,0.840239999999991,1.67175778546711
122,GA,500,1,0.115435766184651,3.94418598402665,4.64235150199378,5.19760658095589,0.0674056902674009,0.00657727631074845,0.0159582170284738,0.00657727631074845,0.113343416142512,0.0685203081287785,0.0159582170284738,0.0685203081287785,0.0495362723034005,34.3432649217616,0.063454489028172,0.0362,0,0.0692,0.01,0.203136,0.0997904,0.023302,0.0063786,0,0.235996,3.8,0.00673868,0.37515,0.0888888888888889,0,0.00628146,1.382,0,0.0661112,0.477386,0.345761666483293,0,1.44,12.1,0.4995,2.19,5.0784,2.49476,0.58255,0.159465,21.0035842293907,5.8999,95,0.168467,9.37875,0.41875,2.91300251256281,0.1570365,34.55,0.154861111111111,1.65278,11.93465,0.663542620071984,1,0.37761354590067,1.37299261608059e-14,0.390952463826241,0.0157587581807599,0.746696478864772,0.907940817336472,0.0827906407855193,0.14687482971743,4.37977534906498,0.73696662959153,25.0934955521434,0.0648923444862926,4.41960985970513,0.112671916743538,2.07860579025522e-07,0.0134012083767732,9.30084855605617,0.0262250519838029,0.189665733937792,2.73694831976921,0.378537585475765,0.816708454841973,45.7906611865306,129.083556835067,203.844071886244,0.840239999999991,1.67175778546711
122,GA,500,1,0.115435766184651,3.94418598402665,4.64235150199378,5.19760658095589,0.0674056902674009,0.00657727631074845,0.0159582170284738,0.00657727631074845,0.113343416142512,0.0685203081287785,0.0159582170284738,0.0685203081287785,0.0495362723034005,34.3432649217616,0.0144112151889951,0.0362,0,0.0692,0.01,0.203136,0.0997904,0.023302,0.0063786,0,0.235996,3.8,0.00673868,0.37515,0.0888888888888889,0,0.00628146,1.382,0,0.0661112,0.477386,0.345761666483293,0,1.44,12.1,0.4995,2.19,5.0784,2.49476,0.58255,0.159465,21.0035842293907,5.8999,95,0.168467,9.37875,0.41875,2.91300251256281,0.1570365,34.55,0.154861111111111,1.65278,11.93465,0.663542620071984,1,0.37761354590067,7.2493608402609e-11,0.33554204560074,1.08322981141486,0.387630001463128,1.12395948825633,0.49197397476715,0.116941370040857,1.32601343917181,0.86975064501522,14.926305971165,0.0506118819857661,3.88552556880721,0.21957546169713,6.58246702598952e-11,0.0134012083767732,10.5087260359772,0.0262250519838029,0.995151236192236,8.61789905600272,0.355751752726122,0.816708454841973,60.2053585249531,126.669727591787,215.303211180705,0.840239999999991,1.67175778546711
122,GA,500,1,0.115435766184651,3.94418598402665,4.64235150199378,5.19760658095589,0.0674056902674009,0.00657727631074845,0.0159582170284738,0.00657727631074845,0.113343416142512,0.0685203081287785,0.0159582170284738,0.0685203081287785,0.0495362723034005,34.3432649217616,0.0137795061187222,0.0362,0,0.0692,0.01,0.203136,0.0997904,0.023302,0.0063786,0,0.235996,3.8,0.00673868,0.37515,0.0888888888888889,0,0.00628146,1.382,0,0.0661112,0.477386,0.345761666483293,0,1.44,12.1,0.4995,2.19,5.0784,2.49476,0.58255,0.159465,21.0035842293907,5.8999,95,0.168467,9.37875,0.41875,2.91300251256281,0.1570365,34.55,0.154861111111111,1.65278,11.93465,0.663542620071984,1,0.037761354590067,7.2493608402609e-11,0.33554204560074,1.08322981141486,0.387630001463128,1.12395948825633,0.49197397476715,0.116941370040857,0.132601343917181,0.86975064501522,14.926305971165,0.0506118819857661,3.88552556880721,0.21957546169713,6.58246702598952e-11,0.0286726329341234,8.47494283828582,0.0262250519838029,0.995151236192236,8.61789905600272,0.355751752726122,0.816708454841973,42.4277390402818,100.720629372577,165.752811500889,0.840239999999991,1.67175778546711
122,GA,500,1,0.115435766184651,3.94418598402665,4.64235150199378,5.19760658095589,0.0674056902674009,0.00657727631074845,0.0159582170284738,0.00657727631074845,0.113343416142512,0.0685203081287785,0.0159582170284738,0.0685203081287785,0.0495362723034005,34.3432649217616,0.0152181668306503,0.0362,0,0.0692,0.01,0.203136,0.0997904,0.023302,0.0063786,0,0.235996,3.8,0.00673868,0.37515,0.0888888888888889,0,0.00628146,1.382,0,0.0661112,0.477386,0.345761666483293,0,1.44,12.1,0.4995,2.19,5.0784,2.49476,0.58255,0.159465,21.0035842293907,5.8999,95,0.168467,9.37875,0.41875,2.91300251256281,0.1570365,34.55,0.154861111111111,1.65278,11.93465,0.663542620071984,1,0.144669546263794,1.37299261608059e-14,0.106675703561767,1.76975239238623,0.374289070832957,0.877964643016063,0.363370562140442,0.0182177042265205,10.8926309164505,0.512485638195356,29.8814900960205,0.0168368221923206,7.64120532859623,0.117209212239949,0.809494118959263,0.0696884144628491,7.07573438608025,2.13209485737777e-16,0.0672498050960735,3.36791779424044,0.459244421647998,0.816708454841973,43.3679362380303,97.8453866353516,163.172483448557,0.840239999999991,1.67175778546711
122,GA,500,0,0.115435766184651,3.94418598402665,4.64235150199378,5.19760658095589,0.0674056902674009,0.00657727631074845,0.0159582170284738,0.00657727631074845,0.113343416142512,0.0685203081287785,0.0159582170284738,0.0685203081287785,0.0495362723034005,34.3432649217616,0.00168310993595883,0.0362,0,0.0692,0.01,0.203136,0.0997904,0.023302,0.0063786,0,0.235996,3.8,0.00673868,0.37515,0.0888888888888889,0,0.00628146,1.382,0,0.0661112,0.477386,0.345761666483293,0,1.44,12.1,0.4995,2.19,5.0784,2.49476,0.58255,0.159465,21.0035842293907,5.8999,95,0.168467,9.37875,0.41875,2.91300251256281,0.1570365,34.55,0.154861111111111,1.65278,11.93465,0.663542620071984,1,0.037761354590067,0.0407030605080074,0.0922905918866788,0.31372222991623,0.387630001463128,0.939708245687775,0.097934203319603,0.0811289049218722,1.32601343917181,5.7855760820609,16.1303944971699,0.0284985469324587,2.34798956018445,0.33351382135523,6.58246702598952e-11,0.0419624213342695,10.5087260359772,0.0262250519838029,0.284731067876803,2.38904128415442,0.574096774166235,0.816708454841973,50.1149498621857,132.808743762282,212.729580548211,0.840239999999991,1.67175778546711
122,GA,500,0,0.115435766184651,3.94418598402665,4.64235150199378,5.19760658095589,0.0674056902674009,0.00657727631074845,0.0159582170284738,0.00657727631074845,0.113343416142512,0.0685203081287785,0.0159582170284738,0.0685203081287785,0.0495362723034005,34.3432649217616,0.00538637620534101,0.0362,0,0.0692,0.01,0.203136,0.0997904,0.023302,0.0063786,0,0.235996,3.8,0.00673868,0.37515,0.0888888888888889,0,0.00628146,1.382,0,0.0661112,0.477386,0.345761666483293,0,1.44,12.1,0.4995,2.19,5.0784,2.49476,0.58255,0.159465,21.0035842293907,5.8999,95,0.168467,9.37875,0.41875,2.91300251256281,0.1570365,34.55,0.154861111111111,1.65278,11.93465,0.663542620071984,1,0.508871063422381,1.37299261608059e-14,0.106675703561767,1.08322981141486,0.374289070832957,1.02099603855866,0.49197397476715,0.0811289049218722,5.0164151770343,0.512485638195356,25.4442697678591,0.0481444305343451,4.41960985970513,0.21957546169713,6.58246702598952e-11,0.121417845926654,8.33768186817541,2.78007485422863e-12,0.494334151489724,6.8839903158064,0.368178919942555,0.816708454841973,64.1734958717096,104.925665765822,192.647329029375,0.840239999999991,1.67175778546711
122,GA,500,0,0.115435766184651,3.94418598402665,4.64235150199378,5.19760658095589,0.0674056902674009,0.00657727631074845,0.0159582170284738,0.00657727631074845,0.113343416142512,0.0685203081287785,0.0159582170284738,0.0685203081287785,0.0495362723034005,34.3432649217616,0.00538637620534101,0.0362,0,0.0692,0.01,0.203136,0.0997904,0.023302,0.0063786,0,0.235996,3.8,0.00673868,0.37515,0.0888888888888889,0,0.00628146,1.382,0,0.0661112,0.477386,0.345761666483293,0,1.44,12.1,0.4995,2.19,5.0784,2.49476,0.58255,0.159465,21.0035842293907,5.8999,95,0.168467,9.37875,0.41875,2.91300251256281,0.1570365,34.55,0.154861111111111,1.65278,11.93465,0.663542620071984,1,0.508871063422381,1.37299261608059e-14,0.106675703561767,1.08322981141486,0.374289070832957,1.02099603855866,0.49197397476715,0.0811289049218722,5.0164151770343,0.512485638195356,25.4442697678591,0.0481444305343451,4.41960985970513,0.21957546169713,6.58246702598952e-11,0.121417845926654,8.33768186817541,2.78007485422863e-12,0.494334151489724,6.8839903158064,0.368178919942555,0.816708454841973,64.1734958717096,104.925665765822,192.647329029375,0.840239999999991,1.67175778546711
122,GA,500,0,0.115435766184651,3.94418598402665,4.64235150199378,5.19760658095589,0.0674056902674009,0.00657727631074845,0.0159582170284738,0.00657727631074845,0.113343416142512,0.0685203081287785,0.0159582170284738,0.0685203081287785,0.0495362723034005,34.3432649217616,0.0239333917359147,0.0362,0,0.0692,0.01,0.203136,0.0997904,0.023302,0.0063786,0,0.235996,3.8,0.00673868,0.37515,0.0888888888888889,0,0.00628146,1.382,0,0.0661112,0.477386,0.345761666483293,0,1.44,12.1,0.4995,2.19,5.0784,2.49476,0.58255,0.159465,21.0035842293907,5.8999,95,0.168467,9.37875,0.41875,2.91300251256281,0.1570365,34.55,0.154861111111111,1.65278,11.93465,0.663542620071984,1,0.115541569884737,3.61600277846288e-07,0.203896073486881,0.0157587581807599,0.746696478864772,0.428078780926549,0.0894073397692752,0.0419109649742696,4.37977534906498,0.73696662959153,4.48230758670022,0.0261770756325833,3.17679634748729,0.12647110200761,0.0126020088799756,0.0306966742281059,6.71436540649594,5.70149887400548e-19,0.989112365061969,6.07119894852393,0.397212721359864,0.758511957981166,40.7937778188676,101.986556679441,175.249873871573,0.840239999999991,1.67175778546711
122,GA,500,1,0.115435766184651,3.94418598402665,4.64235150199378,5.19760658095589,0.0674056902674009,0.00657727631074845,0.0159582170284738,0.00657727631074845,0.113343416142512,0.0685203081287785,0.0159582170284738,0.0685203081287785,0.0495362723034005,34.3432649217616,0.0874735214875303,0.0362,0,0.0692,0.01,0.203136,0.0997904,0.023302,0.0063786,0,0.235996,3.8,0.00673868,0.37515,0.0888888888888889,0,0.00628146,1.382,0,0.0661112,0.477386,0.345761666483293,0,1.44,12.1,0.4995,2.19,5.0784,2.49476,0.58255,0.159465,21.0035842293907,5.8999,95,0.168467,9.37875,0.41875,2.91300251256281,0.1570365,34.55,0.154861111111111,1.65278,11.93465,0.663542620071984,1,0.292211380982019,3.93122029552588e-11,0.387256579318288,0.0111716251109195,0.214057723478521,0.188436720713881,0.287536387826893,0.0290641936029833,0.902729726324859,0.418543403657122,70.0497273193043,0.0105921287437631,2.57399092119332,0.178870170410358,0.000219908243165938,0.031262452364918,7.46525442745907,4.93547974010387e-14,1.17180976904066,7.16367278951965,0.396777409476942,0.738944088036658,57.1649508627587,92.0753961523637,181.768960344726,0.840239999999991,1.67175778546711
122,GA,500,1,0.115435766184651,3.94418598402665,4.64235150199378,5.19760658095589,0.0674056902674009,0.00657727631074845,0.0159582170284738,0.00657727631074845,0.113343416142512,0.0685203081287785,0.0159582170284738,0.0685203081287785,0.0495362723034005,34.3432649217616,0.071413797665785,0.0362,0,0.0692,0.01,0.203136,0.0997904,0.023302,0.0063786,0,0.235996,3.8,0.00673868,0.37515,0.0888888888888889,0,0.00628146,1.382,0,0.0661112,0.477386,0.345761666483293,0,1.44,12.1,0.4995,2.19,5.0784,2.49476,0.58255,0.159465,21.0035842293907,5.8999,95,0.168467,9.37875,0.41875,2.91300251256281,0.1570365,34.55,0.154861111111111,1.65278,11.93465,0.663542620071984,1,0.0511071195324601,8.10806660247839e-17,0.0719554922018008,0.84745896001386,0.387630001463128,1.12732700827361,0.437382911035942,0.0897190927538993,1.86412874473012,1.03190819292072,14.926305971165,0.03980139721935,1.84372375367389,0.142241787673626,0.109181512313709,0.079657409189384,6.01660845173245,0.00132390400816407,0.131666285412128,8.01624434987282,0.574096774166235,0.816708454841973,53.4734881642677,78.2481469593991,149.282643188308,0.840239999999991,1.67175778546711
122,GA,500,1,0.115435766184651,3.94418598402665,4.64235150199378,5.19760658095589,0.0674056902674009,0.00657727631074845,0.0159582170284738,0.00657727631074845,0.113343416142512,0.0685203081287785,0.0159582170284738,0.0685203081287785,0.0495362723034005,34.3432649217616,0.0566332345444788,0.0362,0,0.0692,0.01,0.203136,0.0997904,0.023302,0.0063786,0,0.235996,3.8,0.00673868,0.37515,0.0888888888888889,0,0.00628146,1.382,0,0.0661112,0.477386,0.345761666483293,0,1.44,12.1,0.4995,2.19,5.0784,2.49476,0.58255,0.159465,21.0035842293907,5.8999,95,0.168467,9.37875,0.41875,2.91300251256281,0.1570365,34.55,0.154861111111111,1.65278,11.93465,0.663542620071984,1,0.37761354590067,1.37299261608059e-14,0.106675703561767,1.08322981141486,0.387630001463128,1.12395948825633,0.49197397476715,0.0811289049218722,1.32601343917181,1.04379568744073,5.98824209110219,0.0367623215560257,4.41960985970513,0.112671916743538,6.58246702598952e-11,0.0134012083767732,10.5087260359772,0.0262250519838029,0.0672498050960735,4.09456305560179,0.369146955385249,0.816708454841973,52.015029075806,77.9958461587622,147.515260151354,0.840239999999991,1.67175778546711
122,GA,500,1,0.115435766184651,3.94418598402665,4.64235150199378,5.19760658095589,0.0674056902674009,0.00657727631074845,0.0159582170284738,0.00657727631074845,0.113343416142512,0.0685203081287785,0.0159582170284738,0.0685203081287785,0.0495362723034005,34.3432649217616,0.0293868172288463,0.0362,0,0.0692,0.01,0.203136,0.0997904,0.023302,0.0063786,0,0.235996,3.8,0.00673868,0.37515,0.0888888888888889,0,0.00628146,1.382,0,0.0661112,0.477386,0.345761666483293,0,1.44,12.1,0.4995,2.19,5.0784,2.49476,0.58255,0.159465,21.0035842293907,5.8999,95,0.168467,9.37875,0.41875,2.91300251256281,0.1570365,34.55,0.154861111111111,1.65278,11.93465,0.663542620071984,1,0.324374903531886,1.81244663579821e-07,0.0836585387309045,1.08322981141486,1.1517193920821,2.12545136907206,0.49197397476715,0.102229551717247,1.44869697039308,2.89483211803682,89.9211400930517,0.0377011057373636,4.16920699101323,0.21957546169713,2.1650303900495e-14,0.00936440295194993,8.47494283828582,2.56931982711824e-15,1.38665507670855,1.6210704715016,0.355751752726122,0.816708454841973,41.2736463469425,127.319730451789,197.167380147487,0.840239999999991,1.67175778546711
122,GA,500,0,0.115435766184651,3.94418598402665,4.64235150199378,5.19760658095589,0.0674056902674009,0.00657727631074845,0.0159582170284738,0.00657727631074845,0.113343416142512,0.0685203081287785,0.0159582170284738,0.0685203081287785,0.0495362723034005,34.3432649217616,0.000668355490030957,0.0362,0,0.0692,0.01,0.203136,0.0997904,0.023302,0.0063786,0,0.235996,3.8,0.00673868,0.37515,0.0888888888888889,0,0.00628146,1.382,0,0.0661112,0.477386,0.345761666483293,0,1.44,12.1,0.4995,2.19,5.0784,2.49476,0.58255,0.159465,21.0035842293907,5.8999,95,0.168467,9.37875,0.41875,2.91300251256281,0.1570365,34.55,0.154861111111111,1.65278,11.93465,0.663542620071984,1,0.37761354590067,0.000181454098040417,0.106675703561767,1.08322981141486,0.387630001463128,1.12395948825633,0.49197397476715,0.12758690135907,1.32601343917181,0.512485638195356,14.926305971165,0.0506118819857661,2.65320590739658,0.21957546169713,6.58246702598952e-11,0.0286726329341234,8.47494283828582,0.0262250519838029,0.995151236192236,2.09251736849333,0.574096774166235,0.816708454841973,63.4508024742477,118.624033449237,208.697288837843,0.840239999999991,1.67175778546711
122,GA,500,0,0.115435766184651,3.94418598402665,4.64235150199378,5.19760658095589,0.0674056902674009,0.00657727631074845,0.0159582170284738,0.00657727631074845,0.113343416142512,0.0685203081287785,0.0159582170284738,0.0685203081287785,0.0495362723034005,34.3432649217616,0.00208328232903785,0.0362,0,0.0692,0.01,0.203136,0.0997904,0.023302,0.0063786,0,0.235996,3.8,0.00673868,0.37515,0.0888888888888889,0,0.00628146,1.382,0,0.0661112,0.477386,0.345761666483293,0,1.44,12.1,0.4995,2.19,5.0784,2.49476,0.58255,0.159465,21.0035842293907,5.8999,95,0.168467,9.37875,0.41875,2.91300251256281,0.1570365,34.55,0.154861111111111,1.65278,11.93465,0.663542620071984,1,0.144669546263794,7.27063522632166e-19,0.106675703561767,0.0289421076891565,0.20489224866786,0.408941158666186,0.206610743288249,0.0811289049218722,0.132601343917181,2.65936778838133,8.92610684667907,0.0167603336271827,4.41960985970513,0.126858925093822,7.10870042973419e-11,0.0072729920888324,16.8612041775535,2.13209485737777e-16,0.0672498050960735,6.98889652458595,0.620534281547948,0.816708454841973,57.1235110239241,89.6659593689246,166.912945475505,0.840239999999991,1.67175778546711
122,GA,500,1,0.115435766184651,3.94418598402665,4.64235150199378,5.19760658095589,0.0674056902674009,0.00657727631074845,0.0159582170284738,0.00657727631074845,0.113343416142512,0.0685203081287785,0.0159582170284738,0.0685203081287785,0.0495362723034005,34.3432649217616,0.0387031546155288,0.0362,0,0.0692,0.01,0.203136,0.0997904,0.023302,0.0063786,0,0.235996,3.8,0.00673868,0.37515,0.0888888888888889,0,0.00628146,1.382,0,0.0661112,0.477386,0.345761666483293,0,1.44,12.1,0.4995,2.19,5.0784,2.49476,0.58255,0.159465,21.0035842293907,5.8999,95,0.168467,9.37875,0.41875,2.91300251256281,0.1570365,34.55,0.154861111111111,1.65278,11.93465,0.663542620071984,1,0.37761354590067,1.37299261608059e-14,0.33554204560074,1.08322981141486,0.387630001463128,1.12395948825633,0.49197397476715,0.14687482971743,1.32601343917181,1.04379568744073,5.98824209110219,0.0506118819857661,3.88552556880721,0.112671916743538,2.07860579025522e-07,0.0134012083767732,8.47494283828582,0.0262250519838029,0.995151236192236,2.09251736849333,0.355751752726122,0.816708454841973,52.3683389685815,144.669929987192,229.506128016186,0.840239999999991,1.67175778546711
122,GA,500,1,0.115435766184651,3.94418598402665,4.64235150199378,5.19760658095589,0.0674056902674009,0.00657727631074845,0.0159582170284738,0.00657727631074845,0.113343416142512,0.0685203081287785,0.0159582170284738,0.0685203081287785,0.0495362723034005,34.3432649217616,0.0048983313195783,0.0362,0,0.0692,0.01,0.203136,0.0997904,0.023302,0.0063786,0,0.235996,3.8,0.00673868,0.37515,0.0888888888888889,0,0.00628146,1.382,0,0.0661112,0.477386,0.345761666483293,0,1.44,12.1,0.4995,2.19,5.0784,2.49476,0.58255,0.159465,21.0035842293907,5.8999,95,0.168467,9.37875,0.41875,2.91300251256281,0.1570365,34.55,0.154861111111111,1.65278,11.93465,0.663542620071984,1,0.508871063422381,1.37299261608059e-14,0.106675703561767,1.08322981141486,0.374289070832957,1.02099603855866,0.49197397476715,0.0811289049218722,5.0164151770343,0.512485638195356,25.4442697678591,0.0481444305343451,4.41960985970513,0.21957546169713,6.58246702598952e-11,0.121417845926654,8.33768186817541,2.78007485422863e-12,0.494334151489724,0.68839903158064,0.368178919942555,0.816708454841973,65.741208992736,104.925665756356,194.21504213881,0.840239999999991,1.67175778546711
122,GA,500,1,0.115435766184651,3.94418598402665,4.64235150199378,5.19760658095589,0.0674056902674009,0.00657727631074845,0.0159582170284738,0.00657727631074845,0.113343416142512,0.0685203081287785,0.0159582170284738,0.0685203081287785,0.0495362723034005,34.3432649217616,0.0111469920292304,0.0362,0,0.0692,0.01,0.203136,0.0997904,0.023302,0.0063786,0,0.235996,3.8,0.00673868,0.37515,0.0888888888888889,0,0.00628146,1.382,0,0.0661112,0.477386,0.345761666483293,0,1.44,12.1,0.4995,2.19,5.0784,2.49476,0.58255,0.159465,21.0035842293907,5.8999,95,0.168467,9.37875,0.41875,2.91300251256281,0.1570365,34.55,0.154861111111111,1.65278,11.93465,0.663542620071984,1,0.037761354590067,0.00162105873329484,0.368639108647397,0.0303102642237714,1.60582926810147,1.12395948825633,0.149595014507914,0.14687482971743,5.38095316724128,1.04379568744073,13.0251149506815,0.0648923444862926,4.41960985970513,0.112671916743538,2.07860579025522e-07,0.0134012083767732,12.9719280186057,4.31592086903494e-08,0.183169860838341,2.09251736849333,0.489187823695342,0.816708454841973,58.9528753265267,108.088902826514,191.299861800945,0.840239999999991,1.67175778546711
122,GA,500,1,0.115435766184651,3.94418598402665,4.64235150199378,5.19760658095589,0.0674056902674009,0.00657727631074845,0.0159582170284738,0.00657727631074845,0.113343416142512,0.0685203081287785,0.0159582170284738,0.0685203081287785,0.0495362723034005,34.3432649217616,0.0111469920292304,0.0362,0,0.0692,0.01,0.203136,0.0997904,0.023302,0.0063786,0,0.235996,3.8,0.00673868,0.37515,0.0888888888888889,0,0.00628146,1.382,0,0.0661112,0.477386,0.345761666483293,0,1.44,12.1,0.4995,2.19,5.0784,2.49476,0.58255,0.159465,21.0035842293907,5.8999,95,0.168467,9.37875,0.41875,2.91300251256281,0.1570365,34.55,0.154861111111111,1.65278,11.93465,0.663542620071984,1,0.037761354590067,0.00162105873329484,0.368639108647397,0.0303102642237714,1.60582926810147,1.12395948825633,0.149595014507914,0.14687482971743,5.38095316724128,1.04379568744073,13.0251149506815,0.0648923444862926,4.41960985970513,0.112671916743538,2.07860579025522e-07,0.0134012083767732,12.9719280186057,4.31592086903494e-08,0.183169860838341,2.09251736849333,0.489187823695342,0.816708454841973,58.9528753265267,108.088902826514,191.299861800945,0.840239999999991,1.67175778546711
122,GA,500,1,0.115435766184651,3.94418598402665,4.64235150199378,5.19760658095589,0.0674056902674009,0.00657727631074845,0.0159582170284738,0.00657727631074845,0.113343416142512,0.0685203081287785,0.0159582170284738,0.0685203081287785,0.0495362723034005,34.3432649217616,0.0408434218912461,0.0362,0,0.0692,0.01,0.203136,0.0997904,0.023302,0.0063786,0,0.235996,3.8,0.00673868,0.37515,0.0888888888888889,0,0.00628146,1.382,0,0.0661112,0.477386,0.345761666483293,0,1.44,12.1,0.4995,2.19,5.0784,2.49476,0.58255,0.159465,21.0035842293907,5.8999,95,0.168467,9.37875,0.41875,2.91300251256281,0.1570365,34.55,0.154861111111111,1.65278,11.93465,0.663542620071984,1,0.594490882468502,7.2493608402609e-11,0.0839363855083583,0.187025776109526,0.387630001463128,0.222604251299733,0.279903072988022,0.116941370040857,1.32601343917181,1.9212956444335,14.926305971165,0.0506118819857661,3.88552556880721,0.21957546169713,4.96096359020202e-06,0.0495346980801409,8.47494283828582,3.20590039456349e-17,0.0995151236192236,8.48455462585815,0.355751752726122,0.816708454841973,39.3844669549056,115.840315580286,181.222493601391,0.840239999999991,1.67175778546711
122,GA,500,1,0.115435766184651,3.94418598402665,4.64235150199378,5.19760658095589,0.0674056902674009,0.00657727631074845,0.0159582170284738,0.00657727631074845,0.113343416142512,0.0685203081287785,0.0159582170284738,0.0685203081287785,0.0495362723034005,34.3432649217616,0.0407328897563503,0.0362,0,0.0692,0.01,0.203136,0.0997904,0.023302,0.0063786,0,0.235996,3.8,0.00673868,0.37515,0.0888888888888889,0,0.00628146,1.382,0,0.0661112,0.477386,0.345761666483293,0,1.44,12.1,0.4995,2.19,5.0784,2.49476,0.58255,0.159465,21.0035842293907,5.8999,95,0.168467,9.37875,0.41875,2.91300251256281,0.1570365,34.55,0.154861111111111,1.65278,11.93465,0.663542620071984,1,0.207668592789796,0.238701832441829,0.106675703561767,1.08322981141486,0.374289070832957,1.6987294987839,0.49197397476715,0.0297278878607167,3.27346768517959,0.497748045703192,25.4442697678591,0.0142647376166364,2.64771948431208,0.21957546169713,0.000906916338668913,0.0188862143109035,8.51808847634785,0.00262250519838029,0.835924390746135,4.09456305560179,0.574096774166235,0.816708454841973,64.4188293138087,110.215668536411,199.369885450159,0.840239999999991,1.67175778546711
122,GA,500,1,0.115435766184651,3.94418598402665,4.64235150199378,5.19760658095589,0.0674056902674009,0.00657727631074845,0.0159582170284738,0.00657727631074845,0.113343416142512,0.0685203081287785,0.0159582170284738,0.0685203081287785,0.0495362723034005,34.3432649217616,0.0377464658838005,0.0362,0,0.0692,0.01,0.203136,0.0997904,0.023302,0.0063786,0,0.235996,3.8,0.00673868,0.37515,0.0888888888888889,0,0.00628146,1.382,0,0.0661112,0.477386,0.345761666483293,0,1.44,12.1,0.4995,2.19,5.0784,2.49476,0.58255,0.159465,21.0035842293907,5.8999,95,0.168467,9.37875,0.41875,2.91300251256281,0.1570365,34.55,0.154861111111111,1.65278,11.93465,0.663542620071984,1,0.180701801194924,1.8715715926989e-15,0.136833337233424,0.0929330257881007,0.366789837130859,1.12395948825633,0.0827906407855193,0.0811289049218722,1.7314891809093,0.73696662959153,4.48230758670022,0.0648923444862926,2.83560167323149,0.12647110200761,2.45078378046933e-11,0.0134012083767732,10.5087260359772,2.06640233749806e-21,0.995151236192236,6.55857546741764,0.574096774166235,0.758511957981166,52.4392838743895,117.257429763652,207.028052752525,0.840239999999991,1.67175778546711
122,GA,500,0,0.115435766184651,3.94418598402665,4.64235150199378,5.19760658095589,0.0674056902674009,0.00657727631074845,0.0159582170284738,0.00657727631074845,0.113343416142512,0.0685203081287785,0.0159582170284738,0.0685203081287785,0.0495362723034005,34.3432649217616,0.0146598424196586,0.0362,0,0.0692,0.01,0.203136,0.0997904,0.023302,0.0063786,0,0.235996,3.8,0.00673868,0.37515,0.0888888888888889,0,0.00628146,1.382,0,0.0661112,0.477386,0.345761666483293,0,1.44,12.1,0.4995,2.19,5.0784,2.49476,0.58255,0.159465,21.0035842293907,5.8999,95,0.168467,9.37875,0.41875,2.91300251256281,0.1570365,34.55,0.154861111111111,1.65278,11.93465,0.663542620071984,1,0.37761354590067,1.37299261608059e-14,0.106675703561767,1.08322981141486,0.387630001463128,1.12395948825633,0.41732765724745,0.116941370040857,1.32601343917181,1.04379568744073,14.926305971165,0.0506118819857661,4.41960985970513,0.112671916743538,2.07860579025522e-07,0.0134012083767732,8.47494283828582,0.00262250519838029,0.189665733937792,8.61789905600272,0.355751752726122,0.816708454841973,43.7505465862176,135.41988053431,209.562324009916,0.840239999999991,1.67175778546711
122,GA,500,1,0.115435766184651,3.94418598402665,4.64235150199378,5.19760658095589,0.0674056902674009,0.00657727631074845,0.0159582170284738,0.00657727631074845,0.113343416142512,0.0685203081287785,0.0159582170284738,0.0685203081287785,0.0495362723034005,34.3432649217616,0.016094356740908,0.0362,0,0.0692,0.01,0.203136,0.0997904,0.023302,0.0063786,0,0.235996,3.8,0.00673868,0.37515,0.0888888888888889,0,0.00628146,1.382,0,0.0661112,0.477386,0.345761666483293,0,1.44,12.1,0.4995,2.19,5.0784,2.49476,0.58255,0.159465,21.0035842293907,5.8999,95,0.168467,9.37875,0.41875,2.91300251256281,0.1570365,34.55,0.154861111111111,1.65278,11.93465,0.663542620071984,1,0.037761354590067,7.2493608402609e-11,0.106675703561767,1.08322981141486,0.387630001463128,1.12395948825633,0.49197397476715,0.116941370040857,1.32601343917181,0.86975064501522,14.926305971165,0.0648923444862926,3.88552556880721,0.21957546169713,6.58246702598952e-11,0.134012083767732,10.5087260359772,0.00262250519838029,0.995151236192236,8.61789905600272,0.574096774166235,0.816708454841973,57.4841216792609,78.6858396591034,153.829199525098,0.840239999999991,1.67175778546711
122,GA,500,0,0.115435766184651,3.94418598402665,4.64235150199378,5.19760658095589,0.0674056902674009,0.00657727631074845,0.0159582170284738,0.00657727631074845,0.113343416142512,0.0685203081287785,0.0159582170284738,0.0685203081287785,0.0495362723034005,34.3432649217616,0.0123316004180842,0.0362,0,0.0692,0.01,0.203136,0.0997904,0.023302,0.0063786,0,0.235996,3.8,0.00673868,0.37515,0.0888888888888889,0,0.00628146,1.382,0,0.0661112,0.477386,0.345761666483293,0,1.44,12.1,0.4995,2.19,5.0784,2.49476,0.58255,0.159465,21.0035842293907,5.8999,95,0.168467,9.37875,0.41875,2.91300251256281,0.1570365,34.55,0.154861111111111,1.65278,11.93465,0.663542620071984,1,0.433194100463836,5.66222855678894e-08,0.106675703561767,1.08322981141486,0.546210626633476,1.12395948825633,0.49197397476715,0.0343903730857857,1.32601343917181,0.512485638195356,38.3496993195081,0.0093833743673025,4.41960985970513,0.21957546169713,1.36563384977564e-09,0.0134012083767732,7.07573438608025,0.0262250519838029,0.468223357555741,2.09251736849333,0.425376434642763,0.816708454841973,44.3668386976712,136.41483531762,211.39686576408,0.840239999999991,1.67175778546711
122,GA,500,1,0.115435766184651,3.94418598402665,4.64235150199378,5.19760658095589,0.0674056902674009,0.00657727631074845,0.0159582170284738,0.00657727631074845,0.113343416142512,0.0685203081287785,0.0159582170284738,0.0685203081287785,0.0495362723034005,34.3432649217616,0.0668904611013555,0.0362,0,0.0692,0.01,0.203136,0.0997904,0.023302,0.0063786,0,0.235996,3.8,0.00673868,0.37515,0.0888888888888889,0,0.00628146,1.382,0,0.0661112,0.477386,0.345761666483293,0,1.44,12.1,0.4995,2.19,5.0784,2.49476,0.58255,0.159465,21.0035842293907,5.8999,95,0.168467,9.37875,0.41875,2.91300251256281,0.1570365,34.55,0.154861111111111,1.65278,11.93465,0.663542620071984,1,0.913381268467511,1.25522678780722e-19,0.106675703561767,1.08322981141486,0.387630001463128,1.12395948825633,0.555404410358929,0.14687482971743,1.32601343917181,0.86975064501522,14.926305971165,0.0648923444862926,4.41960985970513,0.121518053337472,6.58246702598952e-11,0.0134012083767732,10.5087260359772,4.24375451749881e-12,0.189665733937792,2.09251736849333,0.369146955385249,0.816708454841973,56.4214918825625,139.855336710662,227.664162240032,0.840239999999991,1.67175778546711
122,GA,500,0,0.115435766184651,3.94418598402665,4.64235150199378,5.19760658095589,0.0674056902674009,0.00657727631074845,0.0159582170284738,0.00657727631074845,0.113343416142512,0.0685203081287785,0.0159582170284738,0.0685203081287785,0.0495362723034005,34.3432649217616,0.00614085383684572,0.0362,0,0.0692,0.01,0.203136,0.0997904,0.023302,0.0063786,0,0.235996,3.8,0.00673868,0.37515,0.0888888888888889,0,0.00628146,1.382,0,0.0661112,0.477386,0.345761666483293,0,1.44,12.1,0.4995,2.19,5.0784,2.49476,0.58255,0.159465,21.0035842293907,5.8999,95,0.168467,9.37875,0.41875,2.91300251256281,0.1570365,34.55,0.154861111111111,1.65278,11.93465,0.663542620071984,1,0.037761354590067,2.1280851038584e-16,0.23559635794353,1.08322981141486,0.374289070832957,0.114085275216875,0.49197397476715,0.0970189395876139,1.34654790976846,2.41636414895873,14.926305971165,0.0506118819857661,3.88552556880721,0.180535797838163,6.58246702598952e-11,0.00914469905413665,8.47494283828582,7.6750384248843e-07,0.0693630557491479,8.61789905600272,0.371990112714978,0.816708454841973,40.6718663345282,91.0228103300258,152.122665931844,0.840239999999991,1.67175778546711
122,GA,500,0,0.115435766184651,3.94418598402665,4.64235150199378,5.19760658095589,0.0674056902674009,0.00657727631074845,0.0159582170284738,0.00657727631074845,0.113343416142512,0.0685203081287785,0.0159582170284738,0.0685203081287785,0.0495362723034005,34.3432649217616,0.00408368575381715,0.0362,0,0.0692,0.01,0.203136,0.0997904,0.023302,0.0063786,0,0.235996,3.8,0.00673868,0.37515,0.0888888888888889,0,0.00628146,1.382,0,0.0661112,0.477386,0.345761666483293,0,1.44,12.1,0.4995,2.19,5.0784,2.49476,0.58255,0.159465,21.0035842293907,5.8999,95,0.168467,9.37875,0.41875,2.91300251256281,0.1570365,34.55,0.154861111111111,1.65278,11.93465,0.663542620071984,1,0.586811726030253,0.000102027818708777,0.209484580710527,0.0262719128220012,0.314097020096809,1.14085275216875,0.242591163600335,0.0811289049218722,14.9326210052043,5.12485638195356,25.4442697678591,0.0367623215560257,4.41960985970513,0.125291475399732,6.58246702598952e-11,0.134012083767732,16.8612041775535,0.00262250519838029,0.0672498050960735,4.71220272123764,0.574096774166235,0.816708454841973,40.6660681080193,120.207255147292,187.851094092048,0.840239999999991,1.67175778546711
122,GA,500,0,0.115435766184651,3.94418598402665,4.64235150199378,5.19760658095589,0.0674056902674009,0.00657727631074845,0.0159582170284738,0.00657727631074845,0.113343416142512,0.0685203081287785,0.0159582170284738,0.0685203081287785,0.0495362723034005,34.3432649217616,0.00520485095941839,0.0362,0,0.0692,0.01,0.203136,0.0997904,0.023302,0.0063786,0,0.235996,3.8,0.00673868,0.37515,0.0888888888888889,0,0.00628146,1.382,0,0.0661112,0.477386,0.345761666483293,0,1.44,12.1,0.4995,2.19,5.0784,2.49476,0.58255,0.159465,21.0035842293907,5.8999,95,0.168467,9.37875,0.41875,2.91300251256281,0.1570365,34.55,0.154861111111111,1.65278,11.93465,0.663542620071984,1,0.907463940858926,0.00224231198484207,0.178078481620148,0.0298180299660377,0.387630001463128,0.241949046486864,0.49197397476715,0.116941370040857,4.08812989334268,1.59851167522107,56.8219023543023,0.0506118819857661,5.5876371283912,0.21957546169713,6.58246702598952e-11,0.0286726329341234,11.0207405764091,0.0262250519838029,0.468223357555741,1.17188447045088,0.430145730439257,0.816708454841973,48.8701471104326,75.0166900059631,140.722618529353,0.840239999999991,1.67175778546711
122,GA,500,0,0.115435766184651,3.94418598402665,4.64235150199378,5.19760658095589,0.0674056902674009,0.00657727631074845,0.0159582170284738,0.00657727631074845,0.113343416142512,0.0685203081287785,0.0159582170284738,0.0685203081287785,0.0495362723034005,34.3432649217616,0.00380206836391943,0.0362,0,0.0692,0.01,0.203136,0.0997904,0.023302,0.0063786,0,0.235996,3.8,0.00673868,0.37515,0.0888888888888889,0,0.00628146,1.382,0,0.0661112,0.477386,0.345761666483293,0,1.44,12.1,0.4995,2.19,5.0784,2.49476,0.58255,0.159465,21.0035842293907,5.8999,95,0.168467,9.37875,0.41875,2.91300251256281,0.1570365,34.55,0.154861111111111,1.65278,11.93465,0.663542620071984,1,0.037761354590067,7.65445033465748e-16,0.401216971064286,1.08322981141486,1.1517193920821,1.12395948825633,0.49197397476715,0.0582962586775933,1.44869697039308,0.86975064501522,14.926305971165,0.0506118819857661,4.16920699101323,0.21957546169713,8.5651426907191e-06,0.0286726329341234,8.47494283828582,2.09645551761118e-20,0.692279503726635,1.6210704715016,0.355751752726122,0.816708454841973,46.7664752125861,75.3458502426142,139.021979359648,0.840239999999991,1.67175778546711
122,GA,500,1,0.115435766184651,3.94418598402665,4.64235150199378,5.19760658095589,0.0674056902674009,0.00657727631074845,0.0159582170284738,0.00657727631074845,0.113343416142512,0.0685203081287785,0.0159582170284738,0.0685203081287785,0.0495362723034005,34.3432649217616,0.00380206836391943,0.0362,0,0.0692,0.01,0.203136,0.0997904,0.023302,0.0063786,0,0.235996,3.8,0.00673868,0.37515,0.0888888888888889,0,0.00628146,1.382,0,0.0661112,0.477386,0.345761666483293,0,1.44,12.1,0.4995,2.19,5.0784,2.49476,0.58255,0.159465,21.0035842293907,5.8999,95,0.168467,9.37875,0.41875,2.91300251256281,0.1570365,34.55,0.154861111111111,1.65278,11.93465,0.663542620071984,1,0.037761354590067,7.65445033465748e-16,0.401216971064286,1.08322981141486,1.1517193920821,1.12395948825633,0.49197397476715,0.0582962586775933,1.44869697039308,0.86975064501522,14.926305971165,0.0506118819857661,4.16920699101323,0.21957546169713,8.5651426907191e-06,0.0286726329341234,8.47494283828582,2.09645551761118e-20,0.692279503726635,1.6210704715016,0.355751752726122,0.816708454841973,46.7664752125861,75.3458502426142,139.021979359648,0.840239999999991,1.67175778546711
122,GA,500,0,0.115435766184651,3.94418598402665,4.64235150199378,5.19760658095589,0.0674056902674009,0.00657727631074845,0.0159582170284738,0.00657727631074845,0.113343416142512,0.0685203081287785,0.0159582170284738,0.0685203081287785,0.0495362723034005,34.3432649217616,0.00571339780260122,0.0362,0,0.0692,0.01,0.203136,0.0997904,0.023302,0.0063786,0,0.235996,3.8,0.00673868,0.37515,0.0888888888888889,0,0.00628146,1.382,0,0.0661112,0.477386,0.345761666483293,0,1.44,12.1,0.4995,2.19,5.0784,2.49476,0.58255,0.159465,21.0035842293907,5.8999,95,0.168467,9.37875,0.41875,2.91300251256281,0.1570365,34.55,0.154861111111111,1.65278,11.93465,0.663542620071984,1,0.037761354590067,7.2493608402609e-11,0.316836365458911,0.0570300963731577,0.343073685437772,1.12395948825633,0.151402380678573,0.116941370040857,1.45903032674206,0.86975064501522,14.926305971165,0.0637118734914919,2.44094768118634,0.21957546169713,6.58246702598952e-11,0.0686280313516676,7.19482285429526,1.89693543019794e-06,0.0995151236192236,1.92911371454151,0.626909381594405,0.816708454841973,44.3545477578101,87.2394111656329,151.17285072556,0.840239999999991,1.67175778546711
122,GA,500,1,0.115435766184651,3.94418598402665,4.64235150199378,5.19760658095589,0.0674056902674009,0.00657727631074845,0.0159582170284738,0.00657727631074845,0.113343416142512,0.0685203081287785,0.0159582170284738,0.0685203081287785,0.0495362723034005,34.3432649217616,0.0199445752916544,0.0362,0,0.0692,0.01,0.203136,0.0997904,0.023302,0.0063786,0,0.235996,3.8,0.00673868,0.37515,0.0888888888888889,0,0.00628146,1.382,0,0.0661112,0.477386,0.345761666483293,0,1.44,12.1,0.4995,2.19,5.0784,2.49476,0.58255,0.159465,21.0035842293907,5.8999,95,0.168467,9.37875,0.41875,2.91300251256281,0.1570365,34.55,0.154861111111111,1.65278,11.93465,0.663542620071984,1,0.325032270570951,6.85490059604685e-09,0.187927874033532,1.08322981141486,0.346722442424389,0.877964643016063,0.437382911035942,0.0897190927538993,10.8926309164505,4.58086460011602,14.926305971165,0.070392396599646,0.952210213392367,0.112645176114433,0.809494118959263,0.00768956438968787,15.4309180351339,3.97448770837526e-17,1.29606487869952,3.36791779424044,0.459244421647998,0.816708454841973,58.19970618373,78.2983396158349,154.070318458688,0.840239999999991,1.67175778546711
122,GA,500,1,0.115435766184651,3.94418598402665,4.64235150199378,5.19760658095589,0.0674056902674009,0.00657727631074845,0.0159582170284738,0.00657727631074845,0.113343416142512,0.0685203081287785,0.0159582170284738,0.0685203081287785,0.0495362723034005,34.3432649217616,0.0200546702254394,0.0362,0,0.0692,0.01,0.203136,0.0997904,0.023302,0.0063786,0,0.235996,3.8,0.00673868,0.37515,0.0888888888888889,0,0.00628146,1.382,0,0.0661112,0.477386,0.345761666483293,0,1.44,12.1,0.4995,2.19,5.0784,2.49476,0.58255,0.159465,21.0035842293907,5.8999,95,0.168467,9.37875,0.41875,2.91300251256281,0.1570365,34.55,0.154861111111111,1.65278,11.93465,0.663542620071984,1,0.325032270570951,7.2493608402609e-11,0.33554204560074,1.08322981141486,0.387630001463128,1.12395948825633,0.49197397476715,0.14687482971743,1.32601343917181,0.86975064501522,5.98824209110219,0.0506118819857661,3.88552556880721,0.21957546169713,2.07860579025522e-07,0.0134012083767732,10.5087260359772,0.0262250519838029,0.189665733937792,3.36791779424044,0.355751752726122,0.816708454841973,61.2264023337847,122.729484146413,211.499713965119,0.840239999999991,1.67175778546711
122,GA,500,1,0.115435766184651,3.94418598402665,4.64235150199378,5.19760658095589,0.0674056902674009,0.00657727631074845,0.0159582170284738,0.00657727631074845,0.113343416142512,0.0685203081287785,0.0159582170284738,0.0685203081287785,0.0495362723034005,34.3432649217616,0.0604269743001249,0.0362,0,0.0692,0.01,0.203136,0.0997904,0.023302,0.0063786,0,0.235996,3.8,0.00673868,0.37515,0.0888888888888889,0,0.00628146,1.382,0,0.0661112,0.477386,0.345761666483293,0,1.44,12.1,0.4995,2.19,5.0784,2.49476,0.58255,0.159465,21.0035842293907,5.8999,95,0.168467,9.37875,0.41875,2.91300251256281,0.1570365,34.55,0.154861111111111,1.65278,11.93465,0.663542620071984,1,0.433194100463836,4.47351539916501e-10,0.102171066598616,0.013204287405372,0.546210626633476,1.12395948825633,0.41732765724745,0.14687482971743,3.27346768517959,1.04379568744073,5.98824209110219,0.0168368221923206,4.41960985970513,0.112671916743538,2.07860579025522e-07,0.0134012083767732,10.5087260359772,9.44481353917248e-12,0.468223357555741,1.3464119620812,0.369146955385249,0.816708454841973,60.5865495197235,144.643329969102,237.691768783175,0.840239999999991,1.67175778546711
122,GA,500,1,0.115435766184651,3.94418598402665,4.64235150199378,5.19760658095589,0.0674056902674009,0.00657727631074845,0.0159582170284738,0.00657727631074845,0.113343416142512,0.0685203081287785,0.0159582170284738,0.0685203081287785,0.0495362723034005,34.3432649217616,0.0604269743001249,0.0362,0,0.0692,0.01,0.203136,0.0997904,0.023302,0.0063786,0,0.235996,3.8,0.00673868,0.37515,0.0888888888888889,0,0.00628146,1.382,0,0.0661112,0.477386,0.345761666483293,0,1.44,12.1,0.4995,2.19,5.0784,2.49476,0.58255,0.159465,21.0035842293907,5.8999,95,0.168467,9.37875,0.41875,2.91300251256281,0.1570365,34.55,0.154861111111111,1.65278,11.93465,0.663542620071984,1,0.433194100463836,4.47351539916501e-10,0.102171066598616,0.013204287405372,0.546210626633476,1.12395948825633,0.41732765724745,0.14687482971743,3.27346768517959,1.04379568744073,5.98824209110219,0.0168368221923206,4.41960985970513,0.112671916743538,2.07860579025522e-07,0.0134012083767732,10.5087260359772,9.44481353917248e-12,0.468223357555741,1.3464119620812,0.369146955385249,0.816708454841973,60.5865495197235,144.643329969102,237.691768783175,0.840239999999991,1.67175778546711
122,GA,500,0,0.115435766184651,3.94418598402665,4.64235150199378,5.19760658095589,0.0674056902674009,0.00657727631074845,0.0159582170284738,0.00657727631074845,0.113343416142512,0.0685203081287785,0.0159582170284738,0.0685203081287785,0.0495362723034005,34.3432649217616,5.51693011621509e-06,0.0362,0,0.0692,0.01,0.203136,0.0997904,0.023302,0.0063786,0,0.235996,3.8,0.00673868,0.37515,0.0888888888888889,0,0.00628146,1.382,0,0.0661112,0.477386,0.345761666483293,0,1.44,12.1,0.4995,2.19,5.0784,2.49476,0.58255,0.159465,21.0035842293907,5.8999,95,0.168467,9.37875,0.41875,2.91300251256281,0.1570365,34.55,0.154861111111111,1.65278,11.93465,0.663542620071984,1,0.0511071195324601,2.46035158525766e-16,0.239919977357982,0.84745896001386,0.387630001463128,1.12395948825633,0.49197397476715,0.0576827980048167,0.833300095514468,5.2512445221487,14.926305971165,0.0192763124463403,4.41960985970513,0.21957546169713,3.81234982264063e-15,0.0175322492207075,10.5087260359772,0.0262250519838029,0.995151236192236,0.801624434987282,0.574096774166235,0.816708454841973,40.1597953668306,93.2890925228895,154.385492394713,0.840239999999991,1.67175778546711
122,GA,500,0,0.115435766184651,3.94418598402665,4.64235150199378,5.19760658095589,0.0674056902674009,0.00657727631074845,0.0159582170284738,0.00657727631074845,0.113343416142512,0.0685203081287785,0.0159582170284738,0.0685203081287785,0.0495362723034005,34.3432649217616,3.93358926830817e-40,0.0362,0,0.0692,0.01,0.203136,0.0997904,0.023302,0.0063786,0,0.235996,3.8,0.00673868,0.37515,0.0888888888888889,0,0.00628146,1.382,0,0.0661112,0.477386,0.345761666483293,0,1.44,12.1,0.4995,2.19,5.0784,2.49476,0.58255,0.159465,21.0035842293907,5.8999,95,0.168467,9.37875,0.41875,2.91300251256281,0.1570365,34.55,0.154861111111111,1.65278,11.93465,0.663542620071984,1,0.0511071195324601,2.46035158525766e-17,0.239919977357982,0.84745896001386,0.387630001463128,1.12395948825633,0.49197397476715,0.0576827980048167,0.833300095514468,5.2512445221487,14.926305971165,0.0192763124463403,4.41960985970513,0.21957546169713,3.81234982264063e-16,0.0175322492207075,10.5087260359772,0.0262250519838029,0.995151236192236,8.01624434987282,0.574096774166235,0.816708454841973,40.0454510726585,93.3568738315926,154.354141374703,0.840239999999991,1.67175778546711
122,GA,500,0,0.115435766184651,3.94418598402665,4.64235150199378,5.19760658095589,0.0674056902674009,0.00657727631074845,0.0159582170284738,0.00657727631074845,0.113343416142512,0.0685203081287785,0.0159582170284738,0.0685203081287785,0.0495362723034005,34.3432649217616,1.95548966210707e-40,0.0362,0,0.0692,0.01,0.203136,0.0997904,0.023302,0.0063786,0,0.235996,3.8,0.00673868,0.37515,0.0888888888888889,0,0.00628146,1.382,0,0.0661112,0.477386,0.345761666483293,0,1.44,12.1,0.4995,2.19,5.0784,2.49476,0.58255,0.159465,21.0035842293907,5.8999,95,0.168467,9.37875,0.41875,2.91300251256281,0.1570365,34.55,0.154861111111111,1.65278,11.93465,0.663542620071984,1,0.0511071195324601,2.46035158525766e-16,0.239919977357982,0.84745896001386,0.387630001463128,1.12395948825633,0.49197397476715,0.0576827980048167,0.833300095514468,5.2512445221487,14.926305971165,0.0192763124463403,4.41960985970513,0.21957546169713,3.81234982264063e-15,0.0175322492207075,10.5087260359772,0.0262250519838029,0.995151236192236,8.01624434987282,0.574096774166235,0.816708454841973,40.0454510726585,93.3568738315925,154.354141374703,0.840239999999991,1.67175778546711
122,GA,500,0,0.115435766184651,3.94418598402665,4.64235150199378,5.19760658095589,0.0674056902674009,0.00657727631074845,0.0159582170284738,0.00657727631074845,0.113343416142512,0.0685203081287785,0.0159582170284738,0.0685203081287785,0.0495362723034005,34.3432649217616,1.95548966210707e-40,0.0362,0,0.0692,0.01,0.203136,0.0997904,0.023302,0.0063786,0,0.235996,3.8,0.00673868,0.37515,0.0888888888888889,0,0.00628146,1.382,0,0.0661112,0.477386,0.345761666483293,0,1.44,12.1,0.4995,2.19,5.0784,2.49476,0.58255,0.159465,21.0035842293907,5.8999,95,0.168467,9.37875,0.41875,2.91300251256281,0.1570365,34.55,0.154861111111111,1.65278,11.93465,0.663542620071984,1,0.0511071195324601,2.46035158525766e-17,0.239919977357982,0.84745896001386,0.387630001463128,1.12395948825633,0.49197397476715,0.0576827980048167,0.833300095514468,5.2512445221487,14.926305971165,0.0192763124463403,4.41960985970513,0.21957546169713,3.81234982264063e-15,0.0175322492207075,10.5087260359772,0.0262250519838029,0.995151236192236,8.01624434987282,0.574096774166235,0.816708454841973,40.0454510726585,93.3568738315925,154.354141374703,0.840239999999991,1.67175778546711
122,GA,500,0,0.115435766184651,3.94418598402665,4.64235150199378,5.19760658095589,0.0674056902674009,0.00657727631074845,0.0159582170284738,0.00657727631074845,0.113343416142512,0.0685203081287785,0.0159582170284738,0.0685203081287785,0.0495362723034005,34.3432649217616,3.93358926830806e-40,0.0362,0,0.0692,0.01,0.203136,0.0997904,0.023302,0.0063786,0,0.235996,3.8,0.00673868,0.37515,0.0888888888888889,0,0.00628146,1.382,0,0.0661112,0.477386,0.345761666483293,0,1.44,12.1,0.4995,2.19,5.0784,2.49476,0.58255,0.159465,21.0035842293907,5.8999,95,0.168467,9.37875,0.41875,2.91300251256281,0.1570365,34.55,0.154861111111111,1.65278,11.93465,0.663542620071984,1,0.0511071195324601,2.46035158525766e-17,0.239919977357982,0.84745896001386,0.387630001463128,1.12395948825633,0.49197397476715,0.0576827980048167,0.833300095514468,5.2512445221487,14.926305971165,0.0192763124463403,4.41960985970513,0.21957546169713,3.81234982264063e-14,0.0175322492207075,10.5087260359772,0.0262250519838029,0.995151236192236,8.01624434987282,0.574096774166235,0.816708454841973,40.0454510726584,93.3568738315917,154.354141374702,0.840239999999991,1.67175778546711
122,GA,500,1,0.115435766184651,3.94418598402665,4.64235150199378,5.19760658095589,0.0674056902674009,0.00657727631074845,0.0159582170284738,0.00657727631074845,0.113343416142512,0.0685203081287785,0.0159582170284738,0.0685203081287785,0.0495362723034005,34.3432649217616,0.030927955975693,0.0362,0,0.0692,0.01,0.203136,0.0997904,0.023302,0.0063786,0,0.235996,3.8,0.00673868,0.37515,0.0888888888888889,0,0.00628146,1.382,0,0.0661112,0.477386,0.345761666483293,0,1.44,12.1,0.4995,2.19,5.0784,2.49476,0.58255,0.159465,21.0035842293907,5.8999,95,0.168467,9.37875,0.41875,2.91300251256281,0.1570365,34.55,0.154861111111111,1.65278,11.93465,0.663542620071984,1,0.135362695255409,1.37299261608059e-14,0.0946417366659474,1.21227513661709,0.387630001463128,1.12395948825633,0.49197397476715,0.0811289049218722,0.0504878869139776,0.512485638195356,7.43209826732213,0.0199175197130509,4.41960985970513,0.21957546169713,6.58246702598952e-12,0.0115977961772799,9.53864507895721,0.0262250519838029,0.995151236192236,2.09251736849333,0.574096774166235,0.816708454841973,45.9044559891525,143.758338979575,221.926068263744,0.840239999999991,1.67175778546711
122,GA,500,1,0.115435766184651,3.94418598402665,4.64235150199378,5.19760658095589,0.0674056902674009,0.00657727631074845,0.0159582170284738,0.00657727631074845,0.113343416142512,0.0685203081287785,0.0159582170284738,0.0685203081287785,0.0495362723034005,34.3432649217616,0.022926219215842,0.0362,0,0.0692,0.01,0.203136,0.0997904,0.023302,0.0063786,0,0.235996,3.8,0.00673868,0.37515,0.0888888888888889,0,0.00628146,1.382,0,0.0661112,0.477386,0.345761666483293,0,1.44,12.1,0.4995,2.19,5.0784,2.49476,0.58255,0.159465,21.0035842293907,5.8999,95,0.168467,9.37875,0.41875,2.91300251256281,0.1570365,34.55,0.154861111111111,1.65278,11.93465,0.663542620071984,1,1.20176438285658,4.09802202148606e-08,0.199750355576975,1.08322981141486,0.387630001463128,0.484065406378736,0.49197397476715,0.0811289049218722,1.32601343917181,0.479429406634163,14.926305971165,0.0648923444862926,4.41960985970513,0.146721514209295,1.09631267517776e-11,0.00764469950633358,6.85293609281373,1.21434944702516e-09,0.995151236192236,2.09251736849333,0.413870690924205,0.816708454841973,38.7586824655405,128.613605455362,196.236671940069,0.840239999999991,1.67175778546711
122,GA,500,0,0.115435766184651,3.94418598402665,4.64235150199378,5.19760658095589,0.0674056902674009,0.00657727631074845,0.0159582170284738,0.00657727631074845,0.113343416142512,0.0685203081287785,0.0159582170284738,0.0685203081287785,0.0495362723034005,34.3432649217616,0.00334687180752606,0.0362,0,0.0692,0.01,0.203136,0.0997904,0.023302,0.0063786,0,0.235996,3.8,0.00673868,0.37515,0.0888888888888889,0,0.00628146,1.382,0,0.0661112,0.477386,0.345761666483293,0,1.44,12.1,0.4995,2.19,5.0784,2.49476,0.58255,0.159465,21.0035842293907,5.8999,95,0.168467,9.37875,0.41875,2.91300251256281,0.1570365,34.55,0.154861111111111,1.65278,11.93465,0.663542620071984,1,0.037761354590067,0.00151436833643606,0.312890732115484,0.0517871861509779,0.690418307525937,0.444972858811439,0.175408387038546,0.0264070031377125,1.32601343917181,4.38223823498553,14.926305971165,0.00755831142951199,1.75946669344081,0.21957546169713,6.58246702598952e-11,0.086256088462891,10.5087260359772,1.53095367547846e-19,0.995151236192236,2.43909601042685,0.574096774166235,0.816708454841973,64.7355505773655,117.018431692201,208.016094568848,0.840239999999991,1.67175778546711
122,GA,500,0,0.115435766184651,3.94418598402665,4.64235150199378,5.19760658095589,0.0674056902674009,0.00657727631074845,0.0159582170284738,0.00657727631074845,0.113343416142512,0.0685203081287785,0.0159582170284738,0.0685203081287785,0.0495362723034005,34.3432649217616,0.00355982087418624,0.0362,0,0.0692,0.01,0.203136,0.0997904,0.023302,0.0063786,0,0.235996,3.8,0.00673868,0.37515,0.0888888888888889,0,0.00628146,1.382,0,0.0661112,0.477386,0.345761666483293,0,1.44,12.1,0.4995,2.19,5.0784,2.49476,0.58255,0.159465,21.0035842293907,5.8999,95,0.168467,9.37875,0.41875,2.91300251256281,0.1570365,34.55,0.154861111111111,1.65278,11.93465,0.663542620071984,1,0.565345632751188,7.2493608402609e-11,0.106675703561767,1.42344557998578,0.374289070832957,0.585055453091574,0.49197397476715,0.0811289049218722,0.148496979060524,0.86975064501522,11.4050027216216,0.0481444305343451,4.41960985970513,0.21957546169713,6.58246702598952e-11,0.0286726329341234,8.33768186817541,0.0262250519838029,0.995151236192236,6.8839903158064,0.355751752726122,0.816708454841973,37.5804827351258,119.554547087032,183.966315253738,0.840239999999991,1.67175778546711
122,GA,500,0,0.115435766184651,3.94418598402665,4.64235150199378,5.19760658095589,0.0674056902674009,0.00657727631074845,0.0159582170284738,0.00657727631074845,0.113343416142512,0.0685203081287785,0.0159582170284738,0.0685203081287785,0.0495362723034005,34.3432649217616,0.00157903279414932,0.0362,0,0.0692,0.01,0.203136,0.0997904,0.023302,0.0063786,0,0.235996,3.8,0.00673868,0.37515,0.0888888888888889,0,0.00628146,1.382,0,0.0661112,0.477386,0.345761666483293,0,1.44,12.1,0.4995,2.19,5.0784,2.49476,0.58255,0.159465,21.0035842293907,5.8999,95,0.168467,9.37875,0.41875,2.91300251256281,0.1570365,34.55,0.154861111111111,1.65278,11.93465,0.663542620071984,1,0.846322127465164,0.00597613610378823,0.106675703561767,0.0186167452989518,0.523260486075412,1.12395948825633,0.41732765724745,0.14687482971743,7.56898553524094,3.10909340726647,25.0934955521434,0.0256621522506735,0.948584406495536,0.112671916743538,2.07860579025522e-07,0.0134012083767732,5.06121960051148,0.0262250519838029,0.886649381973208,2.73694831976921,0.369146955385249,0.816708454841973,39.7850443886809,137.556159872701,208.212540219268,0.840239999999991,1.67175778546711
122,GA,500,0,0.115435766184651,3.94418598402665,4.64235150199378,5.19760658095589,0.0674056902674009,0.00657727631074845,0.0159582170284738,0.00657727631074845,0.113343416142512,0.0685203081287785,0.0159582170284738,0.0685203081287785,0.0495362723034005,34.3432649217616,0.0170298918419731,0.0362,0,0.0692,0.01,0.203136,0.0997904,0.023302,0.0063786,0,0.235996,3.8,0.00673868,0.37515,0.0888888888888889,0,0.00628146,1.382,0,0.0661112,0.477386,0.345761666483293,0,1.44,12.1,0.4995,2.19,5.0784,2.49476,0.58255,0.159465,21.0035842293907,5.8999,95,0.168467,9.37875,0.41875,2.91300251256281,0.1570365,34.55,0.154861111111111,1.65278,11.93465,0.663542620071984,1,1.35605609496206,4.47351539916501e-10,0.102171066598616,0.013204287405372,0.546210626633476,0.882600469421692,0.41732765724745,0.0182177042265205,3.27346768517959,1.04379568744073,5.98824209110219,0.0168368221923206,4.41960985970513,0.100114832399319,2.07860579025522e-07,0.048471069776101,7.07573438608025,0.00136832180528221,0.608952758863048,1.3464119620812,0.369146955385249,0.816708454841973,41.1455352199513,82.512599608031,142.176201816879,0.840239999999991,1.67175778546711
122,GA,500,1,0.115435766184651,3.94418598402665,4.64235150199378,5.19760658095589,0.0674056902674009,0.00657727631074845,0.0159582170284738,0.00657727631074845,0.113343416142512,0.0685203081287785,0.0159582170284738,0.0685203081287785,0.0495362723034005,34.3432649217616,0.0216982200571113,0.0362,0,0.0692,0.01,0.203136,0.0997904,0.023302,0.0063786,0,0.235996,3.8,0.00673868,0.37515,0.0888888888888889,0,0.00628146,1.382,0,0.0661112,0.477386,0.345761666483293,0,1.44,12.1,0.4995,2.19,5.0784,2.49476,0.58255,0.159465,21.0035842293907,5.8999,95,0.168467,9.37875,0.41875,2.91300251256281,0.1570365,34.55,0.154861111111111,1.65278,11.93465,0.663542620071984,1,1.30675423337098,8.25858541745726e-07,0.379716216609904,1.39972485971381,0.537354415707005,0.551785371879522,0.437382911035942,0.0897190927538993,10.8926309164505,4.58086460011602,19.5376739892254,0.102793021787213,0.420537422599128,0.112645176114433,0.809494118959263,0.00768956438968787,15.4309180351339,2.10757209920929e-19,0.417112344629449,2.61815731834484,0.459244421647998,0.958933295004431,58.7084931605235,139.058560362062,203.722292437792,0.840239999999991,1.67175778546711
122,GA,500,0,0.115435766184651,3.94418598402665,4.64235150199378,5.19760658095589,0.0674056902674009,0.00657727631074845,0.0159582170284738,0.00657727631074845,0.113343416142512,0.0685203081287785,0.0159582170284738,0.0685203081287785,0.0495362723034005,34.3432649217616,0.00087327141989731,0.0362,0,0.0692,0.01,0.203136,0.0997904,0.023302,0.0063786,0,0.235996,3.8,0.00673868,0.37515,0.0888888888888889,0,0.00628146,1.382,0,0.0661112,0.477386,0.345761666483293,0,1.44,12.1,0.4995,2.19,5.0784,2.49476,0.58255,0.159465,21.0035842293907,5.8999,95,0.168467,9.37875,0.41875,2.91300251256281,0.1570365,34.55,0.154861111111111,1.65278,11.93465,0.663542620071984,1,0.508871063422381,7.2493608402609e-11,0.106675703561767,1.08322981141486,0.374289070832957,1.14085275216875,0.49197397476715,0.0811289049218722,13.2601343917181,0.86975064501522,14.926305971165,0.0367623215560257,3.88552556880721,0.21957546169713,6.58246702598952e-11,0.134012083767732,8.47494283828582,0.00262250519838029,0.0672498050960735,4.09456305560179,0.355751752726122,0.816708454841973,68.0451774415313,123.607941616497,219.39409624318,0.840239999999991,1.67175778546711
122,GA,500,0,0.115435766184651,3.94418598402665,4.64235150199378,5.19760658095589,0.0674056902674009,0.00657727631074845,0.0159582170284738,0.00657727631074845,0.113343416142512,0.0685203081287785,0.0159582170284738,0.0685203081287785,0.0495362723034005,34.3432649217616,0.000667528292900906,0.0362,0,0.0692,0.01,0.203136,0.0997904,0.023302,0.0063786,0,0.235996,3.8,0.00673868,0.37515,0.0888888888888889,0,0.00628146,1.382,0,0.0661112,0.477386,0.345761666483293,0,1.44,12.1,0.4995,2.19,5.0784,2.49476,0.58255,0.159465,21.0035842293907,5.8999,95,0.168467,9.37875,0.41875,2.91300251256281,0.1570365,34.55,0.154861111111111,1.65278,11.93465,0.663542620071984,1,0.433194100463836,8.10806660247839e-17,0.102171066598616,0.84745896001386,0.546210626633476,0.882600469421692,0.49197397476715,0.0576827980048167,1.86412874473012,1.10872920168068,29.8814900960205,0.0168368221923206,4.41960985970513,0.21957546169713,0.000906916338668913,0.048471069776101,7.07573438608025,0.00132390400816407,0.468223357555741,8.01624434987282,0.574096774166235,0.816708454841973,39.2793836116538,138.900869981723,209.353378999151,0.840239999999991,1.67175778546711
122,GA,500,0,0.115435766184651,3.94418598402665,4.64235150199378,5.19760658095589,0.0674056902674009,0.00657727631074845,0.0159582170284738,0.00657727631074845,0.113343416142512,0.0685203081287785,0.0159582170284738,0.0685203081287785,0.0495362723034005,34.3432649217616,0.0135265068751629,0.0362,0,0.0692,0.01,0.203136,0.0997904,0.023302,0.0063786,0,0.235996,3.8,0.00673868,0.37515,0.0888888888888889,0,0.00628146,1.382,0,0.0661112,0.477386,0.345761666483293,0,1.44,12.1,0.4995,2.19,5.0784,2.49476,0.58255,0.159465,21.0035842293907,5.8999,95,0.168467,9.37875,0.41875,2.91300251256281,0.1570365,34.55,0.154861111111111,1.65278,11.93465,0.663542620071984,1,0.697609519085824,3.85595367737502e-05,0.106675703561767,1.08322981141486,0.523260486075412,1.12395948825633,0.443030780874046,0.14687482971743,1.32601343917181,1.04379568744073,25.0934955521434,0.0328519355237748,5.62835212443996,0.108446680499681,1.9739234585549e-09,0.00773198343935932,10.5087260359772,0.0465523163854008,0.068178039226768,6.39594135590205,0.436565900989688,0.816708454841973,42.1274692377547,86.150843553325,147.612900474039,0.840239999999991,1.67175778546711
122,GA,500,0,0.115435766184651,3.94418598402665,4.64235150199378,5.19760658095589,0.0674056902674009,0.00657727631074845,0.0159582170284738,0.00657727631074845,0.113343416142512,0.0685203081287785,0.0159582170284738,0.0685203081287785,0.0495362723034005,34.3432649217616,0.00297662409144165,0.0362,0,0.0692,0.01,0.203136,0.0997904,0.023302,0.0063786,0,0.235996,3.8,0.00673868,0.37515,0.0888888888888889,0,0.00628146,1.382,0,0.0661112,0.477386,0.345761666483293,0,1.44,12.1,0.4995,2.19,5.0784,2.49476,0.58255,0.159465,21.0035842293907,5.8999,95,0.168467,9.37875,0.41875,2.91300251256281,0.1570365,34.55,0.154861111111111,1.65278,11.93465,0.663542620071984,1,1.15815588329695,7.2493608402609e-11,0.33554204560074,1.08322981141486,0.228666201930596,0.190146174974508,0.49197397476715,0.0114646817899854,1.99529401047484,2.02696616038699,14.926305971165,0.0199175197130509,3.88552556880721,0.21957546169713,6.58246702598952e-11,0.0518259496376913,8.47494283828582,0.00262250519838029,0.240623254098583,8.61789905600272,0.355751752726122,0.816708454841973,38.7340469681302,92.7045335113894,152.243994075666,0.840239999999991,1.67175778546711
122,GA,500,0,0.115435766184651,3.94418598402665,4.64235150199378,5.19760658095589,0.0674056902674009,0.00657727631074845,0.0159582170284738,0.00657727631074845,0.113343416142512,0.0685203081287785,0.0159582170284738,0.0685203081287785,0.0495362723034005,34.3432649217616,0.0104196543337129,0.0362,0,0.0692,0.01,0.203136,0.0997904,0.023302,0.0063786,0,0.235996,3.8,0.00673868,0.37515,0.0888888888888889,0,0.00628146,1.382,0,0.0661112,0.477386,0.345761666483293,0,1.44,12.1,0.4995,2.19,5.0784,2.49476,0.58255,0.159465,21.0035842293907,5.8999,95,0.168467,9.37875,0.41875,2.91300251256281,0.1570365,34.55,0.154861111111111,1.65278,11.93465,0.663542620071984,1,0.037761354590067,1.37299261608059e-14,0.106675703561767,1.08322981141486,0.387630001463128,0.354393655656604,0.187523400691767,0.012160632507191,1.32601343917181,0.512485638195356,37.3832130452404,0.0648923444862926,4.41960985970513,0.21957546169713,0.000107204888747191,0.0066236211456488,10.5087260359772,0.0262250519838029,0.251676170943088,2.09251736849333,0.574096774166235,0.816708454841973,42.8263699545207,83.2034432756577,144.702924289638,0.840239999999991,1.67175778546711
122,GA,500,1,0.115435766184651,3.94418598402665,4.64235150199378,5.19760658095589,0.0674056902674009,0.00657727631074845,0.0159582170284738,0.00657727631074845,0.113343416142512,0.0685203081287785,0.0159582170284738,0.0685203081287785,0.0495362723034005,34.3432649217616,0.0104196543337129,0.0362,0,0.0692,0.01,0.203136,0.0997904,0.023302,0.0063786,0,0.235996,3.8,0.00673868,0.37515,0.0888888888888889,0,0.00628146,1.382,0,0.0661112,0.477386,0.345761666483293,0,1.44,12.1,0.4995,2.19,5.0784,2.49476,0.58255,0.159465,21.0035842293907,5.8999,95,0.168467,9.37875,0.41875,2.91300251256281,0.1570365,34.55,0.154861111111111,1.65278,11.93465,0.663542620071984,1,0.037761354590067,1.37299261608059e-14,0.106675703561767,1.08322981141486,0.387630001463128,0.354393655656604,0.187523400691767,0.012160632507191,1.32601343917181,0.512485638195356,37.3832130452404,0.0648923444862926,4.41960985970513,0.21957546169713,0.000107204888747191,0.0066236211456488,10.5087260359772,0.0262250519838029,0.251676170943088,2.09251736849333,0.574096774166235,0.816708454841973,42.8263699545207,83.2034432756577,144.702924289638,0.840239999999991,1.67175778546711
122,GA,500,0,0.115435766184651,3.94418598402665,4.64235150199378,5.19760658095589,0.0674056902674009,0.00657727631074845,0.0159582170284738,0.00657727631074845,0.113343416142512,0.0685203081287785,0.0159582170284738,0.0685203081287785,0.0495362723034005,34.3432649217616,0.00298044360043885,0.0362,0,0.0692,0.01,0.203136,0.0997904,0.023302,0.0063786,0,0.235996,3.8,0.00673868,0.37515,0.0888888888888889,0,0.00628146,1.382,0,0.0661112,0.477386,0.345761666483293,0,1.44,12.1,0.4995,2.19,5.0784,2.49476,0.58255,0.159465,21.0035842293907,5.8999,95,0.168467,9.37875,0.41875,2.91300251256281,0.1570365,34.55,0.154861111111111,1.65278,11.93465,0.663542620071984,1,0.325032270570951,6.85490059604685e-09,0.106675703561767,1.08322981141486,0.387630001463128,0.877964643016063,0.437382911035942,0.14687482971743,1.32601343917181,4.58086460011602,59.882420911022,0.0648923444862926,4.41960985970513,0.112671916743538,2.07860579025522e-07,0.0134012083767732,10.5087260359772,0.0262250519838029,0.189665733937792,3.36791779424044,0.459244421647998,0.816708454841973,38.3524625500835,92.2589979439935,151.316883815742,0.840239999999991,1.67175778546711
122,GA,500,0,0.115435766184651,3.94418598402665,4.64235150199378,5.19760658095589,0.0674056902674009,0.00657727631074845,0.0159582170284738,0.00657727631074845,0.113343416142512,0.0685203081287785,0.0159582170284738,0.0685203081287785,0.0495362723034005,34.3432649217616,0.00298044360016457,0.0362,0,0.0692,0.01,0.203136,0.0997904,0.023302,0.0063786,0,0.235996,3.8,0.00673868,0.37515,0.0888888888888889,0,0.00628146,1.382,0,0.0661112,0.477386,0.345761666483293,0,1.44,12.1,0.4995,2.19,5.0784,2.49476,0.58255,0.159465,21.0035842293907,5.8999,95,0.168467,9.37875,0.41875,2.91300251256281,0.1570365,34.55,0.154861111111111,1.65278,11.93465,0.663542620071984,1,0.325032270570951,6.85490059604685e-09,0.106675703561767,1.08322981141486,0.387630001463128,0.877964643016063,0.437382911035942,0.14687482971743,1.32601343917181,4.58086460011602,5.98824209110219,0.0648923444862926,4.41960985970513,0.112671916743538,2.07860579025522e-07,0.0134012083767732,10.5087260359772,0.0262250519838029,0.189665733937792,3.36791779424044,0.459244421647998,0.816708454841973,38.3524625500528,92.2589979440477,151.316883815778,0.840239999999991,1.67175778546711
122,GA,500,1,0.115435766184651,3.94418598402665,4.64235150199378,5.19760658095589,0.0674056902674009,0.00657727631074845,0.0159582170284738,0.00657727631074845,0.113343416142512,0.0685203081287785,0.0159582170284738,0.0685203081287785,0.0495362723034005,34.3432649217616,0.00298044360016457,0.0362,0,0.0692,0.01,0.203136,0.0997904,0.023302,0.0063786,0,0.235996,3.8,0.00673868,0.37515,0.0888888888888889,0,0.00628146,1.382,0,0.0661112,0.477386,0.345761666483293,0,1.44,12.1,0.4995,2.19,5.0784,2.49476,0.58255,0.159465,21.0035842293907,5.8999,95,0.168467,9.37875,0.41875,2.91300251256281,0.1570365,34.55,0.154861111111111,1.65278,11.93465,0.663542620071984,1,0.325032270570951,6.85490059604685e-09,0.106675703561767,1.08322981141486,0.387630001463128,0.877964643016063,0.437382911035942,0.14687482971743,1.32601343917181,4.58086460011602,5.98824209110219,0.0648923444862926,4.41960985970513,0.112671916743538,2.07860579025522e-07,0.0134012083767732,10.5087260359772,0.0262250519838029,0.189665733937792,3.36791779424044,0.459244421647998,0.816708454841973,38.3524625500528,92.2589979440477,151.316883815778,0.840239999999991,1.67175778546711
122,GA,500,1,0.115435766184651,3.94418598402665,4.64235150199378,5.19760658095589,0.0674056902674009,0.00657727631074845,0.0159582170284738,0.00657727631074845,0.113343416142512,0.0685203081287785,0.0159582170284738,0.0685203081287785,0.0495362723034005,34.3432649217616,0.0097859017097871,0.0362,0,0.0692,0.01,0.203136,0.0997904,0.023302,0.0063786,0,0.235996,3.8,0.00673868,0.37515,0.0888888888888889,0,0.00628146,1.382,0,0.0661112,0.477386,0.345761666483293,0,1.44,12.1,0.4995,2.19,5.0784,2.49476,0.58255,0.159465,21.0035842293907,5.8999,95,0.168467,9.37875,0.41875,2.91300251256281,0.1570365,34.55,0.154861111111111,1.65278,11.93465,0.663542620071984,1,0.037761354590067,1.37299261608059e-15,0.106675703561767,0.108322981141486,0.387630001463128,1.12395948825633,0.049197397476715,0.0811289049218722,1.32601343917181,0.512485638195356,14.926305971165,0.0648923444862926,4.41960985970513,0.21957546169713,6.58246702598952e-11,0.0134012083767732,10.5087260359772,0.0262250519838029,0.995151236192236,2.09251736849333,0.574096774166235,0.816708454841973,39.4334585003211,108.58528095279,172.388223825728,0.840239999999991,1.67175778546711
122,GA,500,1,0.115435766184651,3.94418598402665,4.64235150199378,5.19760658095589,0.0674056902674009,0.00657727631074845,0.0159582170284738,0.00657727631074845,0.113343416142512,0.0685203081287785,0.0159582170284738,0.0685203081287785,0.0495362723034005,34.3432649217616,0.00978589990150305,0.0362,0,0.0692,0.01,0.203136,0.0997904,0.023302,0.0063786,0,0.235996,3.8,0.00673868,0.37515,0.0888888888888889,0,0.00628146,1.382,0,0.0661112,0.477386,0.345761666483293,0,1.44,12.1,0.4995,2.19,5.0784,2.49476,0.58255,0.159465,21.0035842293907,5.8999,95,0.168467,9.37875,0.41875,2.91300251256281,0.1570365,34.55,0.154861111111111,1.65278,11.93465,0.663542620071984,1,0.037761354590067,1.37299261608059e-14,0.106675703561767,0.108322981141486,0.387630001463128,1.12395948825633,0.049197397476715,0.0811289049218722,1.32601343917181,0.512485638195356,14.926305971165,0.0648923444862926,4.41960985970513,0.21957546169713,6.58246702598952e-11,0.0134012083767732,10.5087260359772,0.0262250519838029,0.995151236192236,2.09251736849333,0.574096774166235,0.816708454841973,39.4334576189096,108.585282784955,172.388225187668,0.840239999999991,1.67175778546711
122,GA,500,0,0.115435766184651,3.94418598402665,4.64235150199378,5.19760658095589,0.0674056902674009,0.00657727631074845,0.0159582170284738,0.00657727631074845,0.113343416142512,0.0685203081287785,0.0159582170284738,0.0685203081287785,0.0495362723034005,34.3432649217616,0.00255745247393043,0.0362,0,0.0692,0.01,0.203136,0.0997904,0.023302,0.0063786,0,0.235996,3.8,0.00673868,0.37515,0.0888888888888889,0,0.00628146,1.382,0,0.0661112,0.477386,0.345761666483293,0,1.44,12.1,0.4995,2.19,5.0784,2.49476,0.58255,0.159465,21.0035842293907,5.8999,95,0.168467,9.37875,0.41875,2.91300251256281,0.1570365,34.55,0.154861111111111,1.65278,11.93465,0.663542620071984,1,0.565345632751188,7.2493608402609e-11,0.189762045018331,1.42344557998578,0.387630001463128,0.585055453091574,0.49197397476715,0.116941370040857,0.148496979060524,0.86975064501522,11.4050027216216,0.0506118819857661,3.88552556880721,0.21957546169713,6.58246702598952e-11,0.0286726329341234,8.47494283828582,0.0262250519838029,0.995151236192236,8.61789905600272,0.355751752726122,0.816708454841973,47.3704452414229,149.901094274023,230.913413831147,0.840239999999991,1.67175778546711
122,GA,500,0,0.115435766184651,3.94418598402665,4.64235150199378,5.19760658095589,0.0674056902674009,0.00657727631074845,0.0159582170284738,0.00657727631074845,0.113343416142512,0.0685203081287785,0.0159582170284738,0.0685203081287785,0.0495362723034005,34.3432649217616,0.00255745247393043,0.0362,0,0.0692,0.01,0.203136,0.0997904,0.023302,0.0063786,0,0.235996,3.8,0.00673868,0.37515,0.0888888888888889,0,0.00628146,1.382,0,0.0661112,0.477386,0.345761666483293,0,1.44,12.1,0.4995,2.19,5.0784,2.49476,0.58255,0.159465,21.0035842293907,5.8999,95,0.168467,9.37875,0.41875,2.91300251256281,0.1570365,34.55,0.154861111111111,1.65278,11.93465,0.663542620071984,1,0.565345632751188,7.2493608402609e-11,0.189762045018331,1.42344557998578,0.387630001463128,0.585055453091574,0.49197397476715,0.116941370040857,0.148496979060524,0.86975064501522,11.4050027216216,0.0506118819857661,3.88552556880721,0.21957546169713,6.58246702598952e-11,0.0286726329341234,8.47494283828582,0.0262250519838029,0.995151236192236,8.61789905600272,0.355751752726122,0.816708454841973,47.3704452414229,149.901094274023,230.913413831147,0.840239999999991,1.67175778546711
122,GA,500,0,0.115435766184651,3.94418598402665,4.64235150199378,5.19760658095589,0.0674056902674009,0.00657727631074845,0.0159582170284738,0.00657727631074845,0.113343416142512,0.0685203081287785,0.0159582170284738,0.0685203081287785,0.0495362723034005,34.3432649217616,0.000898151722508337,0.0362,0,0.0692,0.01,0.203136,0.0997904,0.023302,0.0063786,0,0.235996,3.8,0.00673868,0.37515,0.0888888888888889,0,0.00628146,1.382,0,0.0661112,0.477386,0.345761666483293,0,1.44,12.1,0.4995,2.19,5.0784,2.49476,0.58255,0.159465,21.0035842293907,5.8999,95,0.168467,9.37875,0.41875,2.91300251256281,0.1570365,34.55,0.154861111111111,1.65278,11.93465,0.663542620071984,1,0.37761354590067,1.37299261608059e-14,0.106675703561767,1.08322981141486,0.387630001463128,1.12395948825633,0.41732765724745,0.14687482971743,13.2601343917181,1.04379568744073,5.98824209110219,0.0648923444862926,4.41960985970513,0.112671916743538,2.07860579025522e-07,0.0134012083767732,10.5087260359772,0.0262250519838029,0.189665733937792,2.09251736849333,0.369146955385249,0.816708454841973,67.5949717367338,125.444327536544,221.192411303852,0.840239999999991,1.67175778546711
122,GA,500,0,0.115435766184651,3.94418598402665,4.64235150199378,5.19760658095589,0.0674056902674009,0.00657727631074845,0.0159582170284738,0.00657727631074845,0.113343416142512,0.0685203081287785,0.0159582170284738,0.0685203081287785,0.0495362723034005,34.3432649217616,0.00411062927629478,0.0362,0,0.0692,0.01,0.203136,0.0997904,0.023302,0.0063786,0,0.235996,3.8,0.00673868,0.37515,0.0888888888888889,0,0.00628146,1.382,0,0.0661112,0.477386,0.345761666483293,0,1.44,12.1,0.4995,2.19,5.0784,2.49476,0.58255,0.159465,21.0035842293907,5.8999,95,0.168467,9.37875,0.41875,2.91300251256281,0.1570365,34.55,0.154861111111111,1.65278,11.93465,0.663542620071984,1,0.410149823864621,3.61600277846288e-07,0.41552131248852,0.0157587581807599,0.746696478864772,0.907940817336472,0.0827906407855193,0.0419109649742696,4.37977534906498,0.73696662959153,4.48230758670022,0.141506926749212,3.17679634748729,0.12647110200761,0.126020088799756,0.0306966742281059,9.30084855605617,5.70149887400548e-19,0.989112365061969,6.55857546741764,0.375849078759741,0.758511957981166,48.6091115253565,134.900067690072,226.457418688659,0.840239999999991,1.67175778546711
122,GA,500,1,0.115435766184651,3.94418598402665,4.64235150199378,5.19760658095589,0.0674056902674009,0.00657727631074845,0.0159582170284738,0.00657727631074845,0.113343416142512,0.0685203081287785,0.0159582170284738,0.0685203081287785,0.0495362723034005,34.3432649217616,0.00723833915439592,0.0362,0,0.0692,0.01,0.203136,0.0997904,0.023302,0.0063786,0,0.235996,3.8,0.00673868,0.37515,0.0888888888888889,0,0.00628146,1.382,0,0.0661112,0.477386,0.345761666483293,0,1.44,12.1,0.4995,2.19,5.0784,2.49476,0.58255,0.159465,21.0035842293907,5.8999,95,0.168467,9.37875,0.41875,2.91300251256281,0.1570365,34.55,0.154861111111111,1.65278,11.93465,0.663542620071984,1,0.037761354590067,0.00151436833643606,0.312890732115484,0.0517871861509779,0.690418307525937,0.444972858811439,0.175408387038546,0.0264070031377125,1.32601343917181,4.38223823498553,14.926305971165,0.00755831142951199,1.75946669344081,0.21957546169713,6.58246702598952e-11,0.086256088462891,10.5087260359772,1.53095367547846e-19,0.0995151236192236,2.43909601042685,0.574096774166235,0.816708454841973,65.4011400542975,117.018431664918,208.681684012373,0.840239999999991,1.67175778546711
122,GA,500,1,0.115435766184651,3.94418598402665,4.64235150199378,5.19760658095589,0.0674056902674009,0.00657727631074845,0.0159582170284738,0.00657727631074845,0.113343416142512,0.0685203081287785,0.0159582170284738,0.0685203081287785,0.0495362723034005,34.3432649217616,0.0263711813197991,0.0362,0,0.0692,0.01,0.203136,0.0997904,0.023302,0.0063786,0,0.235996,3.8,0.00673868,0.37515,0.0888888888888889,0,0.00628146,1.382,0,0.0661112,0.477386,0.345761666483293,0,1.44,12.1,0.4995,2.19,5.0784,2.49476,0.58255,0.159465,21.0035842293907,5.8999,95,0.168467,9.37875,0.41875,2.91300251256281,0.1570365,34.55,0.154861111111111,1.65278,11.93465,0.663542620071984,1,0.037761354590067,1.95380467246724e-06,0.106675703561767,1.08322981141486,0.537354415707005,1.12395948825633,0.453194669911342,0.14687482971743,1.32601343917181,1.04379568744073,5.98824209110219,0.0648923444862926,0.44941934386744,0.112671916743538,2.37084801154014e-12,0.0431755930352106,2.84249104476916,3.91015235687572e-10,0.417112344629449,2.09251736849333,0.369146955385249,0.816708454841973,70.7417584411343,100.042859122084,193.236950610341,0.840239999999991,1.67175778546711
122,GA,500,1,0.115435766184651,3.94418598402665,4.64235150199378,5.19760658095589,0.0674056902674009,0.00657727631074845,0.0159582170284738,0.00657727631074845,0.113343416142512,0.0685203081287785,0.0159582170284738,0.0685203081287785,0.0495362723034005,34.3432649217616,0.0263711813197991,0.0362,0,0.0692,0.01,0.203136,0.0997904,0.023302,0.0063786,0,0.235996,3.8,0.00673868,0.37515,0.0888888888888889,0,0.00628146,1.382,0,0.0661112,0.477386,0.345761666483293,0,1.44,12.1,0.4995,2.19,5.0784,2.49476,0.58255,0.159465,21.0035842293907,5.8999,95,0.168467,9.37875,0.41875,2.91300251256281,0.1570365,34.55,0.154861111111111,1.65278,11.93465,0.663542620071984,1,0.037761354590067,1.95380467246724e-06,0.106675703561767,1.08322981141486,0.537354415707005,1.12395948825633,0.453194669911342,0.14687482971743,1.32601343917181,1.04379568744073,5.98824209110219,0.0648923444862926,0.44941934386744,0.112671916743538,2.37084801154014e-12,0.0431755930352106,2.84249104476916,3.91015235687572e-10,0.417112344629449,2.09251736849333,0.369146955385249,0.816708454841973,70.7417584411343,100.042859122084,193.236950610341,0.840239999999991,1.67175778546711
122,GA,500,1,0.115435766184651,3.94418598402665,4.64235150199378,5.19760658095589,0.0674056902674009,0.00657727631074845,0.0159582170284738,0.00657727631074845,0.113343416142512,0.0685203081287785,0.0159582170284738,0.0685203081287785,0.0495362723034005,34.3432649217616,0.0199251770158052,0.0362,0,0.0692,0.01,0.203136,0.0997904,0.023302,0.0063786,0,0.235996,3.8,0.00673868,0.37515,0.0888888888888889,0,0.00628146,1.382,0,0.0661112,0.477386,0.345761666483293,0,1.44,12.1,0.4995,2.19,5.0784,2.49476,0.58255,0.159465,21.0035842293907,5.8999,95,0.168467,9.37875,0.41875,2.91300251256281,0.1570365,34.55,0.154861111111111,1.65278,11.93465,0.663542620071984,1,0.0974935905963451,1.01575353823747e-10,0.390952463826241,1.08322981141486,0.387630001463128,1.77255550098967,0.384220592739447,0.0396167975656384,1.32601343917181,0.768229940127808,24.1320808403229,0.0256621522506735,0.948584406495536,0.143889458145054,4.32235117954972e-08,0.0181845111044066,5.06121960051148,1.57719450320267e-18,0.236876015758818,2.73694831976921,0.516783681868651,0.816708454841973,68.2179555544475,117.757103427272,212.402949268094,0.840239999999991,1.67175778546711
122,GA,500,1,0.115435766184651,3.94418598402665,4.64235150199378,5.19760658095589,0.0674056902674009,0.00657727631074845,0.0159582170284738,0.00657727631074845,0.113343416142512,0.0685203081287785,0.0159582170284738,0.0685203081287785,0.0495362723034005,34.3432649217616,0.102565482574657,0.0362,0,0.0692,0.01,0.203136,0.0997904,0.023302,0.0063786,0,0.235996,3.8,0.00673868,0.37515,0.0888888888888889,0,0.00628146,1.382,0,0.0661112,0.477386,0.345761666483293,0,1.44,12.1,0.4995,2.19,5.0784,2.49476,0.58255,0.159465,21.0035842293907,5.8999,95,0.168467,9.37875,0.41875,2.91300251256281,0.1570365,34.55,0.154861111111111,1.65278,11.93465,0.663542620071984,1,0.325032270570951,7.2493608402609e-10,0.379716216609904,1.08322981141486,0.387630001463128,1.12395948825633,0.49197397476715,0.0897190927538993,10.8926309164505,4.58086460011602,14.926305971165,0.03980139721935,0.952210213392367,0.112645176114433,0.809494118959263,0.0286726329341234,15.4309180351339,3.97448770837526e-17,0.129606487869952,3.36791779424044,0.459244421647998,0.958933295004431,60.5516816207359,112.18394659809,177.539950963883,0.840239999999991,1.67175778546711
122,GA,500,1,0.115435766184651,3.94418598402665,4.64235150199378,5.19760658095589,0.0674056902674009,0.00657727631074845,0.0159582170284738,0.00657727631074845,0.113343416142512,0.0685203081287785,0.0159582170284738,0.0685203081287785,0.0495362723034005,34.3432649217616,0.0170500043869353,0.0362,0,0.0692,0.01,0.203136,0.0997904,0.023302,0.0063786,0,0.235996,3.8,0.00673868,0.37515,0.0888888888888889,0,0.00628146,1.382,0,0.0661112,0.477386,0.345761666483293,0,1.44,12.1,0.4995,2.19,5.0784,2.49476,0.58255,0.159465,21.0035842293907,5.8999,95,0.168467,9.37875,0.41875,2.91300251256281,0.1570365,34.55,0.154861111111111,1.65278,11.93465,0.663542620071984,1,0.037761354590067,1.37299261608059e-14,0.106675703561767,1.08322981141486,0.387630001463128,1.12395948825633,0.49197397476715,0.0811289049218722,1.32601343917181,0.86975064501522,14.926305971165,0.0506118819857661,3.88552556880721,0.21957546169713,6.58246702598952e-11,0.0134012083767732,10.5087260359772,0.0262250519838029,0.995151236192236,2.09251736849333,0.574096774166235,0.816708454841973,53.3187094846669,70.3891500950192,139.50509543146,0.840239999999991,1.67175778546711
122,GA,500,0,0.115435766184651,3.94418598402665,4.64235150199378,5.19760658095589,0.0674056902674009,0.00657727631074845,0.0159582170284738,0.00657727631074845,0.113343416142512,0.0685203081287785,0.0159582170284738,0.0685203081287785,0.0495362723034005,34.3432649217616,0.000795313002020444,0.0362,0,0.0692,0.01,0.203136,0.0997904,0.023302,0.0063786,0,0.235996,3.8,0.00673868,0.37515,0.0888888888888889,0,0.00628146,1.382,0,0.0661112,0.477386,0.345761666483293,0,1.44,12.1,0.4995,2.19,5.0784,2.49476,0.58255,0.159465,21.0035842293907,5.8999,95,0.168467,9.37875,0.41875,2.91300251256281,0.1570365,34.55,0.154861111111111,1.65278,11.93465,0.663542620071984,1,0.267973582756084,1.7745066132616e-14,0.169415037771079,1.08322981141486,0.374289070832957,0.968713416538007,0.49197397476715,0.0762888407553339,0.592009789144995,4.69323623617571,25.4442697678591,0.0648923444862926,4.41960985970513,0.21957546169713,6.58246702598952e-11,0.0452013759180829,16.8612041775535,1.09348526756866e-12,0.995151236192236,2.09251736849333,0.574096774166235,0.816708454841973,56.7134950127839,76.1002664838811,149.892726882749,0.840239999999991,1.67175778546711
122,GA,500,1,0.115435766184651,3.94418598402665,4.64235150199378,5.19760658095589,0.0674056902674009,0.00657727631074845,0.0159582170284738,0.00657727631074845,0.113343416142512,0.0685203081287785,0.0159582170284738,0.0685203081287785,0.0495362723034005,34.3432649217616,0.0351554526186207,0.0362,0,0.0692,0.01,0.203136,0.0997904,0.023302,0.0063786,0,0.235996,3.8,0.00673868,0.37515,0.0888888888888889,0,0.00628146,1.382,0,0.0661112,0.477386,0.345761666483293,0,1.44,12.1,0.4995,2.19,5.0784,2.49476,0.58255,0.159465,21.0035842293907,5.8999,95,0.168467,9.37875,0.41875,2.91300251256281,0.1570365,34.55,0.154861111111111,1.65278,11.93465,0.663542620071984,1,0.410149823864621,2.47078377028357e-07,0.241693777737017,0.0423816317883353,0.387630001463128,0.907940817336472,0.308079942107167,0.118032737391287,1.32601343917181,1.9212956444335,4.48230758670022,0.0648923444862926,3.17679634748729,0.12647110200761,2.19001988432083e-08,0.0134012083767732,10.5087260359772,5.70149887400548e-19,0.0742413173610718,2.09251736849333,0.441785750677778,0.758511957981166,52.6954820536476,66.7631665923907,140.714089921196,0.840239999999991,1.67175778546711
122,GA,500,1,0.115435766184651,3.94418598402665,4.64235150199378,5.19760658095589,0.0674056902674009,0.00657727631074845,0.0159582170284738,0.00657727631074845,0.113343416142512,0.0685203081287785,0.0159582170284738,0.0685203081287785,0.0495362723034005,34.3432649217616,0.00896467913156308,0.0362,0,0.0692,0.01,0.203136,0.0997904,0.023302,0.0063786,0,0.235996,3.8,0.00673868,0.37515,0.0888888888888889,0,0.00628146,1.382,0,0.0661112,0.477386,0.345761666483293,0,1.44,12.1,0.4995,2.19,5.0784,2.49476,0.58255,0.159465,21.0035842293907,5.8999,95,0.168467,9.37875,0.41875,2.91300251256281,0.1570365,34.55,0.154861111111111,1.65278,11.93465,0.663542620071984,1,0.966371224542811,0.0248236858420792,0.106675703561767,1.08322981141486,1.46371924524271,0.704849724000353,0.49197397476715,0.0430102186428343,1.32601343917181,0.377581296972491,14.926305971165,0.0648923444862926,0.764651516709151,0.21957546169713,6.58246702598952e-11,0.0134012083767732,2.33613507803012,0.0262250519838029,0.995151236192236,2.09251736849333,0.574096774166235,0.816708454841973,42.7676606812278,74.6655602748099,134.190199326621,0.840239999999991,1.67175778546711
122,GA,500,1,0.115435766184651,3.94418598402665,4.64235150199378,5.19760658095589,0.0674056902674009,0.00657727631074845,0.0159582170284738,0.00657727631074845,0.113343416142512,0.0685203081287785,0.0159582170284738,0.0685203081287785,0.0495362723034005,34.3432649217616,0.0467897541576337,0.0362,0,0.0692,0.01,0.203136,0.0997904,0.023302,0.0063786,0,0.235996,3.8,0.00673868,0.37515,0.0888888888888889,0,0.00628146,1.382,0,0.0661112,0.477386,0.345761666483293,0,1.44,12.1,0.4995,2.19,5.0784,2.49476,0.58255,0.159465,21.0035842293907,5.8999,95,0.168467,9.37875,0.41875,2.91300251256281,0.1570365,34.55,0.154861111111111,1.65278,11.93465,0.663542620071984,1,0.037761354590067,1.37299261608059e-14,0.106675703561767,1.08322981141486,0.387630001463128,1.14085275216875,0.49197397476715,0.0811289049218722,0.132601343917181,5.12485638195356,25.4442697678591,0.0367623215560257,4.41960985970513,0.21957546169713,6.58246702598952e-11,0.0134012083767732,16.8612041775535,0.00262250519838029,0.0672498050960735,2.09251736849333,0.574096774166235,0.816708454841973,60.5133946780579,86.8764922720781,166.887329901844,0.840239999999991,1.67175778546711
122,GA,500,0,0.115435766184651,3.94418598402665,4.64235150199378,5.19760658095589,0.0674056902674009,0.00657727631074845,0.0159582170284738,0.00657727631074845,0.113343416142512,0.0685203081287785,0.0159582170284738,0.0685203081287785,0.0495362723034005,34.3432649217616,0.0169305532661768,0.0362,0,0.0692,0.01,0.203136,0.0997904,0.023302,0.0063786,0,0.235996,3.8,0.00673868,0.37515,0.0888888888888889,0,0.00628146,1.382,0,0.0661112,0.477386,0.345761666483293,0,1.44,12.1,0.4995,2.19,5.0784,2.49476,0.58255,0.159465,21.0035842293907,5.8999,95,0.168467,9.37875,0.41875,2.91300251256281,0.1570365,34.55,0.154861111111111,1.65278,11.93465,0.663542620071984,1,0.449511506333283,1.01575353823747e-10,0.33554204560074,0.378377414976778,0.387630001463128,1.77255550098967,0.580922548533809,0.0897190927538993,10.8926309164505,0.86975064501522,14.926305971165,0.03980139721935,0.952210213392367,0.21957546169713,1.791447765369e-17,0.0286726329341234,3.25206483882638,0.0262250519838029,1.29606487869952,0.724815293833597,0.358524397110838,0.816708454841973,51.0501567934921,70.6675677842269,137.577444916033,0.840239999999991,1.67175778546711
122,GA,500,1,0.115435766184651,3.94418598402665,4.64235150199378,5.19760658095589,0.0674056902674009,0.00657727631074845,0.0159582170284738,0.00657727631074845,0.113343416142512,0.0685203081287785,0.0159582170284738,0.0685203081287785,0.0495362723034005,34.3432649217616,0.0773964373204418,0.0362,0,0.0692,0.01,0.203136,0.0997904,0.023302,0.0063786,0,0.235996,3.8,0.00673868,0.37515,0.0888888888888889,0,0.00628146,1.382,0,0.0661112,0.477386,0.345761666483293,0,1.44,12.1,0.4995,2.19,5.0784,2.49476,0.58255,0.159465,21.0035842293907,5.8999,95,0.168467,9.37875,0.41875,2.91300251256281,0.1570365,34.55,0.154861111111111,1.65278,11.93465,0.663542620071984,1,0.410149823864621,3.61600277846288e-07,0.0963014649727906,0.0816342423066924,0.521791530434821,0.907940817336472,0.0827906407855193,0.0419109649742696,4.37977534906498,0.73696662959153,12.2725045338088,0.141506926749212,3.17679634748729,0.12647110200761,0.0126020088799756,0.0306966742281059,6.08526330340214,0.00638081423016666,0.989112365061969,6.55857546741764,0.375849078759741,0.758511957981166,37.4341273201892,93.807732896381,161.107501100686,0.840239999999991,1.67175778546711
122,GA,500,1,0.115435766184651,3.94418598402665,4.64235150199378,5.19760658095589,0.0674056902674009,0.00657727631074845,0.0159582170284738,0.00657727631074845,0.113343416142512,0.0685203081287785,0.0159582170284738,0.0685203081287785,0.0495362723034005,34.3432649217616,0.0270328339254924,0.0362,0,0.0692,0.01,0.203136,0.0997904,0.023302,0.0063786,0,0.235996,3.8,0.00673868,0.37515,0.0888888888888889,0,0.00628146,1.382,0,0.0661112,0.477386,0.345761666483293,0,1.44,12.1,0.4995,2.19,5.0784,2.49476,0.58255,0.159465,21.0035842293907,5.8999,95,0.168467,9.37875,0.41875,2.91300251256281,0.1570365,34.55,0.154861111111111,1.65278,11.93465,0.663542620071984,1,1.42277391274274,3.37454810582022e-12,0.312890732115484,0.576730140425539,0.469519354492623,0.444972858811439,0.20465930160183,0.0109070086519886,1.22438659972536,0.73696662959153,8.96119325223109,0.141506926749212,3.54645996065613,0.325232901335974,2.93611046275789e-12,0.086256088462891,9.30084855605617,9.39477879871206e-05,0.19376486332315,3.69204051214267,0.487501489445734,0.758511957981166,39.7229745924935,127.852021097213,208.279343087329,0.840239999999991,1.67175778546711
122,GA,500,0,0.115435766184651,3.94418598402665,4.64235150199378,5.19760658095589,0.0674056902674009,0.00657727631074845,0.0159582170284738,0.00657727631074845,0.113343416142512,0.0685203081287785,0.0159582170284738,0.0685203081287785,0.0495362723034005,34.3432649217616,0.0104056185569183,0.0362,0,0.0692,0.01,0.203136,0.0997904,0.023302,0.0063786,0,0.235996,3.8,0.00673868,0.37515,0.0888888888888889,0,0.00628146,1.382,0,0.0661112,0.477386,0.345761666483293,0,1.44,12.1,0.4995,2.19,5.0784,2.49476,0.58255,0.159465,21.0035842293907,5.8999,95,0.168467,9.37875,0.41875,2.91300251256281,0.1570365,34.55,0.154861111111111,1.65278,11.93465,0.663542620071984,1,0.112908577399048,1.37299261608059e-14,0.0839363855083583,1.95004077256936,1.65259867218287,1.02099603855866,0.49197397476715,0.0151141930675403,5.90790648835231,0.512485638195356,25.4442697678591,0.0481444305343451,4.41960985970513,0.368925799606527,6.58246702598952e-11,0.121417845926654,6.13049498337991,2.78007485422863e-12,0.494334151489724,8.48455462585815,0.368178919942555,0.816708454841973,52.2277492315559,64.8881187148631,131.678523042167,0.840239999999991,1.67175778546711
122,GA,500,0,0.115435766184651,3.94418598402665,4.64235150199378,5.19760658095589,0.0674056902674009,0.00657727631074845,0.0159582170284738,0.00657727631074845,0.113343416142512,0.0685203081287785,0.0159582170284738,0.0685203081287785,0.0495362723034005,34.3432649217616,0.0172746187227777,0.0362,0,0.0692,0.01,0.203136,0.0997904,0.023302,0.0063786,0,0.235996,3.8,0.00673868,0.37515,0.0888888888888889,0,0.00628146,1.382,0,0.0661112,0.477386,0.345761666483293,0,1.44,12.1,0.4995,2.19,5.0784,2.49476,0.58255,0.159465,21.0035842293907,5.8999,95,0.168467,9.37875,0.41875,2.91300251256281,0.1570365,34.55,0.154861111111111,1.65278,11.93465,0.663542620071984,1,0.037761354590067,1.37097574126542e-07,0.148234997064116,0.0303102642237714,0.939617465213638,2.25452677445381,0.0435232934882241,0.0183275062246172,5.38095316724128,3.96575356406749,13.0251149506815,0.0648923444862926,2.38667318561242,0.112671916743538,2.07860579025522e-07,0.0134012083767732,12.9719280186057,4.31592086903494e-08,0.416217711912654,2.09251736849333,0.489187823695342,0.816708454841973,47.8852461005428,72.1282499334409,136.201033093831,0.840239999999991,1.67175778546711
122,GA,500,0,0.115435766184651,3.94418598402665,4.64235150199378,5.19760658095589,0.0674056902674009,0.00657727631074845,0.0159582170284738,0.00657727631074845,0.113343416142512,0.0685203081287785,0.0159582170284738,0.0685203081287785,0.0495362723034005,34.3432649217616,0.00168642953863913,0.0362,0,0.0692,0.01,0.203136,0.0997904,0.023302,0.0063786,0,0.235996,3.8,0.00673868,0.37515,0.0888888888888889,0,0.00628146,1.382,0,0.0661112,0.477386,0.345761666483293,0,1.44,12.1,0.4995,2.19,5.0784,2.49476,0.58255,0.159465,21.0035842293907,5.8999,95,0.168467,9.37875,0.41875,2.91300251256281,0.1570365,34.55,0.154861111111111,1.65278,11.93465,0.663542620071984,1,1.30675423337098,8.25858541745726e-07,0.363367183613787,0.132049928665783,0.387630001463128,1.12395948825633,0.49197397476715,0.0576827980048167,0.833300095514468,3.29273991650781,14.926305971165,0.0192763124463403,4.41960985970513,0.413518123708923,3.81234982264063e-15,0.0838373923969438,7.96941658637612,0.0262250519838029,0.564985571681331,8.01624434987282,0.395961466795097,0.816708454841973,38.7725883567884,141.299687868804,211.783761476264,0.840239999999991,1.67175778546711
122,GA,500,1,0.115435766184651,3.94418598402665,4.64235150199378,5.19760658095589,0.0674056902674009,0.00657727631074845,0.0159582170284738,0.00657727631074845,0.113343416142512,0.0685203081287785,0.0159582170284738,0.0685203081287785,0.0495362723034005,34.3432649217616,0.0657627596491363,0.0362,0,0.0692,0.01,0.203136,0.0997904,0.023302,0.0063786,0,0.235996,3.8,0.00673868,0.37515,0.0888888888888889,0,0.00628146,1.382,0,0.0661112,0.477386,0.345761666483293,0,1.44,12.1,0.4995,2.19,5.0784,2.49476,0.58255,0.159465,21.0035842293907,5.8999,95,0.168467,9.37875,0.41875,2.91300251256281,0.1570365,34.55,0.154861111111111,1.65278,11.93465,0.663542620071984,1,0.846322127465164,4.4161967744314e-16,0.302916684563202,0.403940347586626,1.43842953262108,0.877964643016063,0.447718646133985,0.0897190927538993,7.56898553524094,4.58086460011602,41.3221113232482,0.03980139721935,2.65320590739658,0.103965732419224,9.24651567738417e-19,0.03146311471895,15.4309180351339,2.28734501194676e-21,0.886649381973208,11.8685795509476,0.42448203057904,0.958933295004431,56.522877202882,150.003909370327,212.950764472803,0.840239999999991,1.67175778546711
122,GA,500,0,0.115435766184651,3.94418598402665,4.64235150199378,5.19760658095589,0.0674056902674009,0.00657727631074845,0.0159582170284738,0.00657727631074845,0.113343416142512,0.0685203081287785,0.0159582170284738,0.0685203081287785,0.0495362723034005,34.3432649217616,1.91059202783205e-19,0.0362,0,0.0692,0.01,0.203136,0.0997904,0.023302,0.0063786,0,0.235996,3.8,0.00673868,0.37515,0.0888888888888889,0,0.00628146,1.382,0,0.0661112,0.477386,0.345761666483293,0,1.44,12.1,0.4995,2.19,5.0784,2.49476,0.58255,0.159465,21.0035842293907,5.8999,95,0.168467,9.37875,0.41875,2.91300251256281,0.1570365,34.55,0.154861111111111,1.65278,11.93465,0.663542620071984,1,0.410149823864621,3.61600277846288e-08,0.41552131248852,0.0157587581807599,0.746696478864772,0.907940817336472,0.0827906407855193,0.0419109649742696,4.37977534906498,0.73696662959153,4.48230758670022,0.141506926749212,3.17679634748729,0.12647110200761,0.0126020088799756,0.0306966742281059,9.30084855605617,5.70149887400548e-19,0.989112365061969,6.55857546741764,0.375849078759741,0.758511957981166,48.1318756124937,138.089638711975,230.185220004731,0.840239999999991,1.67175778546711
122,GA,500,0,0.115435766184651,3.94418598402665,4.64235150199378,5.19760658095589,0.0674056902674009,0.00657727631074845,0.0159582170284738,0.00657727631074845,0.113343416142512,0.0685203081287785,0.0159582170284738,0.0685203081287785,0.0495362723034005,34.3432649217616,0,0.0362,0,0.0692,0.01,0.203136,0.0997904,0.023302,0.0063786,0,0.235996,3.8,0.00673868,0.37515,0.0888888888888889,0,0.00628146,1.382,0,0.0661112,0.477386,0.345761666483293,0,1.44,12.1,0.4995,2.19,5.0784,2.49476,0.58255,0.159465,21.0035842293907,5.8999,95,0.168467,9.37875,0.41875,2.91300251256281,0.1570365,34.55,0.154861111111111,1.65278,11.93465,0.663542620071984,1,0.410149823864621,3.61600277846288e-07,0.41552131248852,0.0157587581807599,0.746696478864772,0.907940817336472,0.0827906407855193,0.0419109649742696,4.37977534906498,0.73696662959153,4.48230758670022,0.141506926749212,3.17679634748729,0.12647110200761,0.0126020088799756,0.0306966742281059,9.30084855605617,5.70149887400548e-19,0.989112365061969,6.55857546741764,0.375849078759741,0.758511957981166,48.131874189434,138.089650919255,230.185234675392,0.840239999999991,1.67175778546711
122,GA,500,0,0.115435766184651,3.94418598402665,4.64235150199378,5.19760658095589,0.0674056902674009,0.00657727631074845,0.0159582170284738,0.00657727631074845,0.113343416142512,0.0685203081287785,0.0159582170284738,0.0685203081287785,0.0495362723034005,34.3432649217616,0,0.0362,0,0.0692,0.01,0.203136,0.0997904,0.023302,0.0063786,0,0.235996,3.8,0.00673868,0.37515,0.0888888888888889,0,0.00628146,1.382,0,0.0661112,0.477386,0.345761666483293,0,1.44,12.1,0.4995,2.19,5.0784,2.49476,0.58255,0.159465,21.0035842293907,5.8999,95,0.168467,9.37875,0.41875,2.91300251256281,0.1570365,34.55,0.154861111111111,1.65278,11.93465,0.663542620071984,1,0.410149823864621,3.61600277846288e-07,0.41552131248852,0.0157587581807599,0.746696478864772,0.907940817336472,0.0827906407855193,0.0419109649742696,4.37977534906498,0.73696662959153,4.48230758670022,0.141506926749212,3.17679634748729,0.12647110200761,0.0126020088799756,0.0306966742281059,9.30084855605617,5.70149887400548e-20,0.989112365061969,6.55857546741764,0.375849078759741,0.758511957981166,48.131874189434,138.089650919255,230.185234675392,0.840239999999991,1.67175778546711
122,GA,500,0,0.115435766184651,3.94418598402665,4.64235150199378,5.19760658095589,0.0674056902674009,0.00657727631074845,0.0159582170284738,0.00657727631074845,0.113343416142512,0.0685203081287785,0.0159582170284738,0.0685203081287785,0.0495362723034005,34.3432649217616,0,0.0362,0,0.0692,0.01,0.203136,0.0997904,0.023302,0.0063786,0,0.235996,3.8,0.00673868,0.37515,0.0888888888888889,0,0.00628146,1.382,0,0.0661112,0.477386,0.345761666483293,0,1.44,12.1,0.4995,2.19,5.0784,2.49476,0.58255,0.159465,21.0035842293907,5.8999,95,0.168467,9.37875,0.41875,2.91300251256281,0.1570365,34.55,0.154861111111111,1.65278,11.93465,0.663542620071984,1,0.410149823864621,3.61600277846288e-07,0.41552131248852,0.0157587581807599,0.746696478864772,0.907940817336472,0.0827906407855193,0.0419109649742696,4.37977534906498,0.73696662959153,4.48230758670022,0.141506926749212,3.17679634748729,0.12647110200761,0.0126020088799756,0.0306966742281059,9.30084855605617,5.70149887400548e-20,0.989112365061969,6.55857546741764,0.375849078759741,0.758511957981166,48.131874189434,138.089650919255,230.185234675392,0.840239999999991,1.67175778546711
122,GA,500,0,0.115435766184651,3.94418598402665,4.64235150199378,5.19760658095589,0.0674056902674009,0.00657727631074845,0.0159582170284738,0.00657727631074845,0.113343416142512,0.0685203081287785,0.0159582170284738,0.0685203081287785,0.0495362723034005,34.3432649217616,0.0170941107165414,0.0362,0,0.0692,0.01,0.203136,0.0997904,0.023302,0.0063786,0,0.235996,3.8,0.00673868,0.37515,0.0888888888888889,0,0.00628146,1.382,0,0.0661112,0.477386,0.345761666483293,0,1.44,12.1,0.4995,2.19,5.0784,2.49476,0.58255,0.159465,21.0035842293907,5.8999,95,0.168467,9.37875,0.41875,2.91300251256281,0.1570365,34.55,0.154861111111111,1.65278,11.93465,0.663542620071984,1,0.037761354590067,1.95050271326823e-06,0.41552131248852,0.0157587581807599,0.746696478864772,0.907940817336472,0.0827906407855193,0.0419109649742696,4.37977534906498,0.73696662959153,14.926305971165,0.141506926749212,3.17679634748729,0.12647110200761,6.58246702598952e-11,0.0134012083767732,9.30084855605617,3.69399144302514e-09,0.852810035757825,6.55857546741764,0.375849078759741,0.758511957981166,61.2388656910742,77.1817172473073,162.992986288898,0.840239999999991,1.67175778546711
122,GA,500,1,0.115435766184651,3.94418598402665,4.64235150199378,5.19760658095589,0.0674056902674009,0.00657727631074845,0.0159582170284738,0.00657727631074845,0.113343416142512,0.0685203081287785,0.0159582170284738,0.0685203081287785,0.0495362723034005,34.3432649217616,0.00919924951496231,0.0362,0,0.0692,0.01,0.203136,0.0997904,0.023302,0.0063786,0,0.235996,3.8,0.00673868,0.37515,0.0888888888888889,0,0.00628146,1.382,0,0.0661112,0.477386,0.345761666483293,0,1.44,12.1,0.4995,2.19,5.0784,2.49476,0.58255,0.159465,21.0035842293907,5.8999,95,0.168467,9.37875,0.41875,2.91300251256281,0.1570365,34.55,0.154861111111111,1.65278,11.93465,0.663542620071984,1,1.42192601008879,0.00597613610378823,0.094917301560654,1.08322981141486,0.763669405593525,1.12732700827361,0.447718646133985,0.0215575511429008,7.56898553524094,1.89862708879693,25.0934955521434,0.0273611095967278,0.948584406495536,0.348520361456487,8.40341995482226e-12,0.03146311471895,5.06121960051148,3.99834133626456e-05,0.886649381973208,1.03872869812447,0.45369615227388,0.816708454841973,36.5164780050528,117.608770730366,180.519849138418,0.840239999999991,1.67175778546711
122,GA,500,1,0.115435766184651,3.94418598402665,4.64235150199378,5.19760658095589,0.0674056902674009,0.00657727631074845,0.0159582170284738,0.00657727631074845,0.113343416142512,0.0685203081287785,0.0159582170284738,0.0685203081287785,0.0495362723034005,34.3432649217616,0.020708972278813,0.0362,0,0.0692,0.01,0.203136,0.0997904,0.023302,0.0063786,0,0.235996,3.8,0.00673868,0.37515,0.0888888888888889,0,0.00628146,1.382,0,0.0661112,0.477386,0.345761666483293,0,1.44,12.1,0.4995,2.19,5.0784,2.49476,0.58255,0.159465,21.0035842293907,5.8999,95,0.168467,9.37875,0.41875,2.91300251256281,0.1570365,34.55,0.154861111111111,1.65278,11.93465,0.663542620071984,1,1.02498647206923,0.00597613610378823,0.390952463826241,0.186319755753755,0.523260486075412,2.08826905789341,0.437382911035942,0.114093870394109,6.31551340487285,3.10909340726647,42.5513214920691,0.0592439704663513,1.87178201826934,0.100653674419686,0.000156043204089122,0.03146311471895,11.9099726089675,2.28734501194676e-20,0.1908245557486,2.73694831976921,0.378537585475765,0.958933295004431,60.6455563352493,142.754643409943,209.513724907166,0.840239999999991,1.67175778546711
122,GA,500,0,0.115435766184651,3.94418598402665,4.64235150199378,5.19760658095589,0.0674056902674009,0.00657727631074845,0.0159582170284738,0.00657727631074845,0.113343416142512,0.0685203081287785,0.0159582170284738,0.0685203081287785,0.0495362723034005,34.3432649217616,0.0160388130217111,0.0362,0,0.0692,0.01,0.203136,0.0997904,0.023302,0.0063786,0,0.235996,3.8,0.00673868,0.37515,0.0888888888888889,0,0.00628146,1.382,0,0.0661112,0.477386,0.345761666483293,0,1.44,12.1,0.4995,2.19,5.0784,2.49476,0.58255,0.159465,21.0035842293907,5.8999,95,0.168467,9.37875,0.41875,2.91300251256281,0.1570365,34.55,0.154861111111111,1.65278,11.93465,0.663542620071984,1,0.037761354590067,1.95050271326823e-06,0.41552131248852,0.0157587581807599,0.746696478864772,0.907940817336472,0.0827906407855193,0.0419109649742696,4.37977534906498,0.73696662959153,14.926305971165,0.141506926749212,3.17679634748729,0.12647110200761,6.58246702598952e-11,0.0134012083767732,9.30084855605617,3.69399144302514e-09,0.852810035757825,0.655857546741764,0.375849078759741,0.758511957981166,61.3274230031288,77.1817176102493,163.081544079445,0.840239999999991,1.67175778546711
122,GA,500,1,0.115435766184651,3.94418598402665,4.64235150199378,5.19760658095589,0.0674056902674009,0.00657727631074845,0.0159582170284738,0.00657727631074845,0.113343416142512,0.0685203081287785,0.0159582170284738,0.0685203081287785,0.0495362723034005,34.3432649217616,0.0315251280183793,0.0362,0,0.0692,0.01,0.203136,0.0997904,0.023302,0.0063786,0,0.235996,3.8,0.00673868,0.37515,0.0888888888888889,0,0.00628146,1.382,0,0.0661112,0.477386,0.345761666483293,0,1.44,12.1,0.4995,2.19,5.0784,2.49476,0.58255,0.159465,21.0035842293907,5.8999,95,0.168467,9.37875,0.41875,2.91300251256281,0.1570365,34.55,0.154861111111111,1.65278,11.93465,0.663542620071984,1,0.37761354590067,7.2493608402609e-11,0.33554204560074,1.08322981141486,0.387630001463128,1.12395948825633,0.49197397476715,0.116941370040857,13.2601343917181,0.86975064501522,14.926305971165,0.0506118819857661,3.88552556880721,0.21957546169713,6.58246702598952e-11,0.0286726329341234,8.47494283828582,0.0262250519838029,0.995151236192236,8.61789905600272,0.355751752726122,0.816708454841973,67.0743545772913,132.229256056863,228.979444787785,0.840239999999991,1.67175778546711
122,GA,500,1,0.115435766184651,3.94418598402665,4.64235150199378,5.19760658095589,0.0674056902674009,0.00657727631074845,0.0159582170284738,0.00657727631074845,0.113343416142512,0.0685203081287785,0.0159582170284738,0.0685203081287785,0.0495362723034005,34.3432649217616,0.0315251280183793,0.0362,0,0.0692,0.01,0.203136,0.0997904,0.023302,0.0063786,0,0.235996,3.8,0.00673868,0.37515,0.0888888888888889,0,0.00628146,1.382,0,0.0661112,0.477386,0.345761666483293,0,1.44,12.1,0.4995,2.19,5.0784,2.49476,0.58255,0.159465,21.0035842293907,5.8999,95,0.168467,9.37875,0.41875,2.91300251256281,0.1570365,34.55,0.154861111111111,1.65278,11.93465,0.663542620071984,1,0.37761354590067,7.2493608402609e-11,0.33554204560074,1.08322981141486,0.387630001463128,1.12395948825633,0.49197397476715,0.116941370040857,13.2601343917181,0.86975064501522,14.926305971165,0.0506118819857661,3.88552556880721,0.21957546169713,6.58246702598952e-11,0.0286726329341234,8.47494283828582,0.0262250519838029,0.995151236192236,8.61789905600272,0.355751752726122,0.816708454841973,67.0743545772913,132.229256056863,228.979444787785,0.840239999999991,1.67175778546711
122,GA,500,1,0.115435766184651,3.94418598402665,4.64235150199378,5.19760658095589,0.0674056902674009,0.00657727631074845,0.0159582170284738,0.00657727631074845,0.113343416142512,0.0685203081287785,0.0159582170284738,0.0685203081287785,0.0495362723034005,34.3432649217616,0.0219156100327998,0.0362,0,0.0692,0.01,0.203136,0.0997904,0.023302,0.0063786,0,0.235996,3.8,0.00673868,0.37515,0.0888888888888889,0,0.00628146,1.382,0,0.0661112,0.477386,0.345761666483293,0,1.44,12.1,0.4995,2.19,5.0784,2.49476,0.58255,0.159465,21.0035842293907,5.8999,95,0.168467,9.37875,0.41875,2.91300251256281,0.1570365,34.55,0.154861111111111,1.65278,11.93465,0.663542620071984,1,0.107360311215063,1.01575353823747e-10,0.478024064134176,1.44632018297092,0.387630001463128,1.71890657731738,0.580922548533809,0.116941370040857,4.51455604754801,0.86975064501522,73.588267882261,0.107477107788706,3.88552556880721,0.21957546169713,0.000133328912378931,0.0286726329341234,9.24267944991553,0.0262250519838029,0.0946053561661174,0.724815293833597,0.474752442891874,0.816708454841973,60.5549895930077,78.0870444058125,156.166886277635,0.840239999999991,1.67175778546711
122,GA,500,0,0.115435766184651,3.94418598402665,4.64235150199378,5.19760658095589,0.0674056902674009,0.00657727631074845,0.0159582170284738,0.00657727631074845,0.113343416142512,0.0685203081287785,0.0159582170284738,0.0685203081287785,0.0495362723034005,34.3432649217616,0.00965752178110408,0.0362,0,0.0692,0.01,0.203136,0.0997904,0.023302,0.0063786,0,0.235996,3.8,0.00673868,0.37515,0.0888888888888889,0,0.00628146,1.382,0,0.0661112,0.477386,0.345761666483293,0,1.44,12.1,0.4995,2.19,5.0784,2.49476,0.58255,0.159465,21.0035842293907,5.8999,95,0.168467,9.37875,0.41875,2.91300251256281,0.1570365,34.55,0.154861111111111,1.65278,11.93465,0.663542620071984,1,0.130675423337098,1.37299261608059e-14,0.363367183613787,1.39972485971381,0.387630001463128,0.551785371879522,0.280937647984477,0.0670226895373168,0.132601343917181,3.29273991650781,19.5376739892254,0.102793021787213,4.41960985970513,0.413518123708923,1.57436496162661e-11,0.00667936354111834,10.5087260359772,2.10757209920929e-19,0.417112344629449,2.61815731834484,0.574096774166235,0.816708454841973,36.6311492207054,126.024691440447,190.939202104561,0.840239999999991,1.67175778546711
122,GA,500,1,0.115435766184651,3.94418598402665,4.64235150199378,5.19760658095589,0.0674056902674009,0.00657727631074845,0.0159582170284738,0.00657727631074845,0.113343416142512,0.0685203081287785,0.0159582170284738,0.0685203081287785,0.0495362723034005,34.3432649217616,0.0470790606514673,0.0362,0,0.0692,0.01,0.203136,0.0997904,0.023302,0.0063786,0,0.235996,3.8,0.00673868,0.37515,0.0888888888888889,0,0.00628146,1.382,0,0.0661112,0.477386,0.345761666483293,0,1.44,12.1,0.4995,2.19,5.0784,2.49476,0.58255,0.159465,21.0035842293907,5.8999,95,0.168467,9.37875,0.41875,2.91300251256281,0.1570365,34.55,0.154861111111111,1.65278,11.93465,0.663542620071984,1,0.433194100463836,1.07963681788823e-08,0.303103305401679,0.013204287405372,0.970166000501206,0.877964643016063,0.437382911035942,0.0897190927538993,1.60437034828234,4.58086460011602,16.4770510175373,0.0168368221923206,4.69065533698456,0.110833292852295,2.13832222689506e-18,0.0091912541175891,15.4309180351339,4.6252773694813e-06,0.468223357555741,1.35627898999679,0.47465364075444,0.958933295004431,53.4862040316051,144.082623221524,203.739223685968,0.840239999999991,1.67175778546711
122,GA,500,1,0.115435766184651,3.94418598402665,4.64235150199378,5.19760658095589,0.0674056902674009,0.00657727631074845,0.0159582170284738,0.00657727631074845,0.113343416142512,0.0685203081287785,0.0159582170284738,0.0685203081287785,0.0495362723034005,34.3432649217616,0.010463250917653,0.0362,0,0.0692,0.01,0.203136,0.0997904,0.023302,0.0063786,0,0.235996,3.8,0.00673868,0.37515,0.0888888888888889,0,0.00628146,1.382,0,0.0661112,0.477386,0.345761666483293,0,1.44,12.1,0.4995,2.19,5.0784,2.49476,0.58255,0.159465,21.0035842293907,5.8999,95,0.168467,9.37875,0.41875,2.91300251256281,0.1570365,34.55,0.154861111111111,1.65278,11.93465,0.663542620071984,1,1.02498647206923,6.85490059604685e-08,0.0743581957801286,0.131657833636732,0.346722442424389,1.4598632802406,0.437382911035942,0.0897190927538993,10.8926309164505,4.58086460011602,16.942540576199,0.03980139721935,0.952210213392367,0.110816348482218,0.00029644168538526,0.00768956438968787,15.4309180351339,9.72797905625576e-20,1.29606487869952,1.02973372027796,0.459244421647998,0.958933295004431,59.4119515330257,121.685855385772,186.309052738809,0.840239999999991,1.67175778546711
122,GA,500,0,0.115435766184651,3.94418598402665,4.64235150199378,5.19760658095589,0.0674056902674009,0.00657727631074845,0.0159582170284738,0.00657727631074845,0.113343416142512,0.0685203081287785,0.0159582170284738,0.0685203081287785,0.0495362723034005,34.3432649217616,0.010463250917653,0.0362,0,0.0692,0.01,0.203136,0.0997904,0.023302,0.0063786,0,0.235996,3.8,0.00673868,0.37515,0.0888888888888889,0,0.00628146,1.382,0,0.0661112,0.477386,0.345761666483293,0,1.44,12.1,0.4995,2.19,5.0784,2.49476,0.58255,0.159465,21.0035842293907,5.8999,95,0.168467,9.37875,0.41875,2.91300251256281,0.1570365,34.55,0.154861111111111,1.65278,11.93465,0.663542620071984,1,1.02498647206923,6.85490059604685e-08,0.0743581957801286,0.131657833636732,0.346722442424389,1.4598632802406,0.437382911035942,0.0897190927538993,10.8926309164505,4.58086460011602,16.942540576199,0.03980139721935,0.952210213392367,0.110816348482218,0.00029644168538526,0.00768956438968787,15.4309180351339,9.72797905625576e-21,1.29606487869952,1.02973372027796,0.459244421647998,0.958933295004431,59.4119515330257,121.685855385772,186.309052738809,0.840239999999991,1.67175778546711
122,GA,500,1,0.115435766184651,3.94418598402665,4.64235150199378,5.19760658095589,0.0674056902674009,0.00657727631074845,0.0159582170284738,0.00657727631074845,0.113343416142512,0.0685203081287785,0.0159582170284738,0.0685203081287785,0.0495362723034005,34.3432649217616,0.0104632323342774,0.0362,0,0.0692,0.01,0.203136,0.0997904,0.023302,0.0063786,0,0.235996,3.8,0.00673868,0.37515,0.0888888888888889,0,0.00628146,1.382,0,0.0661112,0.477386,0.345761666483293,0,1.44,12.1,0.4995,2.19,5.0784,2.49476,0.58255,0.159465,21.0035842293907,5.8999,95,0.168467,9.37875,0.41875,2.91300251256281,0.1570365,34.55,0.154861111111111,1.65278,11.93465,0.663542620071984,1,1.02498647206923,6.85490059604685e-09,0.0743581957801286,0.131657833636732,0.346722442424389,1.4598632802406,0.437382911035942,0.0897190927538993,10.8926309164505,4.58086460011602,16.942540576199,0.03980139721935,0.952210213392367,0.110816348482218,0.00029644168538526,0.00768956438968787,15.4309180351339,9.72797905625576e-20,1.29606487869952,1.02973372027796,0.459244421647998,0.958933295004431,59.4119514066692,121.685851161135,186.309048206893,0.840239999999991,1.67175778546711
122,GA,500,1,0.115435766184651,3.94418598402665,4.64235150199378,5.19760658095589,0.0674056902674009,0.00657727631074845,0.0159582170284738,0.00657727631074845,0.113343416142512,0.0685203081287785,0.0159582170284738,0.0685203081287785,0.0495362723034005,34.3432649217616,0.101717604170323,0.0362,0,0.0692,0.01,0.203136,0.0997904,0.023302,0.0063786,0,0.235996,3.8,0.00673868,0.37515,0.0888888888888889,0,0.00628146,1.382,0,0.0661112,0.477386,0.345761666483293,0,1.44,12.1,0.4995,2.19,5.0784,2.49476,0.58255,0.159465,21.0035842293907,5.8999,95,0.168467,9.37875,0.41875,2.91300251256281,0.1570365,34.55,0.154861111111111,1.65278,11.93465,0.663542620071984,1,1.02498647206923,6.85490059604685e-08,0.379716216609904,0.403940347586626,0.346722442424389,1.4598632802406,0.437382911035942,0.0897190927538993,6.31551340487285,4.58086460011602,15.8254897119093,0.0592439704663513,1.91973779390975,0.110816348482218,0.809494118959263,0.00768956438968787,15.4309180351339,3.97448770837526e-17,1.29606487869952,9.2396112904261,0.459244421647998,0.958933295004431,61.221438895408,131.672705144084,198.533080727049,0.840239999999991,1.67175778546711
122,GA,500,0,0.115435766184651,3.94418598402665,4.64235150199378,5.19760658095589,0.0674056902674009,0.00657727631074845,0.0159582170284738,0.00657727631074845,0.113343416142512,0.0685203081287785,0.0159582170284738,0.0685203081287785,0.0495362723034005,34.3432649217616,0.0126642634971041,0.0362,0,0.0692,0.01,0.203136,0.0997904,0.023302,0.0063786,0,0.235996,3.8,0.00673868,0.37515,0.0888888888888889,0,0.00628146,1.382,0,0.0661112,0.477386,0.345761666483293,0,1.44,12.1,0.4995,2.19,5.0784,2.49476,0.58255,0.159465,21.0035842293907,5.8999,95,0.168467,9.37875,0.41875,2.91300251256281,0.1570365,34.55,0.154861111111111,1.65278,11.93465,0.663542620071984,1,0.287624525686122,6.85490059604685e-08,0.228628720722,1.63276703201205,0.346722442424389,0.138662106678765,0.437382911035942,0.0897190927538993,10.8926309164505,0.493579901248373,36.7058281819495,0.0606651981040626,1.80456813489388,0.112645176114433,2.20274851244997e-09,0.0831445859145277,3.65453172187408,1.60751940660592e-09,0.0994661599162918,3.36791779424044,0.35421127265183,0.958933295004431,47.8740740541999,161.840645555216,216.645610508639,0.840239999999991,1.67175778546711
122,GA,500,1,0.115435766184651,3.94418598402665,4.64235150199378,5.19760658095589,0.0674056902674009,0.00657727631074845,0.0159582170284738,0.00657727631074845,0.113343416142512,0.0685203081287785,0.0159582170284738,0.0685203081287785,0.0495362723034005,34.3432649217616,0.0222881229996698,0.0362,0,0.0692,0.01,0.203136,0.0997904,0.023302,0.0063786,0,0.235996,3.8,0.00673868,0.37515,0.0888888888888889,0,0.00628146,1.382,0,0.0661112,0.477386,0.345761666483293,0,1.44,12.1,0.4995,2.19,5.0784,2.49476,0.58255,0.159465,21.0035842293907,5.8999,95,0.168467,9.37875,0.41875,2.91300251256281,0.1570365,34.55,0.154861111111111,1.65278,11.93465,0.663542620071984,1,0.444559303719107,3.05630435324156e-18,0.129169447882583,1.08322981141486,0.384798152664518,0.622771506506541,0.263860159833957,0.116941370040857,0.812598553631368,0.86975064501522,47.2401794867427,0.0769830886608366,2.9515751284293,0.139840182995389,6.494847888577e-12,0.0286726329341234,8.47494283828582,0.0262250519838029,0.995151236192236,1.78861466171508,0.355751752726122,0.816708454841973,51.6812188858885,162.639153029633,250.821012364704,0.840239999999991,1.67175778546711
122,GA,500,1,0.115435766184651,3.94418598402665,4.64235150199378,5.19760658095589,0.0674056902674009,0.00657727631074845,0.0159582170284738,0.00657727631074845,0.113343416142512,0.0685203081287785,0.0159582170284738,0.0685203081287785,0.0495362723034005,34.3432649217616,0.257148398546709,0.0362,0,0.0692,0.01,0.203136,0.0997904,0.023302,0.0063786,0,0.235996,3.8,0.00673868,0.37515,0.0888888888888889,0,0.00628146,1.382,0,0.0661112,0.477386,0.345761666483293,0,1.44,12.1,0.4995,2.19,5.0784,2.49476,0.58255,0.159465,21.0035842293907,5.8999,95,0.168467,9.37875,0.41875,2.91300251256281,0.1570365,34.55,0.154861111111111,1.65278,11.93465,0.663542620071984,1,1.08064264405496,5.18872776141669,0.316836365458911,0.0570300963731577,0.366789837130859,0.107490252376645,0.490241377329851,0.0237448131388261,8.71769255761687,0.327388170039824,7.64096755734105,0.0550827648116545,2.44094768118634,0.22289109891617,9.99063193810214e-11,0.00884665951674519,3.789385088098,7.7754261064906e-09,0.11779586870641,10.3232825198673,0.484668364391721,0.654548740721176,47.0487466746967,79.8908075173793,169.103534266766,0.840239999999991,1.67175778546711
122,GA,500,1,0.115435766184651,3.94418598402665,4.64235150199378,5.19760658095589,0.0674056902674009,0.00657727631074845,0.0159582170284738,0.00657727631074845,0.113343416142512,0.0685203081287785,0.0159582170284738,0.0685203081287785,0.0495362723034005,34.3432649217616,0.25714806496717,0.0362,0,0.0692,0.01,0.203136,0.0997904,0.023302,0.0063786,0,0.235996,3.8,0.00673868,0.37515,0.0888888888888889,0,0.00628146,1.382,0,0.0661112,0.477386,0.345761666483293,0,1.44,12.1,0.4995,2.19,5.0784,2.49476,0.58255,0.159465,21.0035842293907,5.8999,95,0.168467,9.37875,0.41875,2.91300251256281,0.1570365,34.55,0.154861111111111,1.65278,11.93465,0.663542620071984,1,1.08064264405496,5.18872776141669,0.316836365458911,0.0570300963731577,0.366789837130859,0.107490252376645,0.490241377329851,0.0237448131388261,8.71769255761687,0.327388170039824,7.64096755734105,0.0550827648116545,2.44094768118634,0.22289109891617,9.99063193810214e-11,0.00884665951674519,3.789385088098,7.7754261064906e-08,0.11779586870641,10.3232825198673,0.484668364391721,0.654548740721176,47.048751152747,79.8907917776433,169.103514698118,0.840239999999991,1.67175778546711
122,GA,500,0,0.115435766184651,3.94418598402665,4.64235150199378,5.19760658095589,0.0674056902674009,0.00657727631074845,0.0159582170284738,0.00657727631074845,0.113343416142512,0.0685203081287785,0.0159582170284738,0.0685203081287785,0.0495362723034005,34.3432649217616,5.28996021460503e-05,0.0362,0,0.0692,0.01,0.203136,0.0997904,0.023302,0.0063786,0,0.235996,3.8,0.00673868,0.37515,0.0888888888888889,0,0.00628146,1.382,0,0.0661112,0.477386,0.345761666483293,0,1.44,12.1,0.4995,2.19,5.0784,2.49476,0.58255,0.159465,21.0035842293907,5.8999,95,0.168467,9.37875,0.41875,2.91300251256281,0.1570365,34.55,0.154861111111111,1.65278,11.93465,0.663542620071984,1,0.037761354590067,7.2493608402609e-11,0.33554204560074,1.08322981141486,0.387630001463128,1.12395948825633,0.49197397476715,0.116941370040857,1.32601343917181,0.86975064501522,14.926305971165,0.0506118819857661,3.88552556880721,0.21957546169713,6.58246702598952e-11,0.0286726329341234,8.47494283828582,0.00262250519838029,0.0995151236192236,0.861789905600272,0.355751752726122,0.816708454841973,51.806199574974,107.574135748948,183.522891267314,0.840239999999991,1.67175778546711
122,GA,500,0,0.115435766184651,3.94418598402665,4.64235150199378,5.19760658095589,0.0674056902674009,0.00657727631074845,0.0159582170284738,0.00657727631074845,0.113343416142512,0.0685203081287785,0.0159582170284738,0.0685203081287785,0.0495362723034005,34.3432649217616,0.0112289208845856,0.0362,0,0.0692,0.01,0.203136,0.0997904,0.023302,0.0063786,0,0.235996,3.8,0.00673868,0.37515,0.0888888888888889,0,0.00628146,1.382,0,0.0661112,0.477386,0.345761666483293,0,1.44,12.1,0.4995,2.19,5.0784,2.49476,0.58255,0.159465,21.0035842293907,5.8999,95,0.168467,9.37875,0.41875,2.91300251256281,0.1570365,34.55,0.154861111111111,1.65278,11.93465,0.663542620071984,1,0.410149823864621,3.61600277846288e-08,0.41552131248852,0.0157587581807599,0.746696478864772,0.907940817336472,0.0827906407855193,0.0419109649742696,0.437977534906498,0.73696662959153,4.48230758670022,0.141506926749212,3.17679634748729,0.12647110200761,0.0126020088799756,0.0306966742281059,9.30084855605617,5.70149887400548e-19,0.989112365061969,6.55857546741764,0.375849078759741,0.758511957981166,43.0361161306055,137.979738694079,224.944571550771,0.840239999999991,1.67175778546711
122,GA,500,1,0.115435766184651,3.94418598402665,4.64235150199378,5.19760658095589,0.0674056902674009,0.00657727631074845,0.0159582170284738,0.00657727631074845,0.113343416142512,0.0685203081287785,0.0159582170284738,0.0685203081287785,0.0495362723034005,34.3432649217616,0.0145464021468522,0.0362,0,0.0692,0.01,0.203136,0.0997904,0.023302,0.0063786,0,0.235996,3.8,0.00673868,0.37515,0.0888888888888889,0,0.00628146,1.382,0,0.0661112,0.477386,0.345761666483293,0,1.44,12.1,0.4995,2.19,5.0784,2.49476,0.58255,0.159465,21.0035842293907,5.8999,95,0.168467,9.37875,0.41875,2.91300251256281,0.1570365,34.55,0.154861111111111,1.65278,11.93465,0.663542620071984,1,1.02498647206923,6.85490059604685e-09,0.379716216609904,0.403940347586626,0.346722442424389,1.4598632802406,0.437382911035942,0.0897190927538993,6.31551340487285,4.58086460011602,15.8254897119093,0.0592439704663513,1.91973779390975,0.110816348482218,0.809494118959263,0.0768956438968787,15.4309180351339,3.97448770837526e-17,1.29606487869952,0.923961129042611,0.459244421647998,0.958933295004431,61.2540226083121,103.630585579484,169.32262979856,0.840239999999991,1.67175778546711
122,GA,500,1,0.115435766184651,3.94418598402665,4.64235150199378,5.19760658095589,0.0674056902674009,0.00657727631074845,0.0159582170284738,0.00657727631074845,0.113343416142512,0.0685203081287785,0.0159582170284738,0.0685203081287785,0.0495362723034005,34.3432649217616,0.0618358200924662,0.0362,0,0.0692,0.01,0.203136,0.0997904,0.023302,0.0063786,0,0.235996,3.8,0.00673868,0.37515,0.0888888888888889,0,0.00628146,1.382,0,0.0661112,0.477386,0.345761666483293,0,1.44,12.1,0.4995,2.19,5.0784,2.49476,0.58255,0.159465,21.0035842293907,5.8999,95,0.168467,9.37875,0.41875,2.91300251256281,0.1570365,34.55,0.154861111111111,1.65278,11.93465,0.663542620071984,1,0.454292334734172,7.2493608402609e-10,0.33554204560074,1.08322981141486,0.387630001463128,1.12395948825633,0.447718646133985,0.116941370040857,7.56898553524094,0.86975064501522,4.52472805019252,0.0506118819857661,3.88552556880721,0.222577370288047,6.58246702598952e-11,0.0286726329341234,8.47494283828582,3.66979876934221e-20,0.995151236192236,6.38175450555029,0.378537585475765,0.816708454841973,58.1781288761286,156.737368995224,250.091617791279,0.840239999999991,1.67175778546711
122,GA,500,1,0.115435766184651,3.94418598402665,4.64235150199378,5.19760658095589,0.0674056902674009,0.00657727631074845,0.0159582170284738,0.00657727631074845,0.113343416142512,0.0685203081287785,0.0159582170284738,0.0685203081287785,0.0495362723034005,34.3432649217616,0.219940946215177,0.0362,0,0.0692,0.01,0.203136,0.0997904,0.023302,0.0063786,0,0.235996,3.8,0.00673868,0.37515,0.0888888888888889,0,0.00628146,1.382,0,0.0661112,0.477386,0.345761666483293,0,1.44,12.1,0.4995,2.19,5.0784,2.49476,0.58255,0.159465,21.0035842293907,5.8999,95,0.168467,9.37875,0.41875,2.91300251256281,0.1570365,34.55,0.154861111111111,1.65278,11.93465,0.663542620071984,1,0.409746136141176,0.0367560275575434,0.23920986865949,0.425840858621317,0.51199846290034,0.428078780926549,0.460933950564368,0.138113997394413,5.49145287552449,1.01873307610047,5.1070003956029,0.0526620969576673,0.722304155257618,0.296078553084315,3.38313429216796e-15,0.0614831038734513,2.41545966662642,2.4731400555336e-19,0.361649712982071,0.923961129042611,0.46219916662503,0.660711659572347,39.8342838217627,79.2509434925922,159.782134513376,0.840239999999991,1.67175778546711
122,GA,500,1,0.115435766184651,3.94418598402665,4.64235150199378,5.19760658095589,0.0674056902674009,0.00657727631074845,0.0159582170284738,0.00657727631074845,0.113343416142512,0.0685203081287785,0.0159582170284738,0.0685203081287785,0.0495362723034005,34.3432649217616,0.0110015371523477,0.0362,0,0.0692,0.01,0.203136,0.0997904,0.023302,0.0063786,0,0.235996,3.8,0.00673868,0.37515,0.0888888888888889,0,0.00628146,1.382,0,0.0661112,0.477386,0.345761666483293,0,1.44,12.1,0.4995,2.19,5.0784,2.49476,0.58255,0.159465,21.0035842293907,5.8999,95,0.168467,9.37875,0.41875,2.91300251256281,0.1570365,34.55,0.154861111111111,1.65278,11.93465,0.663542620071984,1,0.037761354590067,7.2493608402609e-11,0.33554204560074,1.08322981141486,0.387630001463128,1.12395948825633,0.49197397476715,0.116941370040857,0.419598167184308,0.86975064501522,14.926305971165,0.0257166618163716,3.88552556880721,0.301972618290376,6.58246702598952e-11,0.0306966742281059,8.47494283828582,0.0262250519838029,0.995151236192236,8.61789905600272,0.355751752726122,0.816708454841973,52.8271410327077,159.839062114843,248.538427192677,0.840239999999991,1.67175778546711
122,GA,500,0,0.115435766184651,3.94418598402665,4.64235150199378,5.19760658095589,0.0674056902674009,0.00657727631074845,0.0159582170284738,0.00657727631074845,0.113343416142512,0.0685203081287785,0.0159582170284738,0.0685203081287785,0.0495362723034005,34.3432649217616,0.0194222651034916,0.0362,0,0.0692,0.01,0.203136,0.0997904,0.023302,0.0063786,0,0.235996,3.8,0.00673868,0.37515,0.0888888888888889,0,0.00628146,1.382,0,0.0661112,0.477386,0.345761666483293,0,1.44,12.1,0.4995,2.19,5.0784,2.49476,0.58255,0.159465,21.0035842293907,5.8999,95,0.168467,9.37875,0.41875,2.91300251256281,0.1570365,34.55,0.154861111111111,1.65278,11.93465,0.663542620071984,1,1.02498647206923,6.85490059604685e-08,0.379716216609904,0.403940347586626,0.346722442424389,1.4598632802406,0.437382911035942,0.0897190927538993,6.31551340487285,4.58086460011602,15.8254897119093,0.0592439704663513,1.91973779390975,0.110816348482218,0.809494118959263,0.00768956438968787,15.4309180351339,3.97448770837526e-17,1.29606487869952,0.923961129042611,0.459244421647998,0.958933295004431,61.1167705441967,102.417224410126,167.920053883788,0.840239999999991,1.67175778546711
122,GA,500,0,0.115435766184651,3.94418598402665,4.64235150199378,5.19760658095589,0.0674056902674009,0.00657727631074845,0.0159582170284738,0.00657727631074845,0.113343416142512,0.0685203081287785,0.0159582170284738,0.0685203081287785,0.0495362723034005,34.3432649217616,0.0194222774287955,0.0362,0,0.0692,0.01,0.203136,0.0997904,0.023302,0.0063786,0,0.235996,3.8,0.00673868,0.37515,0.0888888888888889,0,0.00628146,1.382,0,0.0661112,0.477386,0.345761666483293,0,1.44,12.1,0.4995,2.19,5.0784,2.49476,0.58255,0.159465,21.0035842293907,5.8999,95,0.168467,9.37875,0.41875,2.91300251256281,0.1570365,34.55,0.154861111111111,1.65278,11.93465,0.663542620071984,1,1.02498647206923,6.85490059604685e-09,0.379716216609904,0.403940347586626,0.346722442424389,1.4598632802406,0.437382911035942,0.0897190927538993,6.31551340487285,4.58086460011602,15.8254897119093,0.0592439704663513,1.91973779390975,0.110816348482218,0.809494118959263,0.00768956438968787,15.4309180351339,3.97448770837526e-17,1.29606487869952,0.923961129042611,0.459244421647998,0.958933295004431,61.1167704083943,102.417221807085,167.920051033468,0.840239999999991,1.67175778546711
122,GA,500,1,0.115435766184651,3.94418598402665,4.64235150199378,5.19760658095589,0.0674056902674009,0.00657727631074845,0.0159582170284738,0.00657727631074845,0.113343416142512,0.0685203081287785,0.0159582170284738,0.0685203081287785,0.0495362723034005,34.3432649217616,0.0698227257940476,0.0362,0,0.0692,0.01,0.203136,0.0997904,0.023302,0.0063786,0,0.235996,3.8,0.00673868,0.37515,0.0888888888888889,0,0.00628146,1.382,0,0.0661112,0.477386,0.345761666483293,0,1.44,12.1,0.4995,2.19,5.0784,2.49476,0.58255,0.159465,21.0035842293907,5.8999,95,0.168467,9.37875,0.41875,2.91300251256281,0.1570365,34.55,0.154861111111111,1.65278,11.93465,0.663542620071984,1,0.0511071195324601,1.37299261608059e-14,0.106675703561767,0.84745896001386,0.387630001463128,1.12395948825633,0.49197397476715,0.0576827980048167,0.833300095514468,5.2512445221487,14.926305971165,0.0192763124463403,4.41960985970513,0.21957546169713,6.58246702598952e-11,0.0134012083767732,10.5087260359772,0.0262250519838029,0.995151236192236,8.01624434987282,0.574096774166235,0.816708454841973,39.1115453541976,82.4238575568178,140.033553774897,0.840239999999991,1.67175778546711
122,GA,500,0,0.115435766184651,3.94418598402665,4.64235150199378,5.19760658095589,0.0674056902674009,0.00657727631074845,0.0159582170284738,0.00657727631074845,0.113343416142512,0.0685203081287785,0.0159582170284738,0.0685203081287785,0.0495362723034005,34.3432649217616,0.0013174512247361,0.0362,0,0.0692,0.01,0.203136,0.0997904,0.023302,0.0063786,0,0.235996,3.8,0.00673868,0.37515,0.0888888888888889,0,0.00628146,1.382,0,0.0661112,0.477386,0.345761666483293,0,1.44,12.1,0.4995,2.19,5.0784,2.49476,0.58255,0.159465,21.0035842293907,5.8999,95,0.168467,9.37875,0.41875,2.91300251256281,0.1570365,34.55,0.154861111111111,1.65278,11.93465,0.663542620071984,1,0.913381268467511,1.25522678780722e-19,0.484352991439676,1.08322981141486,0.387630001463128,1.12395948825633,0.555404410358929,0.116941370040857,1.32601343917181,0.86975064501522,14.926305971165,0.0506118819857661,3.88552556880721,0.121518053337472,6.58246702598952e-11,0.0286726329341234,8.47494283828582,4.24375451749881e-12,0.995151236192236,8.61789905600272,0.355751752726122,0.816708454841973,55.9886426279777,167.354048763047,260.901482419049,0.840239999999991,1.67175778546711
122,GA,500,0,0.115435766184651,3.94418598402665,4.64235150199378,5.19760658095589,0.0674056902674009,0.00657727631074845,0.0159582170284738,0.00657727631074845,0.113343416142512,0.0685203081287785,0.0159582170284738,0.0685203081287785,0.0495362723034005,34.3432649217616,0.0013174512247361,0.0362,0,0.0692,0.01,0.203136,0.0997904,0.023302,0.0063786,0,0.235996,3.8,0.00673868,0.37515,0.0888888888888889,0,0.00628146,1.382,0,0.0661112,0.477386,0.345761666483293,0,1.44,12.1,0.4995,2.19,5.0784,2.49476,0.58255,0.159465,21.0035842293907,5.8999,95,0.168467,9.37875,0.41875,2.91300251256281,0.1570365,34.55,0.154861111111111,1.65278,11.93465,0.663542620071984,1,0.913381268467511,1.25522678780722e-19,0.484352991439676,1.08322981141486,0.387630001463128,1.12395948825633,0.555404410358929,0.116941370040857,1.32601343917181,0.86975064501522,14.926305971165,0.0506118819857661,3.88552556880721,0.121518053337472,6.58246702598952e-11,0.0286726329341234,8.47494283828582,4.24375451749881e-12,0.995151236192236,8.61789905600272,0.355751752726122,0.816708454841973,55.9886426279777,167.354048763047,260.901482419049,0.840239999999991,1.67175778546711
122,GA,500,0,0.115435766184651,3.94418598402665,4.64235150199378,5.19760658095589,0.0674056902674009,0.00657727631074845,0.0159582170284738,0.00657727631074845,0.113343416142512,0.0685203081287785,0.0159582170284738,0.0685203081287785,0.0495362723034005,34.3432649217616,0.00153576313962505,0.0362,0,0.0692,0.01,0.203136,0.0997904,0.023302,0.0063786,0,0.235996,3.8,0.00673868,0.37515,0.0888888888888889,0,0.00628146,1.382,0,0.0661112,0.477386,0.345761666483293,0,1.44,12.1,0.4995,2.19,5.0784,2.49476,0.58255,0.159465,21.0035842293907,5.8999,95,0.168467,9.37875,0.41875,2.91300251256281,0.1570365,34.55,0.154861111111111,1.65278,11.93465,0.663542620071984,1,0.913381268467511,1.25522678780722e-19,0.484352991439676,1.08322981141486,0.387630001463128,1.12395948825633,0.555404410358929,0.116941370040857,1.32601343917181,0.86975064501522,14.926305971165,0.0506118819857661,3.88552556880721,0.121518053337472,6.58246702598952e-11,0.0286726329341234,8.47494283828582,4.24375451749881e-12,0.995151236192236,0.861789905600272,0.355751752726122,0.816708454841973,56.2905570017899,167.354048758147,261.203396786862,0.840239999999991,1.67175778546711
122,GA,500,1,0.115435766184651,3.94418598402665,4.64235150199378,5.19760658095589,0.0674056902674009,0.00657727631074845,0.0159582170284738,0.00657727631074845,0.113343416142512,0.0685203081287785,0.0159582170284738,0.0685203081287785,0.0495362723034005,34.3432649217616,0.0579434028262294,0.0362,0,0.0692,0.01,0.203136,0.0997904,0.023302,0.0063786,0,0.235996,3.8,0.00673868,0.37515,0.0888888888888889,0,0.00628146,1.382,0,0.0661112,0.477386,0.345761666483293,0,1.44,12.1,0.4995,2.19,5.0784,2.49476,0.58255,0.159465,21.0035842293907,5.8999,95,0.168467,9.37875,0.41875,2.91300251256281,0.1570365,34.55,0.154861111111111,1.65278,11.93465,0.663542620071984,1,0.418711984104021,1.73266773625134e-07,0.394642485696056,0.403940347586626,0.346722442424389,1.22857555819419,0.437382911035942,0.0897190927538993,4.28443874522958,4.58086460011602,6.32063676235203,0.03980139721935,2.25160670097613,0.281007349257301,4.09125311671877e-11,0.00768956438968787,15.4309180351339,0.107821863909692,1.29606487869952,1.37306713047782,0.405087644050888,0.958933295004431,65.9522705751175,100.735770203455,171.002090753683,0.840239999999991,1.67175778546711
122,GA,500,0,0.115435766184651,3.94418598402665,4.64235150199378,5.19760658095589,0.0674056902674009,0.00657727631074845,0.0159582170284738,0.00657727631074845,0.113343416142512,0.0685203081287785,0.0159582170284738,0.0685203081287785,0.0495362723034005,34.3432649217616,0.00415352772783761,0.0362,0,0.0692,0.01,0.203136,0.0997904,0.023302,0.0063786,0,0.235996,3.8,0.00673868,0.37515,0.0888888888888889,0,0.00628146,1.382,0,0.0661112,0.477386,0.345761666483293,0,1.44,12.1,0.4995,2.19,5.0784,2.49476,0.58255,0.159465,21.0035842293907,5.8999,95,0.168467,9.37875,0.41875,2.91300251256281,0.1570365,34.55,0.154861111111111,1.65278,11.93465,0.663542620071984,1,0.037761354590067,1.37299261608059e-14,0.106675703561767,1.08322981141486,0.387630001463128,1.12395948825633,0.41732765724745,0.14687482971743,0.132601343917181,1.04379568744073,5.98824209110219,0.0648923444862926,4.41960985970513,0.112671916743538,2.07860579025522e-07,0.0134012083767732,10.5087260359772,0.0262250519838029,0.189665733937792,2.09251736849333,0.369146955385249,0.816708454841973,40.6251134917966,76.9307943188148,134.821266185845,0.840239999999991,1.67175778546711
122,GA,500,1,0.115435766184651,3.94418598402665,4.64235150199378,5.19760658095589,0.0674056902674009,0.00657727631074845,0.0159582170284738,0.00657727631074845,0.113343416142512,0.0685203081287785,0.0159582170284738,0.0685203081287785,0.0495362723034005,34.3432649217616,0.0105396235295176,0.0362,0,0.0692,0.01,0.203136,0.0997904,0.023302,0.0063786,0,0.235996,3.8,0.00673868,0.37515,0.0888888888888889,0,0.00628146,1.382,0,0.0661112,0.477386,0.345761666483293,0,1.44,12.1,0.4995,2.19,5.0784,2.49476,0.58255,0.159465,21.0035842293907,5.8999,95,0.168467,9.37875,0.41875,2.91300251256281,0.1570365,34.55,0.154861111111111,1.65278,11.93465,0.663542620071984,1,0.037761354590067,3.45181869124364e-10,0.335996138903019,1.08322981141486,1.46755089366053,1.12395948825633,0.49197397476715,0.116941370040857,10.2132872866799,3.21966370052361,10.3870885355133,0.0506118819857661,0.556776450711272,0.21957546169713,0.000256188222093984,0.0286726329341234,6.11307937384317,1.49140727318104e-16,0.281706901617915,11.6120486010083,0.355751752726122,0.816708454841973,40.1478020266783,110.939309935228,175.984904333516,0.840239999999991,1.67175778546711
122,GA,500,0,0.115435766184651,3.94418598402665,4.64235150199378,5.19760658095589,0.0674056902674009,0.00657727631074845,0.0159582170284738,0.00657727631074845,0.113343416142512,0.0685203081287785,0.0159582170284738,0.0685203081287785,0.0495362723034005,34.3432649217616,0.0161776526928539,0.0362,0,0.0692,0.01,0.203136,0.0997904,0.023302,0.0063786,0,0.235996,3.8,0.00673868,0.37515,0.0888888888888889,0,0.00628146,1.382,0,0.0661112,0.477386,0.345761666483293,0,1.44,12.1,0.4995,2.19,5.0784,2.49476,0.58255,0.159465,21.0035842293907,5.8999,95,0.168467,9.37875,0.41875,2.91300251256281,0.1570365,34.55,0.154861111111111,1.65278,11.93465,0.663542620071984,1,0.037761354590067,1.37299261608059e-14,0.106675703561767,0.108322981141486,0.387630001463128,1.12395948825633,0.049197397476715,0.0811289049218722,1.32601343917181,0.512485638195356,14.926305971165,0.0648923444862926,4.41960985970513,0.21957546169713,6.58246702598952e-11,0.0134012083767732,10.5087260359772,0.0262250519838029,0.0995151236192236,2.09251736849333,0.574096774166235,0.816708454841973,41.0280030897004,83.6633702651304,143.467704514511,0.840239999999991,1.67175778546711
122,GA,500,0,0.115435766184651,3.94418598402665,4.64235150199378,5.19760658095589,0.0674056902674009,0.00657727631074845,0.0159582170284738,0.00657727631074845,0.113343416142512,0.0685203081287785,0.0159582170284738,0.0685203081287785,0.0495362723034005,34.3432649217616,0.00893208608909715,0.0362,0,0.0692,0.01,0.203136,0.0997904,0.023302,0.0063786,0,0.235996,3.8,0.00673868,0.37515,0.0888888888888889,0,0.00628146,1.382,0,0.0661112,0.477386,0.345761666483293,0,1.44,12.1,0.4995,2.19,5.0784,2.49476,0.58255,0.159465,21.0035842293907,5.8999,95,0.168467,9.37875,0.41875,2.91300251256281,0.1570365,34.55,0.154861111111111,1.65278,11.93465,0.663542620071984,1,0.144669546263794,2.88203509576274e-19,0.168235302902535,1.08322981141486,0.523260486075412,1.02099603855866,0.383423559764833,0.0811289049218722,5.0164151770343,0.512485638195356,25.0934955521434,0.0481444305343451,4.41960985970513,0.112645176114433,1.54290590961609e-13,0.121417845926654,8.33768186817541,0.107821863909692,0.263055755176134,4.75730582782319,0.368178919942555,0.816708454841973,67.4575601843546,76.048904812543,160.573903429825,0.840239999999991,1.67175778546711
122,GA,500,1,0.115435766184651,3.94418598402665,4.64235150199378,5.19760658095589,0.0674056902674009,0.00657727631074845,0.0159582170284738,0.00657727631074845,0.113343416142512,0.0685203081287785,0.0159582170284738,0.0685203081287785,0.0495362723034005,34.3432649217616,0.186682932492974,0.0362,0,0.0692,0.01,0.203136,0.0997904,0.023302,0.0063786,0,0.235996,3.8,0.00673868,0.37515,0.0888888888888889,0,0.00628146,1.382,0,0.0661112,0.477386,0.345761666483293,0,1.44,12.1,0.4995,2.19,5.0784,2.49476,0.58255,0.159465,21.0035842293907,5.8999,95,0.168467,9.37875,0.41875,2.91300251256281,0.1570365,34.55,0.154861111111111,1.65278,11.93465,0.663542620071984,1,0.409746136141176,0.0367560275575434,0.23920986865949,0.425840858621317,0.51199846290034,0.428078780926549,0.460933950564368,0.138113997394413,5.49145287552449,1.01873307610047,51.070003956029,0.0526620969576673,0.722304155257618,0.296078553084315,3.38313429216796e-14,0.0614831038734513,2.41545966662642,2.4731400555336e-19,0.361649712982071,9.2396112904261,0.46219916662503,0.660711659572347,38.641169293494,79.2509434931734,158.589019985987,0.840239999999991,1.67175778546711
122,GA,500,1,0.115435766184651,3.94418598402665,4.64235150199378,5.19760658095589,0.0674056902674009,0.00657727631074845,0.0159582170284738,0.00657727631074845,0.113343416142512,0.0685203081287785,0.0159582170284738,0.0685203081287785,0.0495362723034005,34.3432649217616,0.186682937392335,0.0362,0,0.0692,0.01,0.203136,0.0997904,0.023302,0.0063786,0,0.235996,3.8,0.00673868,0.37515,0.0888888888888889,0,0.00628146,1.382,0,0.0661112,0.477386,0.345761666483293,0,1.44,12.1,0.4995,2.19,5.0784,2.49476,0.58255,0.159465,21.0035842293907,5.8999,95,0.168467,9.37875,0.41875,2.91300251256281,0.1570365,34.55,0.154861111111111,1.65278,11.93465,0.663542620071984,1,0.409746136141176,0.0367560275575434,0.23920986865949,0.425840858621317,0.51199846290034,0.428078780926549,0.460933950564368,0.138113997394413,5.49145287552449,1.01873307610047,5.1070003956029,0.0526620969576673,0.722304155257618,0.296078553084315,3.38313429216796e-15,0.0614831038734513,2.41545966662642,2.4731400555336e-18,0.361649712982071,9.2396112904261,0.46219916662503,0.660711659572347,38.6411696120921,79.2509434960804,158.589020308985,0.840239999999991,1.67175778546711
122,GA,500,0,0.115435766184651,3.94418598402665,4.64235150199378,5.19760658095589,0.0674056902674009,0.00657727631074845,0.0159582170284738,0.00657727631074845,0.113343416142512,0.0685203081287785,0.0159582170284738,0.0685203081287785,0.0495362723034005,34.3432649217616,0.00487249991935772,0.0362,0,0.0692,0.01,0.203136,0.0997904,0.023302,0.0063786,0,0.235996,3.8,0.00673868,0.37515,0.0888888888888889,0,0.00628146,1.382,0,0.0661112,0.477386,0.345761666483293,0,1.44,12.1,0.4995,2.19,5.0784,2.49476,0.58255,0.159465,21.0035842293907,5.8999,95,0.168467,9.37875,0.41875,2.91300251256281,0.1570365,34.55,0.154861111111111,1.65278,11.93465,0.663542620071984,1,0.037761354590067,7.2493608402609e-11,0.33554204560074,1.08322981141486,0.387630001463128,0.199479288541523,0.49197397476715,0.0703078714811828,0.717875380530939,3.29124819457436,52.3668730174699,0.0648923444862926,1.31010610910495,0.21957546169713,6.58246702598952e-11,0.0286726329341234,3.55443869571168,1.42034458527245e-20,0.0936432305406086,8.61789905600272,0.355751752726122,0.816708454841973,41.349245189176,69.8050561469945,126.820450651964,0.840239999999991,1.67175778546711
122,GA,500,1,0.115435766184651,3.94418598402665,4.64235150199378,5.19760658095589,0.0674056902674009,0.00657727631074845,0.0159582170284738,0.00657727631074845,0.113343416142512,0.0685203081287785,0.0159582170284738,0.0685203081287785,0.0495362723034005,34.3432649217616,0.108280034582501,0.0362,0,0.0692,0.01,0.203136,0.0997904,0.023302,0.0063786,0,0.235996,3.8,0.00673868,0.37515,0.0888888888888889,0,0.00628146,1.382,0,0.0661112,0.477386,0.345761666483293,0,1.44,12.1,0.4995,2.19,5.0784,2.49476,0.58255,0.159465,21.0035842293907,5.8999,95,0.168467,9.37875,0.41875,2.91300251256281,0.1570365,34.55,0.154861111111111,1.65278,11.93465,0.663542620071984,1,1.02498647206923,6.85490059604685e-08,0.379716216609904,0.403940347586626,0.299914969067707,1.4598632802406,0.27336066807209,0.0279507187349272,6.31551340487285,4.58086460011602,14.0982293397208,0.0592439704663513,1.91973779390975,0.110816348482218,0.809494118959263,0.0652854697290268,15.4309180351339,3.97448770837526e-17,1.16242776312199,1.91812938251581,0.430641239229105,0.958933295004431,56.5522311637988,110.342384875311,171.620073160881,0.840239999999991,1.67175778546711
122,GA,500,0,0.115435766184651,3.94418598402665,4.64235150199378,5.19760658095589,0.0674056902674009,0.00657727631074845,0.0159582170284738,0.00657727631074845,0.113343416142512,0.0685203081287785,0.0159582170284738,0.0685203081287785,0.0495362723034005,34.3432649217616,0.00184266640298607,0.0362,0,0.0692,0.01,0.203136,0.0997904,0.023302,0.0063786,0,0.235996,3.8,0.00673868,0.37515,0.0888888888888889,0,0.00628146,1.382,0,0.0661112,0.477386,0.345761666483293,0,1.44,12.1,0.4995,2.19,5.0784,2.49476,0.58255,0.159465,21.0035842293907,5.8999,95,0.168467,9.37875,0.41875,2.91300251256281,0.1570365,34.55,0.154861111111111,1.65278,11.93465,0.663542620071984,1,0.037761354590067,1.37299261608059e-14,0.28342883532747,1.08322981141486,0.387630001463128,0.939708245687775,0.49197397476715,0.0811289049218722,1.32601343917181,0.550555359087387,14.926305971165,0.0193224049118705,4.41960985970513,0.21957546169713,6.58246702598952e-11,0.122427109290982,10.5087260359772,3.00521754296498e-16,0.995151236192236,2.38904128415442,0.574096774166235,0.816708454841973,54.5902469869125,167.947676492482,260.229940682723,0.840239999999991,1.67175778546711
122,GA,500,1,0.115435766184651,3.94418598402665,4.64235150199378,5.19760658095589,0.0674056902674009,0.00657727631074845,0.0159582170284738,0.00657727631074845,0.113343416142512,0.0685203081287785,0.0159582170284738,0.0685203081287785,0.0495362723034005,34.3432649217616,0.0281339885473144,0.0362,0,0.0692,0.01,0.203136,0.0997904,0.023302,0.0063786,0,0.235996,3.8,0.00673868,0.37515,0.0888888888888889,0,0.00628146,1.382,0,0.0661112,0.477386,0.345761666483293,0,1.44,12.1,0.4995,2.19,5.0784,2.49476,0.58255,0.159465,21.0035842293907,5.8999,95,0.168467,9.37875,0.41875,2.91300251256281,0.1570365,34.55,0.154861111111111,1.65278,11.93465,0.663542620071984,1,0.325032270570951,1.73266773625134e-07,0.394642485696056,0.403940347586626,0.346722442424389,0.877964643016063,0.437382911035942,0.0897190927538993,4.28443874522958,4.58086460011602,6.32063676235203,0.03980139721935,2.25160670097613,0.112645176114433,4.09125311671877e-11,0.00768956438968787,15.4309180351339,0.107821863909692,1.29606487869952,1.37306713047782,0.405087644050888,0.958933295004431,65.6761033660786,91.7308445275337,161.335358295912,0.840239999999991,1.67175778546711
122,GA,500,1,0.115435766184651,3.94418598402665,4.64235150199378,5.19760658095589,0.0674056902674009,0.00657727631074845,0.0159582170284738,0.00657727631074845,0.113343416142512,0.0685203081287785,0.0159582170284738,0.0685203081287785,0.0495362723034005,34.3432649217616,0.0961874454837965,0.0362,0,0.0692,0.01,0.203136,0.0997904,0.023302,0.0063786,0,0.235996,3.8,0.00673868,0.37515,0.0888888888888889,0,0.00628146,1.382,0,0.0661112,0.477386,0.345761666483293,0,1.44,12.1,0.4995,2.19,5.0784,2.49476,0.58255,0.159465,21.0035842293907,5.8999,95,0.168467,9.37875,0.41875,2.91300251256281,0.1570365,34.55,0.154861111111111,1.65278,11.93465,0.663542620071984,1,1.02498647206923,6.50253514019026e-08,0.17848607342963,0.261184431296759,0.686077278237692,0.387724799363468,0.195412453917021,0.0108825097643239,6.31551340487285,4.58086460011602,42.5513214920691,0.0128279472159242,1.87178201826934,0.368925799606527,6.00585064608458e-13,0.00768956438968787,15.4085469613265,0.000709651237225947,0.1908245557486,8.48455462585815,0.495146176485592,0.958933295004431,53.5096089858215,182.929892181067,244.27354755594,0.840239999999991,1.67175778546711
122,GA,500,1,0.115435766184651,3.94418598402665,4.64235150199378,5.19760658095589,0.0674056902674009,0.00657727631074845,0.0159582170284738,0.00657727631074845,0.113343416142512,0.0685203081287785,0.0159582170284738,0.0685203081287785,0.0495362723034005,34.3432649217616,0.0339989754806746,0.0362,0,0.0692,0.01,0.203136,0.0997904,0.023302,0.0063786,0,0.235996,3.8,0.00673868,0.37515,0.0888888888888889,0,0.00628146,1.382,0,0.0661112,0.477386,0.345761666483293,0,1.44,12.1,0.4995,2.19,5.0784,2.49476,0.58255,0.159465,21.0035842293907,5.8999,95,0.168467,9.37875,0.41875,2.91300251256281,0.1570365,34.55,0.154861111111111,1.65278,11.93465,0.663542620071984,1,0.521462077808158,5.76761628748796e-18,0.33554204560074,0.013204287405372,0.387630001463128,0.240054684688314,0.49197397476715,0.116941370040857,7.76486956270087,1.10872920168068,14.926305971165,0.0506118819857661,3.88552556880721,0.100114832399319,4.95708555869647e-10,0.0286726329341234,8.47494283828582,9.31464487543417e-09,0.236876015758818,2.41174556793788,0.355751752726122,0.816708454841973,64.7307801817415,66.268355190762,145.871552997157,0.840239999999991,1.67175778546711
122,GA,500,1,0.115435766184651,3.94418598402665,4.64235150199378,5.19760658095589,0.0674056902674009,0.00657727631074845,0.0159582170284738,0.00657727631074845,0.113343416142512,0.0685203081287785,0.0159582170284738,0.0685203081287785,0.0495362723034005,34.3432649217616,0.0439763551373182,0.0362,0,0.0692,0.01,0.203136,0.0997904,0.023302,0.0063786,0,0.235996,3.8,0.00673868,0.37515,0.0888888888888889,0,0.00628146,1.382,0,0.0661112,0.477386,0.345761666483293,0,1.44,12.1,0.4995,2.19,5.0784,2.49476,0.58255,0.159465,21.0035842293907,5.8999,95,0.168467,9.37875,0.41875,2.91300251256281,0.1570365,34.55,0.154861111111111,1.65278,11.93465,0.663542620071984,1,0.03872508626526,7.2493608402609e-10,0.303103305401679,1.08322981141486,0.387630001463128,1.12395948825633,0.319973590482319,0.116941370040857,0.355071301816798,0.86975064501522,16.4770510175373,0.0506118819857661,3.88552556880721,0.21957546169713,2.13832222689506e-18,0.0091912541175891,8.47494283828582,0.00979718785011584,0.995151236192236,1.35627898999679,0.47465364075444,0.816708454841973,42.1649805991355,159.410703171658,237.351772442135,0.840239999999991,1.67175778546711
122,GA,500,1,0.115435766184651,3.94418598402665,4.64235150199378,5.19760658095589,0.0674056902674009,0.00657727631074845,0.0159582170284738,0.00657727631074845,0.113343416142512,0.0685203081287785,0.0159582170284738,0.0685203081287785,0.0495362723034005,34.3432649217616,0.0437256562206454,0.0362,0,0.0692,0.01,0.203136,0.0997904,0.023302,0.0063786,0,0.235996,3.8,0.00673868,0.37515,0.0888888888888889,0,0.00628146,1.382,0,0.0661112,0.477386,0.345761666483293,0,1.44,12.1,0.4995,2.19,5.0784,2.49476,0.58255,0.159465,21.0035842293907,5.8999,95,0.168467,9.37875,0.41875,2.91300251256281,0.1570365,34.55,0.154861111111111,1.65278,11.93465,0.663542620071984,1,0.037761354590067,2.56744490008092e-13,0.188172458408023,0.0321036536339359,0.816456779636459,1.12395948825633,0.49197397476715,0.116941370040857,8.39794733154318,0.38665908947302,7.77088348319876,0.00740630139890662,3.88552556880721,0.180384065676799,0.00242713629884007,0.0286726329341234,8.47494283828582,5.38580752611337e-05,0.0762171760856114,8.61789905600272,0.491024149753146,0.816708454841973,75.791174647595,98.942263166256,196.938767255046,0.840239999999991,1.67175778546711
122,GA,500,1,0.115435766184651,3.94418598402665,4.64235150199378,5.19760658095589,0.0674056902674009,0.00657727631074845,0.0159582170284738,0.00657727631074845,0.113343416142512,0.0685203081287785,0.0159582170284738,0.0685203081287785,0.0495362723034005,34.3432649217616,0.00689899092567094,0.0362,0,0.0692,0.01,0.203136,0.0997904,0.023302,0.0063786,0,0.235996,3.8,0.00673868,0.37515,0.0888888888888889,0,0.00628146,1.382,0,0.0661112,0.477386,0.345761666483293,0,1.44,12.1,0.4995,2.19,5.0784,2.49476,0.58255,0.159465,21.0035842293907,5.8999,95,0.168467,9.37875,0.41875,2.91300251256281,0.1570365,34.55,0.154861111111111,1.65278,11.93465,0.663542620071984,1,0.037761354590067,7.2493608402609e-10,0.33554204560074,1.08322981141486,0.387630001463128,1.12395948825633,0.49197397476715,0.116941370040857,13.2601343917181,0.86975064501522,14.926305971165,0.0506118819857661,3.88552556880721,0.21957546169713,6.58246702598952e-11,0.0286726329341234,8.47494283828582,0.0262250519838029,0.995151236192236,8.61789905600272,0.355751752726122,0.816708454841973,73.2233760271171,107.829140235089,205.252302133868,0.840239999999991,1.67175778546711
122,GA,500,0,0.115435766184651,3.94418598402665,4.64235150199378,5.19760658095589,0.0674056902674009,0.00657727631074845,0.0159582170284738,0.00657727631074845,0.113343416142512,0.0685203081287785,0.0159582170284738,0.0685203081287785,0.0495362723034005,34.3432649217616,0.00689893930388667,0.0362,0,0.0692,0.01,0.203136,0.0997904,0.023302,0.0063786,0,0.235996,3.8,0.00673868,0.37515,0.0888888888888889,0,0.00628146,1.382,0,0.0661112,0.477386,0.345761666483293,0,1.44,12.1,0.4995,2.19,5.0784,2.49476,0.58255,0.159465,21.0035842293907,5.8999,95,0.168467,9.37875,0.41875,2.91300251256281,0.1570365,34.55,0.154861111111111,1.65278,11.93465,0.663542620071984,1,0.037761354590067,7.2493608402609e-11,0.33554204560074,1.08322981141486,0.387630001463128,1.12395948825633,0.49197397476715,0.116941370040857,13.2601343917181,0.86975064501522,14.926305971165,0.0506118819857661,3.88552556880721,0.21957546169713,6.58246702598952e-11,0.0286726329341234,8.47494283828582,0.0262250519838029,0.995151236192236,8.61789905600272,0.355751752726122,0.816708454841973,73.2233836313519,107.829138136499,205.252307168532,0.840239999999991,1.67175778546711
122,GA,500,1,0.115435766184651,3.94418598402665,4.64235150199378,5.19760658095589,0.0674056902674009,0.00657727631074845,0.0159582170284738,0.00657727631074845,0.113343416142512,0.0685203081287785,0.0159582170284738,0.0685203081287785,0.0495362723034005,34.3432649217616,0.0295913502176835,0.0362,0,0.0692,0.01,0.203136,0.0997904,0.023302,0.0063786,0,0.235996,3.8,0.00673868,0.37515,0.0888888888888889,0,0.00628146,1.382,0,0.0661112,0.477386,0.345761666483293,0,1.44,12.1,0.4995,2.19,5.0784,2.49476,0.58255,0.159465,21.0035842293907,5.8999,95,0.168467,9.37875,0.41875,2.91300251256281,0.1570365,34.55,0.154861111111111,1.65278,11.93465,0.663542620071984,1,0.112908577399048,1.37299261608059e-14,0.106675703561767,1.95004077256936,0.387630001463128,0.222604251299733,0.509507990776523,0.0811289049218722,1.32601343917181,1.77907643464124,14.926305971165,0.0648923444862926,4.41960985970513,0.36750101244143,2.60866905947785e-12,0.0495346980801409,7.30939759763243,6.00948589172599e-10,0.122493270822503,2.09251736849333,0.574096774166235,0.816708454841973,33.1780736993763,108.437870257245,165.952345367994,0.840239999999991,1.67175778546711
122,GA,500,1,0.115435766184651,3.94418598402665,4.64235150199378,5.19760658095589,0.0674056902674009,0.00657727631074845,0.0159582170284738,0.00657727631074845,0.113343416142512,0.0685203081287785,0.0159582170284738,0.0685203081287785,0.0495362723034005,34.3432649217616,0.122348782029958,0.0362,0,0.0692,0.01,0.203136,0.0997904,0.023302,0.0063786,0,0.235996,3.8,0.00673868,0.37515,0.0888888888888889,0,0.00628146,1.382,0,0.0661112,0.477386,0.345761666483293,0,1.44,12.1,0.4995,2.19,5.0784,2.49476,0.58255,0.159465,21.0035842293907,5.8999,95,0.168467,9.37875,0.41875,2.91300251256281,0.1570365,34.55,0.154861111111111,1.65278,11.93465,0.663542620071984,1,1.02498647206923,6.50253514019026e-08,0.17848607342963,0.186319755753755,0.686077278237692,2.08826905789341,0.437382911035942,0.118498627690879,6.31551340487285,4.58086460011602,42.5513214920691,0.0592439704663513,1.87178201826934,0.100653674419686,3.25808880288396e-07,0.00768956438968787,11.9099726089675,4.68990085466117e-09,0.1908245557486,0.923961129042611,0.410242648807574,0.958933295004431,51.1940168693781,126.672151376044,183.290954201665,0.840239999999991,1.67175778546711
122,GA,500,1,0.115435766184651,3.94418598402665,4.64235150199378,5.19760658095589,0.0674056902674009,0.00657727631074845,0.0159582170284738,0.00657727631074845,0.113343416142512,0.0685203081287785,0.0159582170284738,0.0685203081287785,0.0495362723034005,34.3432649217616,0.0551131082946071,0.0362,0,0.0692,0.01,0.203136,0.0997904,0.023302,0.0063786,0,0.235996,3.8,0.00673868,0.37515,0.0888888888888889,0,0.00628146,1.382,0,0.0661112,0.477386,0.345761666483293,0,1.44,12.1,0.4995,2.19,5.0784,2.49476,0.58255,0.159465,21.0035842293907,5.8999,95,0.168467,9.37875,0.41875,2.91300251256281,0.1570365,34.55,0.154861111111111,1.65278,11.93465,0.663542620071984,1,0.410149823864621,6.2879936978629e-18,0.41552131248852,0.157587581807599,0.416780880633115,0.374625278591707,0.106964210568871,0.0419109649742696,4.37977534906498,0.73696662959153,9.46747813167914,0.141506926749212,1.74140048301238,0.12647110200761,0.0126020088799756,0.0306966742281059,9.30084855605617,5.70149887400548e-19,0.320544286302672,6.55857546741764,0.369146955385249,0.758511957981166,62.8910616582504,125.024260460143,227.719393162613,0.840239999999991,1.67175778546711
122,GA,500,1,0.115435766184651,3.94418598402665,4.64235150199378,5.19760658095589,0.0674056902674009,0.00657727631074845,0.0159582170284738,0.00657727631074845,0.113343416142512,0.0685203081287785,0.0159582170284738,0.0685203081287785,0.0495362723034005,34.3432649217616,0.0551131082946071,0.0362,0,0.0692,0.01,0.203136,0.0997904,0.023302,0.0063786,0,0.235996,3.8,0.00673868,0.37515,0.0888888888888889,0,0.00628146,1.382,0,0.0661112,0.477386,0.345761666483293,0,1.44,12.1,0.4995,2.19,5.0784,2.49476,0.58255,0.159465,21.0035842293907,5.8999,95,0.168467,9.37875,0.41875,2.91300251256281,0.1570365,34.55,0.154861111111111,1.65278,11.93465,0.663542620071984,1,0.410149823864621,6.2879936978629e-18,0.41552131248852,0.157587581807599,0.416780880633115,0.374625278591707,0.106964210568871,0.0419109649742696,4.37977534906498,0.73696662959153,9.46747813167914,0.141506926749212,1.74140048301238,0.12647110200761,0.0126020088799756,0.0306966742281059,9.30084855605617,5.70149887400548e-19,0.320544286302672,6.55857546741764,0.369146955385249,0.758511957981166,62.8910616582504,125.024260460143,227.719393162613,0.840239999999991,1.67175778546711
122,GA,500,1,0.115435766184651,3.94418598402665,4.64235150199378,5.19760658095589,0.0674056902674009,0.00657727631074845,0.0159582170284738,0.00657727631074845,0.113343416142512,0.0685203081287785,0.0159582170284738,0.0685203081287785,0.0495362723034005,34.3432649217616,0.130851527619841,0.0362,0,0.0692,0.01,0.203136,0.0997904,0.023302,0.0063786,0,0.235996,3.8,0.00673868,0.37515,0.0888888888888889,0,0.00628146,1.382,0,0.0661112,0.477386,0.345761666483293,0,1.44,12.1,0.4995,2.19,5.0784,2.49476,0.58255,0.159465,21.0035842293907,5.8999,95,0.168467,9.37875,0.41875,2.91300251256281,0.1570365,34.55,0.154861111111111,1.65278,11.93465,0.663542620071984,1,1.02498647206923,6.85490059604685e-08,0.26858578476464,0.403940347586626,0.299914969067707,1.4598632802406,0.225946503452727,0.0279507187349272,9.23032288998711,4.58086460011602,14.0982293397208,0.0592439704663513,1.91973779390975,0.126858925093822,0.809494118959263,0.0652854697290268,15.4309180351339,3.97448770837526e-17,0.263055755176134,3.2540879450106,0.430641239229105,0.958933295004431,50.5880331803748,128.036597891836,184.107850000631,0.840239999999991,1.67175778546711
122,GA,500,1,0.115435766184651,3.94418598402665,4.64235150199378,5.19760658095589,0.0674056902674009,0.00657727631074845,0.0159582170284738,0.00657727631074845,0.113343416142512,0.0685203081287785,0.0159582170284738,0.0685203081287785,0.0495362723034005,34.3432649217616,0.156848589159331,0.0362,0,0.0692,0.01,0.203136,0.0997904,0.023302,0.0063786,0,0.235996,3.8,0.00673868,0.37515,0.0888888888888889,0,0.00628146,1.382,0,0.0661112,0.477386,0.345761666483293,0,1.44,12.1,0.4995,2.19,5.0784,2.49476,0.58255,0.159465,21.0035842293907,5.8999,95,0.168467,9.37875,0.41875,2.91300251256281,0.1570365,34.55,0.154861111111111,1.65278,11.93465,0.663542620071984,1,0.423765172324004,6.38985121394986e-12,0.148775525001386,0.626748106622822,0.346722442424389,0.877964643016063,0.437382911035942,0.0897190927538993,8.86985631481062,4.58086460011602,17.669173714241,0.0283468281645739,0.952210213392367,0.387812525552395,0.0131416676737046,0.00768956438968787,15.4309180351339,3.97448770837526e-17,0.239972538172061,3.36791779424044,0.459244421647998,0.958933295004431,64.3675385099553,150.428271182218,221.237961057462,0.840239999999991,1.67175778546711
122,GA,500,1,0.115435766184651,3.94418598402665,4.64235150199378,5.19760658095589,0.0674056902674009,0.00657727631074845,0.0159582170284738,0.00657727631074845,0.113343416142512,0.0685203081287785,0.0159582170284738,0.0685203081287785,0.0495362723034005,34.3432649217616,0.0261783921386049,0.0362,0,0.0692,0.01,0.203136,0.0997904,0.023302,0.0063786,0,0.235996,3.8,0.00673868,0.37515,0.0888888888888889,0,0.00628146,1.382,0,0.0661112,0.477386,0.345761666483293,0,1.44,12.1,0.4995,2.19,5.0784,2.49476,0.58255,0.159465,21.0035842293907,5.8999,95,0.168467,9.37875,0.41875,2.91300251256281,0.1570365,34.55,0.154861111111111,1.65278,11.93465,0.663542620071984,1,0.037761354590067,7.2493608402609e-11,0.0903996952140789,1.63276703201205,0.387630001463128,1.12395948825633,0.322086517737918,0.0115808887906349,1.32601343917181,0.86975064501522,14.926305971165,0.0393600969245741,1.80456813489388,0.21957546169713,6.58246702598952e-11,0.00673562220120794,8.47494283828582,2.86713617371699e-19,0.233854062361499,8.61789905600272,0.355751752726122,0.816708454841973,69.6065353421444,80.07647671799,167.6543469489,0.840239999999991,1.67175778546711
122,GA,500,0,0.115435766184651,3.94418598402665,4.64235150199378,5.19760658095589,0.0674056902674009,0.00657727631074845,0.0159582170284738,0.00657727631074845,0.113343416142512,0.0685203081287785,0.0159582170284738,0.0685203081287785,0.0495362723034005,34.3432649217616,0.00953266984201311,0.0362,0,0.0692,0.01,0.203136,0.0997904,0.023302,0.0063786,0,0.235996,3.8,0.00673868,0.37515,0.0888888888888889,0,0.00628146,1.382,0,0.0661112,0.477386,0.345761666483293,0,1.44,12.1,0.4995,2.19,5.0784,2.49476,0.58255,0.159465,21.0035842293907,5.8999,95,0.168467,9.37875,0.41875,2.91300251256281,0.1570365,34.55,0.154861111111111,1.65278,11.93465,0.663542620071984,1,0.152065616615754,2.46035158525766e-16,0.239919977357982,1.95004077256936,0.387630001463128,1.12395948825633,0.509507990776523,0.0576827980048167,5.90790648835231,5.2512445221487,74.9489898253899,0.12505612227803,1.15570663578898,0.368925799606527,4.65371225366025e-07,0.0175322492207075,10.5087260359772,0.0262250519838029,0.995151236192236,8.48455462585815,0.574096774166235,0.816708454841973,43.0053385742639,74.9155781172033,134.73400585211,0.840239999999991,1.67175778546711
122,GA,500,0,0.115435766184651,3.94418598402665,4.64235150199378,5.19760658095589,0.0674056902674009,0.00657727631074845,0.0159582170284738,0.00657727631074845,0.113343416142512,0.0685203081287785,0.0159582170284738,0.0685203081287785,0.0495362723034005,34.3432649217616,0.0111316336660623,0.0362,0,0.0692,0.01,0.203136,0.0997904,0.023302,0.0063786,0,0.235996,3.8,0.00673868,0.37515,0.0888888888888889,0,0.00628146,1.382,0,0.0661112,0.477386,0.345761666483293,0,1.44,12.1,0.4995,2.19,5.0784,2.49476,0.58255,0.159465,21.0035842293907,5.8999,95,0.168467,9.37875,0.41875,2.91300251256281,0.1570365,34.55,0.154861111111111,1.65278,11.93465,0.663542620071984,1,0.508871063422381,7.2493608402609e-11,0.102171066598616,1.08322981141486,0.546210626633476,0.882600469421692,0.49197397476715,0.0182177042265205,1.32601343917181,0.86975064501522,14.926305971165,0.0168368221923206,3.88552556880721,0.100114832399319,6.58246702598952e-11,0.0134012083767732,7.07573438608025,0.00262250519838029,0.0672498050960735,1.3464119620812,0.355751752726122,0.816708454841973,41.5103452138658,77.5140965689427,136.420709015525,0.840239999999991,1.67175778546711
122,GA,500,1,0.115435766184651,3.94418598402665,4.64235150199378,5.19760658095589,0.0674056902674009,0.00657727631074845,0.0159582170284738,0.00657727631074845,0.113343416142512,0.0685203081287785,0.0159582170284738,0.0685203081287785,0.0495362723034005,34.3432649217616,0.0108443368932109,0.0362,0,0.0692,0.01,0.203136,0.0997904,0.023302,0.0063786,0,0.235996,3.8,0.00673868,0.37515,0.0888888888888889,0,0.00628146,1.382,0,0.0661112,0.477386,0.345761666483293,0,1.44,12.1,0.4995,2.19,5.0784,2.49476,0.58255,0.159465,21.0035842293907,5.8999,95,0.168467,9.37875,0.41875,2.91300251256281,0.1570365,34.55,0.154861111111111,1.65278,11.93465,0.663542620071984,1,0.10654015002379,1.32675682778933e-13,0.443296890177377,1.64996722668368,0.457278126463482,0.119548984849667,0.383423559764833,0.0454726069422871,4.0133898678189,0.512485638195356,52.7657369558616,0.0648923444862926,1.75946669344081,0.21957546169713,3.58851827955082e-09,0.0484401625558686,3.25676180704002,0.0262250519838029,0.307203372951257,4.75730582782319,0.454707734465037,0.816708454841973,34.2003229497032,102.613901838103,159.843569606135,0.840239999999991,1.67175778546711
122,GA,500,1,0.115435766184651,3.94418598402665,4.64235150199378,5.19760658095589,0.0674056902674009,0.00657727631074845,0.0159582170284738,0.00657727631074845,0.113343416142512,0.0685203081287785,0.0159582170284738,0.0685203081287785,0.0495362723034005,34.3432649217616,0.0265416920045754,0.0362,0,0.0692,0.01,0.203136,0.0997904,0.023302,0.0063786,0,0.235996,3.8,0.00673868,0.37515,0.0888888888888889,0,0.00628146,1.382,0,0.0661112,0.477386,0.345761666483293,0,1.44,12.1,0.4995,2.19,5.0784,2.49476,0.58255,0.159465,21.0035842293907,5.8999,95,0.168467,9.37875,0.41875,2.91300251256281,0.1570365,34.55,0.154861111111111,1.65278,11.93465,0.663542620071984,1,0.0742597716784404,1.37299261608059e-14,0.106675703561767,1.08322981141486,0.523260486075412,1.12395948825633,0.41732765724745,0.14687482971743,4.31108874464091,1.04379568744073,25.0934955521434,0.0648923444862926,1.95440780447051,0.112671916743538,2.07860579025522e-07,0.0134012083767732,10.5087260359772,0.0262250519838029,0.189665733937792,8.70096496922576,0.531469382779247,0.816708454841973,74.6160084467492,99.849709364412,196.874702810005,0.840239999999991,1.67175778546711
122,GA,500,0,0.115435766184651,3.94418598402665,4.64235150199378,5.19760658095589,0.0674056902674009,0.00657727631074845,0.0159582170284738,0.00657727631074845,0.113343416142512,0.0685203081287785,0.0159582170284738,0.0685203081287785,0.0495362723034005,34.3432649217616,0.00120975403480876,0.0362,0,0.0692,0.01,0.203136,0.0997904,0.023302,0.0063786,0,0.235996,3.8,0.00673868,0.37515,0.0888888888888889,0,0.00628146,1.382,0,0.0661112,0.477386,0.345761666483293,0,1.44,12.1,0.4995,2.19,5.0784,2.49476,0.58255,0.159465,21.0035842293907,5.8999,95,0.168467,9.37875,0.41875,2.91300251256281,0.1570365,34.55,0.154861111111111,1.65278,11.93465,0.663542620071984,1,0.140596566269778,0.937050420823942,0.101323864576885,1.08322981141486,0.836225272744853,0.411002582749377,0.259469060433027,0.0424631511022827,0.145401304807025,0.512485638195356,35.2601106432351,0.0510413062487021,4.41960985970513,0.24105353424909,6.58246702598952e-10,0.0134012083767732,10.5087260359772,1.46251417587604e-12,0.695576159192432,4.23373305866733,0.574096774166235,0.816708454841973,39.4433557180517,139.881269587696,210.717778994056,0.840239999999991,1.67175778546711
122,GA,500,0,0.115435766184651,3.94418598402665,4.64235150199378,5.19760658095589,0.0674056902674009,0.00657727631074845,0.0159582170284738,0.00657727631074845,0.113343416142512,0.0685203081287785,0.0159582170284738,0.0685203081287785,0.0495362723034005,34.3432649217616,0.00201417181458948,0.0362,0,0.0692,0.01,0.203136,0.0997904,0.023302,0.0063786,0,0.235996,3.8,0.00673868,0.37515,0.0888888888888889,0,0.00628146,1.382,0,0.0661112,0.477386,0.345761666483293,0,1.44,12.1,0.4995,2.19,5.0784,2.49476,0.58255,0.159465,21.0035842293907,5.8999,95,0.168467,9.37875,0.41875,2.91300251256281,0.1570365,34.55,0.154861111111111,1.65278,11.93465,0.663542620071984,1,0.37761354590067,1.37299261608059e-14,0.106675703561767,0.204615314977245,0.387630001463128,0.185264000562899,0.197590703907433,0.14687482971743,1.32601343917181,1.04379568744073,7.2996286782976,0.0840259877062394,2.27055534187837,0.305492925885952,2.07860579025522e-07,0.0134012083767732,10.5087260359772,0.0262250519838029,0.189665733937792,2.09251736849333,0.369146955385249,0.816708454841973,72.420735252988,89.9480389029923,182.555555542557,0.840239999999991,1.67175778546711
122,GA,500,1,0.115435766184651,3.94418598402665,4.64235150199378,5.19760658095589,0.0674056902674009,0.00657727631074845,0.0159582170284738,0.00657727631074845,0.113343416142512,0.0685203081287785,0.0159582170284738,0.0685203081287785,0.0495362723034005,34.3432649217616,0.0312005469056099,0.0362,0,0.0692,0.01,0.203136,0.0997904,0.023302,0.0063786,0,0.235996,3.8,0.00673868,0.37515,0.0888888888888889,0,0.00628146,1.382,0,0.0661112,0.477386,0.345761666483293,0,1.44,12.1,0.4995,2.19,5.0784,2.49476,0.58255,0.159465,21.0035842293907,5.8999,95,0.168467,9.37875,0.41875,2.91300251256281,0.1570365,34.55,0.154861111111111,1.65278,11.93465,0.663542620071984,1,0.03872508626526,0.125783288239609,0.303103305401679,1.08322981141486,0.970166000501206,0.882600469421692,0.319973590482319,0.0582552351938185,3.27346768517959,0.409910991673812,14.926305971165,0.0176944881754276,5.5876371283912,0.21957546169713,2.13832222689506e-18,0.0286726329341234,11.0207405764091,0.0262250519838029,0.468223357555741,1.35627898999679,0.355751752726122,0.816708454841973,57.0779856441168,158.990181618057,251.749879482684,0.840239999999991,1.67175778546711
122,GA,500,0,0.115435766184651,3.94418598402665,4.64235150199378,5.19760658095589,0.0674056902674009,0.00657727631074845,0.0159582170284738,0.00657727631074845,0.113343416142512,0.0685203081287785,0.0159582170284738,0.0685203081287785,0.0495362723034005,34.3432649217616,8.47259859786113e-05,0.0362,0,0.0692,0.01,0.203136,0.0997904,0.023302,0.0063786,0,0.235996,3.8,0.00673868,0.37515,0.0888888888888889,0,0.00628146,1.382,0,0.0661112,0.477386,0.345761666483293,0,1.44,12.1,0.4995,2.19,5.0784,2.49476,0.58255,0.159465,21.0035842293907,5.8999,95,0.168467,9.37875,0.41875,2.91300251256281,0.1570365,34.55,0.154861111111111,1.65278,11.93465,0.663542620071984,1,0.037761354590067,2.52766016549392e-10,0.319039547719435,1.08322981141486,1.1517193920821,1.12395948825633,0.49197397476715,0.0582962586775933,1.44869697039308,0.260899609612407,14.926305971165,0.0692629681538247,4.16920699101323,0.21957546169713,8.5651426907191e-06,0.0640855132126961,8.47494283828582,5.88178522622908e-06,0.692279503726635,4.23373305866733,0.542504689826477,0.816708454841973,50.5456322923188,61.0032236612254,125.239635151673,0.840239999999991,1.67175778546711
122,GA,500,1,0.115435766184651,3.94418598402665,4.64235150199378,5.19760658095589,0.0674056902674009,0.00657727631074845,0.0159582170284738,0.00657727631074845,0.113343416142512,0.0685203081287785,0.0159582170284738,0.0685203081287785,0.0495362723034005,34.3432649217616,0.0683669953179898,0.0362,0,0.0692,0.01,0.203136,0.0997904,0.023302,0.0063786,0,0.235996,3.8,0.00673868,0.37515,0.0888888888888889,0,0.00628146,1.382,0,0.0661112,0.477386,0.345761666483293,0,1.44,12.1,0.4995,2.19,5.0784,2.49476,0.58255,0.159465,21.0035842293907,5.8999,95,0.168467,9.37875,0.41875,2.91300251256281,0.1570365,34.55,0.154861111111111,1.65278,11.93465,0.663542620071984,1,0.325032270570951,6.85490059604685e-08,0.33554204560074,1.08322981141486,0.346722442424389,1.12395948825633,0.437382911035942,0.0897190927538993,10.8926309164505,4.58086460011602,12.9498568945179,0.0506118819857661,3.88552556880721,0.112645176114433,6.58246702598952e-11,0.0286726329341234,15.4309180351339,3.97448770837526e-17,0.995151236192236,8.61789905600272,0.459244421647998,0.958933295004431,46.9382184251313,146.886878258574,200.115586469167,0.840239999999991,1.67175778546711
122,GA,500,0,0.115435766184651,3.94418598402665,4.64235150199378,5.19760658095589,0.0674056902674009,0.00657727631074845,0.0159582170284738,0.00657727631074845,0.113343416142512,0.0685203081287785,0.0159582170284738,0.0685203081287785,0.0495362723034005,34.3432649217616,0.00194632291265517,0.0362,0,0.0692,0.01,0.203136,0.0997904,0.023302,0.0063786,0,0.235996,3.8,0.00673868,0.37515,0.0888888888888889,0,0.00628146,1.382,0,0.0661112,0.477386,0.345761666483293,0,1.44,12.1,0.4995,2.19,5.0784,2.49476,0.58255,0.159465,21.0035842293907,5.8999,95,0.168467,9.37875,0.41875,2.91300251256281,0.1570365,34.55,0.154861111111111,1.65278,11.93465,0.663542620071984,1,0.248052807789627,1.37299261608059e-14,0.245324604784576,1.08322981141486,1.07902038642484,1.12395948825633,0.41732765724745,0.14687482971743,9.23032288998711,1.04379568744073,23.0420699150283,0.0648923444862926,2.65320590739658,0.18760457847652,7.10870042973419e-11,0.0140808520124243,10.5087260359772,2.13209485737777e-16,0.263055755176134,2.09251736849333,0.369146955385249,0.816708454841973,73.2515370502806,139.519920214427,244.08351434556,0.840239999999991,1.67175778546711
122,GA,500,1,0.115435766184651,3.94418598402665,4.64235150199378,5.19760658095589,0.0674056902674009,0.00657727631074845,0.0159582170284738,0.00657727631074845,0.113343416142512,0.0685203081287785,0.0159582170284738,0.0685203081287785,0.0495362723034005,34.3432649217616,0.0269355170114768,0.0362,0,0.0692,0.01,0.203136,0.0997904,0.023302,0.0063786,0,0.235996,3.8,0.00673868,0.37515,0.0888888888888889,0,0.00628146,1.382,0,0.0661112,0.477386,0.345761666483293,0,1.44,12.1,0.4995,2.19,5.0784,2.49476,0.58255,0.159465,21.0035842293907,5.8999,95,0.168467,9.37875,0.41875,2.91300251256281,0.1570365,34.55,0.154861111111111,1.65278,11.93465,0.663542620071984,1,0.325032270570951,6.85490059604685e-08,0.147317714570313,0.84745896001386,0.329329688832283,1.16262706449766,0.437382911035942,0.0582552351938185,0.833300095514468,4.58086460011602,12.9498568945179,0.0192763124463403,2.56289163342466,0.112645176114433,2.13832222689506e-18,0.148266687936661,8.78266817544753,0.0262250519838029,0.995151236192236,3.36791779424044,0.574096774166235,0.958933295004431,56.7393689964952,142.950821628145,205.812117197906,0.840239999999991,1.67175778546711
122,GA,500,0,0.115435766184651,3.94418598402665,4.64235150199378,5.19760658095589,0.0674056902674009,0.00657727631074845,0.0159582170284738,0.00657727631074845,0.113343416142512,0.0685203081287785,0.0159582170284738,0.0685203081287785,0.0495362723034005,34.3432649217616,0.020673800121605,0.0362,0,0.0692,0.01,0.203136,0.0997904,0.023302,0.0063786,0,0.235996,3.8,0.00673868,0.37515,0.0888888888888889,0,0.00628146,1.382,0,0.0661112,0.477386,0.345761666483293,0,1.44,12.1,0.4995,2.19,5.0784,2.49476,0.58255,0.159465,21.0035842293907,5.8999,95,0.168467,9.37875,0.41875,2.91300251256281,0.1570365,34.55,0.154861111111111,1.65278,11.93465,0.663542620071984,1,0.250337861355545,0.000962212939624555,0.243125489199321,0.0321629157726388,0.746696478864772,0.907940817336472,0.132853803086672,0.0754440460041584,4.37977534906498,5.7855760820609,4.48230758670022,0.141506926749212,0.497277148945414,0.12647110200761,0.0126020088799756,0.00711805999077773,9.49436040274598,6.3871641495397e-13,0.245613893127934,0.836096196602778,0.375849078759741,0.758511957981166,46.2986120663825,60.9841822185491,126.698375810204,0.840239999999991,1.67175778546711
122,GA,500,0,0.115435766184651,3.94418598402665,4.64235150199378,5.19760658095589,0.0674056902674009,0.00657727631074845,0.0159582170284738,0.00657727631074845,0.113343416142512,0.0685203081287785,0.0159582170284738,0.0685203081287785,0.0495362723034005,34.3432649217616,0.0111778474674705,0.0362,0,0.0692,0.01,0.203136,0.0997904,0.023302,0.0063786,0,0.235996,3.8,0.00673868,0.37515,0.0888888888888889,0,0.00628146,1.382,0,0.0661112,0.477386,0.345761666483293,0,1.44,12.1,0.4995,2.19,5.0784,2.49476,0.58255,0.159465,21.0035842293907,5.8999,95,0.168467,9.37875,0.41875,2.91300251256281,0.1570365,34.55,0.154861111111111,1.65278,11.93465,0.663542620071984,1,0.037761354590067,7.65445033465748e-16,0.401216971064286,1.08322981141486,1.1517193920821,1.12395948825633,0.49197397476715,0.0582962586775933,14.4869697039308,0.86975064501522,14.926305971165,0.0506118819857661,4.16920699101323,0.21957546169713,8.5651426907191e-06,0.0286726329341234,8.47494283828582,2.09645551761118e-20,0.692279503726635,1.6210704715016,0.355751752726122,0.816708454841973,71.9759228455325,75.3460138505728,164.23162731862,0.840239999999991,1.67175778546711
122,GA,500,0,0.115435766184651,3.94418598402665,4.64235150199378,5.19760658095589,0.0674056902674009,0.00657727631074845,0.0159582170284738,0.00657727631074845,0.113343416142512,0.0685203081287785,0.0159582170284738,0.0685203081287785,0.0495362723034005,34.3432649217616,0.0162489967152017,0.0362,0,0.0692,0.01,0.203136,0.0997904,0.023302,0.0063786,0,0.235996,3.8,0.00673868,0.37515,0.0888888888888889,0,0.00628146,1.382,0,0.0661112,0.477386,0.345761666483293,0,1.44,12.1,0.4995,2.19,5.0784,2.49476,0.58255,0.159465,21.0035842293907,5.8999,95,0.168467,9.37875,0.41875,2.91300251256281,0.1570365,34.55,0.154861111111111,1.65278,11.93465,0.663542620071984,1,0.418711984104021,7.2493608402609e-11,0.394642485696056,0.403940347586626,0.387630001463128,1.22857555819419,0.437382911035942,0.0897190927538993,1.32601343917181,4.58086460011602,6.32063676235203,0.03980139721935,2.25160670097613,0.212100886519824,4.97265915674807e-06,0.0286726329341234,8.47494283828582,0.107821863909692,0.58965951284052,1.37306713047782,0.355751752726122,0.816708454841973,49.5073562130324,64.0856693955766,127.975589296253,0.840239999999991,1.67175778546711
122,GA,500,0,0.115435766184651,3.94418598402665,4.64235150199378,5.19760658095589,0.0674056902674009,0.00657727631074845,0.0159582170284738,0.00657727631074845,0.113343416142512,0.0685203081287785,0.0159582170284738,0.0685203081287785,0.0495362723034005,34.3432649217616,0,0.0362,0,0.0692,0.01,0.203136,0.0997904,0.023302,0.0063786,0,0.235996,3.8,0.00673868,0.37515,0.0888888888888889,0,0.00628146,1.382,0,0.0661112,0.477386,0.345761666483293,0,1.44,12.1,0.4995,2.19,5.0784,2.49476,0.58255,0.159465,21.0035842293907,5.8999,95,0.168467,9.37875,0.41875,2.91300251256281,0.1570365,34.55,0.154861111111111,1.65278,11.93465,0.663542620071984,1,0.410149823864621,6.2879936978629e-18,0.41552131248852,0.0157587581807599,0.416780880633115,0.374625278591707,0.106964210568871,0.0419109649742696,4.37977534906498,0.73696662959153,9.46747813167914,0.141506926749212,1.74140048301238,0.12647110200761,0.0126020088799756,0.0306966742281059,9.30084855605617,5.70149887400548e-19,0.320544286302672,6.55857546741764,0.369146955385249,0.758511957981166,67.0625087454423,107.029210758168,208.166692578001,0.840239999999991,1.67175778546711
122,GA,500,0,0.115435766184651,3.94418598402665,4.64235150199378,5.19760658095589,0.0674056902674009,0.00657727631074845,0.0159582170284738,0.00657727631074845,0.113343416142512,0.0685203081287785,0.0159582170284738,0.0685203081287785,0.0495362723034005,34.3432649217616,0,0.0362,0,0.0692,0.01,0.203136,0.0997904,0.023302,0.0063786,0,0.235996,3.8,0.00673868,0.37515,0.0888888888888889,0,0.00628146,1.382,0,0.0661112,0.477386,0.345761666483293,0,1.44,12.1,0.4995,2.19,5.0784,2.49476,0.58255,0.159465,21.0035842293907,5.8999,95,0.168467,9.37875,0.41875,2.91300251256281,0.1570365,34.55,0.154861111111111,1.65278,11.93465,0.663542620071984,1,0.410149823864621,6.2879936978629e-18,0.41552131248852,0.0157587581807599,0.416780880633115,0.374625278591707,0.106964210568871,0.0419109649742696,4.37977534906498,0.73696662959153,9.46747813167914,0.141506926749212,1.74140048301238,0.12647110200761,0.0126020088799756,0.0306966742281059,9.30084855605617,5.70149887400547e-18,0.320544286302672,6.55857546741764,0.369146955385249,0.758511957981166,67.0625087454423,107.029210758168,208.166692578001,0.840239999999991,1.67175778546711
122,GA,500,0,0.115435766184651,3.94418598402665,4.64235150199378,5.19760658095589,0.0674056902674009,0.00657727631074845,0.0159582170284738,0.00657727631074845,0.113343416142512,0.0685203081287785,0.0159582170284738,0.0685203081287785,0.0495362723034005,34.3432649217616,1.50424483032042e-20,0.0362,0,0.0692,0.01,0.203136,0.0997904,0.023302,0.0063786,0,0.235996,3.8,0.00673868,0.37515,0.0888888888888889,0,0.00628146,1.382,0,0.0661112,0.477386,0.345761666483293,0,1.44,12.1,0.4995,2.19,5.0784,2.49476,0.58255,0.159465,21.0035842293907,5.8999,95,0.168467,9.37875,0.41875,2.91300251256281,0.1570365,34.55,0.154861111111111,1.65278,11.93465,0.663542620071984,1,0.325032270570951,6.85490059604685e-08,0.379716216609904,0.403940347586626,0.346722442424389,0.877964643016063,0.437382911035942,0.0897190927538993,10.8926309164505,4.58086460011602,12.9498568945179,0.03980139721935,0.952210213392367,0.112645176114433,0.809494118959263,0.00768956438968787,15.4309180351339,3.97448770837526e-17,1.29606487869952,3.36791779424044,0.459244421647998,0.958933295004431,59.5560849145074,92.1501630435216,155.652615844843,0.840239999999991,1.67175778546711
122,GA,500,0,0.115435766184651,3.94418598402665,4.64235150199378,5.19760658095589,0.0674056902674009,0.00657727631074845,0.0159582170284738,0.00657727631074845,0.113343416142512,0.0685203081287785,0.0159582170284738,0.0685203081287785,0.0495362723034005,34.3432649217616,1.50424483032042e-20,0.0362,0,0.0692,0.01,0.203136,0.0997904,0.023302,0.0063786,0,0.235996,3.8,0.00673868,0.37515,0.0888888888888889,0,0.00628146,1.382,0,0.0661112,0.477386,0.345761666483293,0,1.44,12.1,0.4995,2.19,5.0784,2.49476,0.58255,0.159465,21.0035842293907,5.8999,95,0.168467,9.37875,0.41875,2.91300251256281,0.1570365,34.55,0.154861111111111,1.65278,11.93465,0.663542620071984,1,0.325032270570951,6.85490059604685e-08,0.379716216609904,0.403940347586626,0.346722442424389,0.877964643016063,0.437382911035942,0.0897190927538993,10.8926309164505,4.58086460011602,12.9498568945179,0.03980139721935,0.952210213392367,0.112645176114433,0.809494118959263,0.00768956438968787,15.4309180351339,3.97448770837526e-18,1.29606487869952,3.36791779424044,0.459244421647998,0.958933295004431,59.5560849145074,92.1501630435216,155.652615844843,0.840239999999991,1.67175778546711
122,GA,500,0,0.115435766184651,3.94418598402665,4.64235150199378,5.19760658095589,0.0674056902674009,0.00657727631074845,0.0159582170284738,0.00657727631074845,0.113343416142512,0.0685203081287785,0.0159582170284738,0.0685203081287785,0.0495362723034005,34.3432649217616,1.50424483032042e-20,0.0362,0,0.0692,0.01,0.203136,0.0997904,0.023302,0.0063786,0,0.235996,3.8,0.00673868,0.37515,0.0888888888888889,0,0.00628146,1.382,0,0.0661112,0.477386,0.345761666483293,0,1.44,12.1,0.4995,2.19,5.0784,2.49476,0.58255,0.159465,21.0035842293907,5.8999,95,0.168467,9.37875,0.41875,2.91300251256281,0.1570365,34.55,0.154861111111111,1.65278,11.93465,0.663542620071984,1,0.325032270570951,6.85490059604685e-08,0.379716216609904,0.403940347586626,0.346722442424389,0.877964643016063,0.437382911035942,0.0897190927538993,10.8926309164505,4.58086460011602,12.9498568945179,0.03980139721935,0.952210213392367,0.112645176114433,0.809494118959263,0.00768956438968787,15.4309180351339,3.97448770837526e-18,1.29606487869952,3.36791779424044,0.459244421647998,0.958933295004431,59.5560849145074,92.1501630435216,155.652615844843,0.840239999999991,1.67175778546711
122,GA,500,0,0.115435766184651,3.94418598402665,4.64235150199378,5.19760658095589,0.0674056902674009,0.00657727631074845,0.0159582170284738,0.00657727631074845,0.113343416142512,0.0685203081287785,0.0159582170284738,0.0685203081287785,0.0495362723034005,34.3432649217616,1.50424472103374e-20,0.0362,0,0.0692,0.01,0.203136,0.0997904,0.023302,0.0063786,0,0.235996,3.8,0.00673868,0.37515,0.0888888888888889,0,0.00628146,1.382,0,0.0661112,0.477386,0.345761666483293,0,1.44,12.1,0.4995,2.19,5.0784,2.49476,0.58255,0.159465,21.0035842293907,5.8999,95,0.168467,9.37875,0.41875,2.91300251256281,0.1570365,34.55,0.154861111111111,1.65278,11.93465,0.663542620071984,1,0.325032270570951,6.85490059604685e-09,0.379716216609904,0.403940347586626,0.346722442424389,0.877964643016063,0.437382911035942,0.0897190927538993,10.8926309164505,4.58086460011602,12.9498568945179,0.03980139721935,0.952210213392367,0.112645176114433,0.809494118959263,0.00768956438968787,15.4309180351339,3.97448770837526e-17,1.29606487869952,3.36791779424044,0.459244421647998,0.958933295004431,59.5560847980696,92.1501589763091,155.652611487012,0.840239999999991,1.67175778546711
122,GA,500,0,0.115435766184651,3.94418598402665,4.64235150199378,5.19760658095589,0.0674056902674009,0.00657727631074845,0.0159582170284738,0.00657727631074845,0.113343416142512,0.0685203081287785,0.0159582170284738,0.0685203081287785,0.0495362723034005,34.3432649217616,1.50424472103374e-20,0.0362,0,0.0692,0.01,0.203136,0.0997904,0.023302,0.0063786,0,0.235996,3.8,0.00673868,0.37515,0.0888888888888889,0,0.00628146,1.382,0,0.0661112,0.477386,0.345761666483293,0,1.44,12.1,0.4995,2.19,5.0784,2.49476,0.58255,0.159465,21.0035842293907,5.8999,95,0.168467,9.37875,0.41875,2.91300251256281,0.1570365,34.55,0.154861111111111,1.65278,11.93465,0.663542620071984,1,0.325032270570951,6.85490059604685e-09,0.379716216609904,0.403940347586626,0.346722442424389,0.877964643016063,0.437382911035942,0.0897190927538993,10.8926309164505,4.58086460011602,12.9498568945179,0.03980139721935,0.952210213392367,0.112645176114433,0.809494118959263,0.00768956438968787,15.4309180351339,3.97448770837526e-17,1.29606487869952,3.36791779424044,0.459244421647998,0.958933295004431,59.5560847980696,92.1501589763091,155.652611487012,0.840239999999991,1.67175778546711
122,GA,500,0,0.115435766184651,3.94418598402665,4.64235150199378,5.19760658095589,0.0674056902674009,0.00657727631074845,0.0159582170284738,0.00657727631074845,0.113343416142512,0.0685203081287785,0.0159582170284738,0.0685203081287785,0.0495362723034005,34.3432649217616,1.50424472103374e-20,0.0362,0,0.0692,0.01,0.203136,0.0997904,0.023302,0.0063786,0,0.235996,3.8,0.00673868,0.37515,0.0888888888888889,0,0.00628146,1.382,0,0.0661112,0.477386,0.345761666483293,0,1.44,12.1,0.4995,2.19,5.0784,2.49476,0.58255,0.159465,21.0035842293907,5.8999,95,0.168467,9.37875,0.41875,2.91300251256281,0.1570365,34.55,0.154861111111111,1.65278,11.93465,0.663542620071984,1,0.325032270570951,6.85490059604685e-09,0.379716216609904,0.403940347586626,0.346722442424389,0.877964643016063,0.437382911035942,0.0897190927538993,10.8926309164505,4.58086460011602,12.9498568945179,0.03980139721935,0.952210213392367,0.112645176114433,0.809494118959263,0.00768956438968787,15.4309180351339,3.97448770837526e-17,1.29606487869952,3.36791779424044,0.459244421647998,0.958933295004431,59.5560847980696,92.1501589763091,155.652611487012,0.840239999999991,1.67175778546711
122,GA,500,0,0.115435766184651,3.94418598402665,4.64235150199378,5.19760658095589,0.0674056902674009,0.00657727631074845,0.0159582170284738,0.00657727631074845,0.113343416142512,0.0685203081287785,0.0159582170284738,0.0685203081287785,0.0495362723034005,34.3432649217616,1.50424472103374e-20,0.0362,0,0.0692,0.01,0.203136,0.0997904,0.023302,0.0063786,0,0.235996,3.8,0.00673868,0.37515,0.0888888888888889,0,0.00628146,1.382,0,0.0661112,0.477386,0.345761666483293,0,1.44,12.1,0.4995,2.19,5.0784,2.49476,0.58255,0.159465,21.0035842293907,5.8999,95,0.168467,9.37875,0.41875,2.91300251256281,0.1570365,34.55,0.154861111111111,1.65278,11.93465,0.663542620071984,1,0.325032270570951,6.85490059604685e-09,0.379716216609904,0.403940347586626,0.346722442424389,0.877964643016063,0.437382911035942,0.0897190927538993,10.8926309164505,4.58086460011602,12.9498568945179,0.03980139721935,0.952210213392367,0.112645176114433,0.809494118959263,0.00768956438968787,15.4309180351339,3.97448770837526e-17,1.29606487869952,3.36791779424044,0.459244421647998,0.958933295004431,59.5560847980696,92.1501589763091,155.652611487012,0.840239999999991,1.67175778546711
122,GA,500,1,0.115435766184651,3.94418598402665,4.64235150199378,5.19760658095589,0.0674056902674009,0.00657727631074845,0.0159582170284738,0.00657727631074845,0.113343416142512,0.0685203081287785,0.0159582170284738,0.0685203081287785,0.0495362723034005,34.3432649217616,0.115444731855807,0.0362,0,0.0692,0.01,0.203136,0.0997904,0.023302,0.0063786,0,0.235996,3.8,0.00673868,0.37515,0.0888888888888889,0,0.00628146,1.382,0,0.0661112,0.477386,0.345761666483293,0,1.44,12.1,0.4995,2.19,5.0784,2.49476,0.58255,0.159465,21.0035842293907,5.8999,95,0.168467,9.37875,0.41875,2.91300251256281,0.1570365,34.55,0.154861111111111,1.65278,11.93465,0.663542620071984,1,0.325032270570951,6.85490059604685e-08,0.303103305401679,0.713253352272425,0.970166000501206,0.877964643016063,0.437382911035942,0.0577263879409969,3.55071301816798,0.409910991673812,16.4770510175373,0.0176944881754276,5.13153400797091,0.264282008785214,2.13832222689506e-18,0.00768956438968787,15.4309180351339,4.23135354067356e-05,1.29606487869952,3.36791779424044,0.617038772445126,0.958933295004431,65.6388551503291,173.660955260467,246.736910839035,0.840239999999991,1.67175778546711
122,GA,500,0,0.115435766184651,3.94418598402665,4.64235150199378,5.19760658095589,0.0674056902674009,0.00657727631074845,0.0159582170284738,0.00657727631074845,0.113343416142512,0.0685203081287785,0.0159582170284738,0.0685203081287785,0.0495362723034005,34.3432649217616,2.80984654699689e-05,0.0362,0,0.0692,0.01,0.203136,0.0997904,0.023302,0.0063786,0,0.235996,3.8,0.00673868,0.37515,0.0888888888888889,0,0.00628146,1.382,0,0.0661112,0.477386,0.345761666483293,0,1.44,12.1,0.4995,2.19,5.0784,2.49476,0.58255,0.159465,21.0035842293907,5.8999,95,0.168467,9.37875,0.41875,2.91300251256281,0.1570365,34.55,0.154861111111111,1.65278,11.93465,0.663542620071984,1,0.037761354590067,1.37299261608059e-14,0.106675703561767,1.08322981141486,0.387630001463128,0.112395948825633,0.49197397476715,0.0811289049218722,1.32601343917181,0.512485638195356,14.926305971165,0.0648923444862926,4.41960985970513,0.21957546169713,6.58246702598952e-12,0.0134012083767732,10.5087260359772,0.0262250519838029,0.995151236192236,2.09251736849333,0.574096774166235,0.816708454841973,52.490499863108,61.6351903893628,127.958299937847,0.840239999999991,1.67175778546711
122,GA,500,1,0.115435766184651,3.94418598402665,4.64235150199378,5.19760658095589,0.0674056902674009,0.00657727631074845,0.0159582170284738,0.00657727631074845,0.113343416142512,0.0685203081287785,0.0159582170284738,0.0685203081287785,0.0495362723034005,34.3432649217616,0.02079959029664,0.0362,0,0.0692,0.01,0.203136,0.0997904,0.023302,0.0063786,0,0.235996,3.8,0.00673868,0.37515,0.0888888888888889,0,0.00628146,1.382,0,0.0661112,0.477386,0.345761666483293,0,1.44,12.1,0.4995,2.19,5.0784,2.49476,0.58255,0.159465,21.0035842293907,5.8999,95,0.168467,9.37875,0.41875,2.91300251256281,0.1570365,34.55,0.154861111111111,1.65278,11.93465,0.663542620071984,1,0.037761354590067,0.00151436833643606,0.312890732115484,0.0517871861509779,0.690418307525937,0.444972858811439,0.175408387038546,0.0264070031377125,13.2601343917181,4.38223823498553,14.926305971165,0.00755831142951199,1.75946669344081,0.21957546169713,6.58246702598952e-11,0.086256088462891,10.5087260359772,1.53095367547846e-19,0.995151236192236,2.43909601042685,0.574096774166235,0.816708454841973,33.5215958661698,117.018431694632,176.802139860629,0.840239999999991,1.67175778546711
122,GA,500,1,0.115435766184651,3.94418598402665,4.64235150199378,5.19760658095589,0.0674056902674009,0.00657727631074845,0.0159582170284738,0.00657727631074845,0.113343416142512,0.0685203081287785,0.0159582170284738,0.0685203081287785,0.0495362723034005,34.3432649217616,0.0360500553263879,0.0362,0,0.0692,0.01,0.203136,0.0997904,0.023302,0.0063786,0,0.235996,3.8,0.00673868,0.37515,0.0888888888888889,0,0.00628146,1.382,0,0.0661112,0.477386,0.345761666483293,0,1.44,12.1,0.4995,2.19,5.0784,2.49476,0.58255,0.159465,21.0035842293907,5.8999,95,0.168467,9.37875,0.41875,2.91300251256281,0.1570365,34.55,0.154861111111111,1.65278,11.93465,0.663542620071984,1,0.098371183787925,2.04595178831652e-10,0.409570248976607,0.0250637608020788,0.22968817372763,0.19851746852343,0.0561075111384926,0.0107654113132253,0.998266475789118,2.36585782830301,6.89809859966162,0.108362198853306,4.63352402637735,0.149466854908109,1.01485222645468,0.0076468171935569,11.0295799049202,0.000483902896876041,0.266312453934358,9.10786223771933,0.412605429580459,0.785102183241887,34.7367384982286,93.0651274852515,153.275610853623,0.840239999999991,1.67175778546711
122,GA,500,0,0.115435766184651,3.94418598402665,4.64235150199378,5.19760658095589,0.0674056902674009,0.00657727631074845,0.0159582170284738,0.00657727631074845,0.113343416142512,0.0685203081287785,0.0159582170284738,0.0685203081287785,0.0495362723034005,34.3432649217616,0.0107025711505655,0.0362,0,0.0692,0.01,0.203136,0.0997904,0.023302,0.0063786,0,0.235996,3.8,0.00673868,0.37515,0.0888888888888889,0,0.00628146,1.382,0,0.0661112,0.477386,0.345761666483293,0,1.44,12.1,0.4995,2.19,5.0784,2.49476,0.58255,0.159465,21.0035842293907,5.8999,95,0.168467,9.37875,0.41875,2.91300251256281,0.1570365,34.55,0.154861111111111,1.65278,11.93465,0.663542620071984,1,0.436464291247137,8.98377758292226e-16,0.367868489863522,1.11190654229069,1.20454361351265,1.12732700827361,0.437382911035942,0.0897190927538993,10.8926309164505,1.03190819292072,70.509517189448,0.03980139721935,1.84372375367389,0.142241787673626,2.04257211875007e-19,0.0360290253238292,6.01660845173245,0.000435235678535388,1.29606487869952,1.03872869812447,0.462408587806456,0.958933295004431,47.8073069377769,188.969292626495,244.869285712455,0.840239999999991,1.67175778546711
122,GA,500,0,0.115435766184651,3.94418598402665,4.64235150199378,5.19760658095589,0.0674056902674009,0.00657727631074845,0.0159582170284738,0.00657727631074845,0.113343416142512,0.0685203081287785,0.0159582170284738,0.0685203081287785,0.0495362723034005,34.3432649217616,0.0107025711505655,0.0362,0,0.0692,0.01,0.203136,0.0997904,0.023302,0.0063786,0,0.235996,3.8,0.00673868,0.37515,0.0888888888888889,0,0.00628146,1.382,0,0.0661112,0.477386,0.345761666483293,0,1.44,12.1,0.4995,2.19,5.0784,2.49476,0.58255,0.159465,21.0035842293907,5.8999,95,0.168467,9.37875,0.41875,2.91300251256281,0.1570365,34.55,0.154861111111111,1.65278,11.93465,0.663542620071984,1,0.436464291247137,8.98377758292226e-16,0.367868489863522,1.11190654229069,1.20454361351265,1.12732700827361,0.437382911035942,0.0897190927538993,10.8926309164505,1.03190819292072,70.509517189448,0.03980139721935,1.84372375367389,0.142241787673626,2.04257211875007e-20,0.0360290253238292,6.01660845173245,0.000435235678535388,1.29606487869952,1.03872869812447,0.462408587806456,0.958933295004431,47.8073069377769,188.969292626495,244.869285712455,0.840239999999991,1.67175778546711
122,GA,500,1,0.115435766184651,3.94418598402665,4.64235150199378,5.19760658095589,0.0674056902674009,0.00657727631074845,0.0159582170284738,0.00657727631074845,0.113343416142512,0.0685203081287785,0.0159582170284738,0.0685203081287785,0.0495362723034005,34.3432649217616,0.0900866797753576,0.0362,0,0.0692,0.01,0.203136,0.0997904,0.023302,0.0063786,0,0.235996,3.8,0.00673868,0.37515,0.0888888888888889,0,0.00628146,1.382,0,0.0661112,0.477386,0.345761666483293,0,1.44,12.1,0.4995,2.19,5.0784,2.49476,0.58255,0.159465,21.0035842293907,5.8999,95,0.168467,9.37875,0.41875,2.91300251256281,0.1570365,34.55,0.154861111111111,1.65278,11.93465,0.663542620071984,1,0.363501572445893,1.07963681788823e-08,0.429590990971992,0.181343682837769,0.484777459181534,0.877964643016063,0.292409806939037,0.0369968940350342,0.160437034828234,4.58086460011602,16.0670850933887,0.020709632895551,0.910797801901417,0.112645176114433,3.57544711806242e-06,0.0498456342921036,1.6833214766699,4.6252773694813e-06,0.608952758863048,8.32795865398809,0.369146955385249,0.958933295004431,45.6423684666494,123.378982144037,174.30510526678,0.840239999999991,1.67175778546711
122,GA,500,1,0.115435766184651,3.94418598402665,4.64235150199378,5.19760658095589,0.0674056902674009,0.00657727631074845,0.0159582170284738,0.00657727631074845,0.113343416142512,0.0685203081287785,0.0159582170284738,0.0685203081287785,0.0495362723034005,34.3432649217616,0.030817916687361,0.0362,0,0.0692,0.01,0.203136,0.0997904,0.023302,0.0063786,0,0.235996,3.8,0.00673868,0.37515,0.0888888888888889,0,0.00628146,1.382,0,0.0661112,0.477386,0.345761666483293,0,1.44,12.1,0.4995,2.19,5.0784,2.49476,0.58255,0.159465,21.0035842293907,5.8999,95,0.168467,9.37875,0.41875,2.91300251256281,0.1570365,34.55,0.154861111111111,1.65278,11.93465,0.663542620071984,1,1.02498647206923,6.85490059604685e-08,0.33554204560074,0.403940347586626,0.346722442424389,1.12395948825633,0.49197397476715,0.0897190927538993,6.31551340487285,0.86975064501522,14.926305971165,0.0506118819857661,1.91973779390975,0.110816348482218,6.58246702598952e-11,0.0286726329341234,8.47494283828582,3.97448770837526e-17,0.0995151236192236,9.2396112904261,0.355751752726122,0.816708454841973,77.2395758482725,112.537596099168,215.033663116468,0.840239999999991,1.67175778546711
122,GA,500,0,0.115435766184651,3.94418598402665,4.64235150199378,5.19760658095589,0.0674056902674009,0.00657727631074845,0.0159582170284738,0.00657727631074845,0.113343416142512,0.0685203081287785,0.0159582170284738,0.0685203081287785,0.0495362723034005,34.3432649217616,0.0145242171574785,0.0362,0,0.0692,0.01,0.203136,0.0997904,0.023302,0.0063786,0,0.235996,3.8,0.00673868,0.37515,0.0888888888888889,0,0.00628146,1.382,0,0.0661112,0.477386,0.345761666483293,0,1.44,12.1,0.4995,2.19,5.0784,2.49476,0.58255,0.159465,21.0035842293907,5.8999,95,0.168467,9.37875,0.41875,2.91300251256281,0.1570365,34.55,0.154861111111111,1.65278,11.93465,0.663542620071984,1,0.189477605586543,1.37299261608059e-14,0.383071644929609,1.08322981141486,0.970166000501206,1.12395948825633,0.49197397476715,0.0811289049218722,1.32601343917181,3.85256422305743,23.2250855703582,0.0648923444862926,4.41960985970513,0.21957546169713,2.28441202304034e-13,0.0703574761765447,10.5087260359772,0.0262250519838029,0.995151236192236,2.09251736849333,0.620656751021404,0.816708454841973,37.4819009541369,77.0253788310022,131.793865492212,0.840239999999991,1.67175778546711
122,GA,500,1,0.115435766184651,3.94418598402665,4.64235150199378,5.19760658095589,0.0674056902674009,0.00657727631074845,0.0159582170284738,0.00657727631074845,0.113343416142512,0.0685203081287785,0.0159582170284738,0.0685203081287785,0.0495362723034005,34.3432649217616,0.053950731629093,0.0362,0,0.0692,0.01,0.203136,0.0997904,0.023302,0.0063786,0,0.235996,3.8,0.00673868,0.37515,0.0888888888888889,0,0.00628146,1.382,0,0.0661112,0.477386,0.345761666483293,0,1.44,12.1,0.4995,2.19,5.0784,2.49476,0.58255,0.159465,21.0035842293907,5.8999,95,0.168467,9.37875,0.41875,2.91300251256281,0.1570365,34.55,0.154861111111111,1.65278,11.93465,0.663542620071984,1,0.363479111087168,1.21817414375463e-11,0.260055376719176,1.19309889797858,0.546210626633476,0.634153152411786,0.537641724503813,0.0182177042265205,3.27346768517959,1.10872920168068,10.5575153830508,0.0168368221923206,4.49982693123173,0.100114832399319,0.000906916338668913,0.134589441100373,7.81229965863015,9.44481353917248e-12,0.0802040857944836,1.3464119620812,0.562640894229742,0.668745151801258,41.400406817672,65.1072653567963,138.757771101257,0.840239999999991,1.67175778546711
122,GA,500,1,0.115435766184651,3.94418598402665,4.64235150199378,5.19760658095589,0.0674056902674009,0.00657727631074845,0.0159582170284738,0.00657727631074845,0.113343416142512,0.0685203081287785,0.0159582170284738,0.0685203081287785,0.0495362723034005,34.3432649217616,0.120259736875165,0.0362,0,0.0692,0.01,0.203136,0.0997904,0.023302,0.0063786,0,0.235996,3.8,0.00673868,0.37515,0.0888888888888889,0,0.00628146,1.382,0,0.0661112,0.477386,0.345761666483293,0,1.44,12.1,0.4995,2.19,5.0784,2.49476,0.58255,0.159465,21.0035842293907,5.8999,95,0.168467,9.37875,0.41875,2.91300251256281,0.1570365,34.55,0.154861111111111,1.65278,11.93465,0.663542620071984,1,1.02498647206923,6.85490059604685e-08,0.379716216609904,0.0229933030330901,0.346722442424389,2.43768352618124,0.437382911035942,0.0390413280861195,13.948567448335,4.58086460011602,34.5736012747865,0.0135652690038085,1.91973779390975,0.110816348482218,4.964938377005e-10,0.00768956438968787,15.4309180351339,3.97448770837526e-17,0.908497520618546,4.04193652009338,0.44980279163537,0.958933295004431,53.0098642685251,168.202245323429,228.415438566216,0.840239999999991,1.67175778546711
122,GA,500,1,0.115435766184651,3.94418598402665,4.64235150199378,5.19760658095589,0.0674056902674009,0.00657727631074845,0.0159582170284738,0.00657727631074845,0.113343416142512,0.0685203081287785,0.0159582170284738,0.0685203081287785,0.0495362723034005,34.3432649217616,0.112520249368856,0.0362,0,0.0692,0.01,0.203136,0.0997904,0.023302,0.0063786,0,0.235996,3.8,0.00673868,0.37515,0.0888888888888889,0,0.00628146,1.382,0,0.0661112,0.477386,0.345761666483293,0,1.44,12.1,0.4995,2.19,5.0784,2.49476,0.58255,0.159465,21.0035842293907,5.8999,95,0.168467,9.37875,0.41875,2.91300251256281,0.1570365,34.55,0.154861111111111,1.65278,11.93465,0.663542620071984,1,0.0895194568484675,1.73266773625134e-07,0.394642485696056,0.403940347586626,1.39836839360421,0.882600469421692,0.437382911035942,0.0897190927538993,4.28443874522958,4.58086460011602,6.32063676235203,0.03980139721935,1.25668513809039,0.129650520613927,0.000906916338668913,0.00768956438968787,15.4309180351339,8.73931522180312e-14,0.460056012501447,1.37306713047782,0.367706801742027,0.958933295004431,77.9171085710419,87.6158825087412,169.285176574496,0.840239999999991,1.67175778546711
122,GA,500,1,0.115435766184651,3.94418598402665,4.64235150199378,5.19760658095589,0.0674056902674009,0.00657727631074845,0.0159582170284738,0.00657727631074845,0.113343416142512,0.0685203081287785,0.0159582170284738,0.0685203081287785,0.0495362723034005,34.3432649217616,0.0516563767736105,0.0362,0,0.0692,0.01,0.203136,0.0997904,0.023302,0.0063786,0,0.235996,3.8,0.00673868,0.37515,0.0888888888888889,0,0.00628146,1.382,0,0.0661112,0.477386,0.345761666483293,0,1.44,12.1,0.4995,2.19,5.0784,2.49476,0.58255,0.159465,21.0035842293907,5.8999,95,0.168467,9.37875,0.41875,2.91300251256281,0.1570365,34.55,0.154861111111111,1.65278,11.93465,0.663542620071984,1,0.0552644919978925,4.32075062089411e-12,0.135917358684011,1.19309889797858,0.737101348540604,0.340541351287989,0.240551158241449,0.00943210149169108,0.32936538560437,1.21235468482673,49.9895751408685,0.0506394645570495,1.03329553330154,0.266424346922978,9.16815438863186e-07,0.0931784851639429,2.92423854695783,4.92711977856791e-19,0.587822519698304,1.36652331355998,0.393037804452554,0.668745151801258,39.4593249022157,63.2578299025088,134.051158177006,0.840239999999991,1.67175778546711
122,GA,500,1,0.115435766184651,3.94418598402665,4.64235150199378,5.19760658095589,0.0674056902674009,0.00657727631074845,0.0159582170284738,0.00657727631074845,0.113343416142512,0.0685203081287785,0.0159582170284738,0.0685203081287785,0.0495362723034005,34.3432649217616,0.0407528862650376,0.0362,0,0.0692,0.01,0.203136,0.0997904,0.023302,0.0063786,0,0.235996,3.8,0.00673868,0.37515,0.0888888888888889,0,0.00628146,1.382,0,0.0661112,0.477386,0.345761666483293,0,1.44,12.1,0.4995,2.19,5.0784,2.49476,0.58255,0.159465,21.0035842293907,5.8999,95,0.168467,9.37875,0.41875,2.91300251256281,0.1570365,34.55,0.154861111111111,1.65278,11.93465,0.663542620071984,1,0.183581362087613,7.00982240870318e-17,0.102171066598616,0.013204287405372,0.546210626633476,0.882600469421692,0.0765947091596555,0.0897190927538993,3.27346768517959,1.10872920168068,30.527635782654,0.03980139721935,1.422805192799,0.100114832399319,0.000906916338668913,0.020103903016912,7.07573438608025,4.26447026006673e-19,0.468223357555741,2.05220939776606,0.425376434642763,0.958933295004431,47.5238781553082,168.552263876664,223.294460691902,0.840239999999991,1.67175778546711
122,GA,500,1,0.115435766184651,3.94418598402665,4.64235150199378,5.19760658095589,0.0674056902674009,0.00657727631074845,0.0159582170284738,0.00657727631074845,0.113343416142512,0.0685203081287785,0.0159582170284738,0.0685203081287785,0.0495362723034005,34.3432649217616,0.0262713068347784,0.0362,0,0.0692,0.01,0.203136,0.0997904,0.023302,0.0063786,0,0.235996,3.8,0.00673868,0.37515,0.0888888888888889,0,0.00628146,1.382,0,0.0661112,0.477386,0.345761666483293,0,1.44,12.1,0.4995,2.19,5.0784,2.49476,0.58255,0.159465,21.0035842293907,5.8999,95,0.168467,9.37875,0.41875,2.91300251256281,0.1570365,34.55,0.154861111111111,1.65278,11.93465,0.663542620071984,1,1.02498647206923,6.85490059604685e-08,0.242503376302836,0.403940347586626,0.346722442424389,0.493571251311567,0.437382911035942,0.046713876892349,6.31551340487285,2.15477027427159,34.8173030877224,0.0592439704663513,3.49710540795989,0.323138721363564,5.11370302002197e-05,0.0269051199419121,15.4309180351339,1.2010406730947e-13,1.29606487869952,0.923961129042611,0.459244421647998,0.958933295004431,69.2944190697671,90.8133171414823,163.996853133299,0.840239999999991,1.67175778546711
122,GA,500,1,0.115435766184651,3.94418598402665,4.64235150199378,5.19760658095589,0.0674056902674009,0.00657727631074845,0.0159582170284738,0.00657727631074845,0.113343416142512,0.0685203081287785,0.0159582170284738,0.0685203081287785,0.0495362723034005,34.3432649217616,0.0262713068347784,0.0362,0,0.0692,0.01,0.203136,0.0997904,0.023302,0.0063786,0,0.235996,3.8,0.00673868,0.37515,0.0888888888888889,0,0.00628146,1.382,0,0.0661112,0.477386,0.345761666483293,0,1.44,12.1,0.4995,2.19,5.0784,2.49476,0.58255,0.159465,21.0035842293907,5.8999,95,0.168467,9.37875,0.41875,2.91300251256281,0.1570365,34.55,0.154861111111111,1.65278,11.93465,0.663542620071984,1,1.02498647206923,6.85490059604685e-08,0.242503376302836,0.403940347586626,0.346722442424389,0.493571251311567,0.437382911035942,0.046713876892349,6.31551340487285,2.15477027427159,34.8173030877224,0.0592439704663513,3.49710540795989,0.323138721363564,5.11370302002197e-05,0.0269051199419121,15.4309180351339,1.2010406730947e-13,1.29606487869952,0.923961129042611,0.459244421647998,0.958933295004431,69.2944190697671,90.8133171414823,163.996853133299,0.840239999999991,1.67175778546711
122,GA,500,1,0.115435766184651,3.94418598402665,4.64235150199378,5.19760658095589,0.0674056902674009,0.00657727631074845,0.0159582170284738,0.00657727631074845,0.113343416142512,0.0685203081287785,0.0159582170284738,0.0685203081287785,0.0495362723034005,34.3432649217616,0.0262713068347784,0.0362,0,0.0692,0.01,0.203136,0.0997904,0.023302,0.0063786,0,0.235996,3.8,0.00673868,0.37515,0.0888888888888889,0,0.00628146,1.382,0,0.0661112,0.477386,0.345761666483293,0,1.44,12.1,0.4995,2.19,5.0784,2.49476,0.58255,0.159465,21.0035842293907,5.8999,95,0.168467,9.37875,0.41875,2.91300251256281,0.1570365,34.55,0.154861111111111,1.65278,11.93465,0.663542620071984,1,1.02498647206923,6.85490059604685e-08,0.242503376302836,0.403940347586626,0.346722442424389,0.493571251311567,0.437382911035942,0.046713876892349,6.31551340487285,2.15477027427159,34.8173030877224,0.0592439704663513,3.49710540795989,0.323138721363564,5.11370302002197e-05,0.0269051199419121,15.4309180351339,1.2010406730947e-13,1.29606487869952,0.923961129042611,0.459244421647998,0.958933295004431,69.2944190697671,90.8133171414823,163.996853133299,0.840239999999991,1.67175778546711
122,GA,500,0,0.115435766184651,3.94418598402665,4.64235150199378,5.19760658095589,0.0674056902674009,0.00657727631074845,0.0159582170284738,0.00657727631074845,0.113343416142512,0.0685203081287785,0.0159582170284738,0.0685203081287785,0.0495362723034005,34.3432649217616,0.00379142588381299,0.0362,0,0.0692,0.01,0.203136,0.0997904,0.023302,0.0063786,0,0.235996,3.8,0.00673868,0.37515,0.0888888888888889,0,0.00628146,1.382,0,0.0661112,0.477386,0.345761666483293,0,1.44,12.1,0.4995,2.19,5.0784,2.49476,0.58255,0.159465,21.0035842293907,5.8999,95,0.168467,9.37875,0.41875,2.91300251256281,0.1570365,34.55,0.154861111111111,1.65278,11.93465,0.663542620071984,1,1.02498647206923,1.07963681788823e-08,0.187605371282888,0.02789939474312,0.484777459181534,1.4598632802406,0.437382911035942,0.0897190927538993,1.60437034828234,4.58086460011602,16.0670850933887,0.020709632895551,5.85959674629619,0.110816348482218,0.809494118959263,0.0588399772538822,15.4309180351339,4.6252773694813e-06,1.29606487869952,9.2396112904261,0.459244421647998,0.958933295004431,46.7485479674664,186.545877315509,241.283327693357,0.840239999999991,1.67175778546711
122,GA,500,0,0.115435766184651,3.94418598402665,4.64235150199378,5.19760658095589,0.0674056902674009,0.00657727631074845,0.0159582170284738,0.00657727631074845,0.113343416142512,0.0685203081287785,0.0159582170284738,0.0685203081287785,0.0495362723034005,34.3432649217616,0,0.0362,0,0.0692,0.01,0.203136,0.0997904,0.023302,0.0063786,0,0.235996,3.8,0.00673868,0.37515,0.0888888888888889,0,0.00628146,1.382,0,0.0661112,0.477386,0.345761666483293,0,1.44,12.1,0.4995,2.19,5.0784,2.49476,0.58255,0.159465,21.0035842293907,5.8999,95,0.168467,9.37875,0.41875,2.91300251256281,0.1570365,34.55,0.154861111111111,1.65278,11.93465,0.663542620071984,1,0.037761354590067,7.2493608402609e-11,0.33554204560074,1.08322981141486,0.387630001463128,0.112395948825633,0.49197397476715,0.116941370040857,1.32601343917181,0.86975064501522,14.926305971165,0.0506118819857661,3.88552556880721,0.21957546169713,6.58246702598952e-11,0.0286726329341234,8.47494283828582,0.0262250519838029,0.995151236192236,8.61789905600272,0.355751752726122,0.816708454841973,51.0174381490419,102.866483155698,176.969952226543,0.840239999999991,1.67175778546711
122,GA,500,0,0.115435766184651,3.94418598402665,4.64235150199378,5.19760658095589,0.0674056902674009,0.00657727631074845,0.0159582170284738,0.00657727631074845,0.113343416142512,0.0685203081287785,0.0159582170284738,0.0685203081287785,0.0495362723034005,34.3432649217616,0,0.0362,0,0.0692,0.01,0.203136,0.0997904,0.023302,0.0063786,0,0.235996,3.8,0.00673868,0.37515,0.0888888888888889,0,0.00628146,1.382,0,0.0661112,0.477386,0.345761666483293,0,1.44,12.1,0.4995,2.19,5.0784,2.49476,0.58255,0.159465,21.0035842293907,5.8999,95,0.168467,9.37875,0.41875,2.91300251256281,0.1570365,34.55,0.154861111111111,1.65278,11.93465,0.663542620071984,1,0.037761354590067,7.2493608402609e-11,0.33554204560074,1.08322981141486,0.387630001463128,0.112395948825633,0.49197397476715,0.116941370040857,1.32601343917181,0.86975064501522,14.926305971165,0.0506118819857661,3.88552556880721,0.21957546169713,6.58246702598952e-11,0.0286726329341234,8.47494283828582,0.0262250519838029,0.995151236192236,8.61789905600272,0.355751752726122,0.816708454841973,51.0174381490419,102.866483155698,176.969952226543,0.840239999999991,1.67175778546711
122,GA,500,0,0.115435766184651,3.94418598402665,4.64235150199378,5.19760658095589,0.0674056902674009,0.00657727631074845,0.0159582170284738,0.00657727631074845,0.113343416142512,0.0685203081287785,0.0159582170284738,0.0685203081287785,0.0495362723034005,34.3432649217616,0,0.0362,0,0.0692,0.01,0.203136,0.0997904,0.023302,0.0063786,0,0.235996,3.8,0.00673868,0.37515,0.0888888888888889,0,0.00628146,1.382,0,0.0661112,0.477386,0.345761666483293,0,1.44,12.1,0.4995,2.19,5.0784,2.49476,0.58255,0.159465,21.0035842293907,5.8999,95,0.168467,9.37875,0.41875,2.91300251256281,0.1570365,34.55,0.154861111111111,1.65278,11.93465,0.663542620071984,1,0.037761354590067,7.2493608402609e-11,0.33554204560074,1.08322981141486,0.387630001463128,0.112395948825633,0.49197397476715,0.116941370040857,1.32601343917181,0.86975064501522,14.926305971165,0.0506118819857661,3.88552556880721,0.21957546169713,6.58246702598952e-11,0.0286726329341234,8.47494283828582,0.0262250519838029,0.995151236192236,8.61789905600272,0.355751752726122,0.816708454841973,51.0174381490419,102.866483155698,176.969952226543,0.840239999999991,1.67175778546711
122,GA,500,1,0.115435766184651,3.94418598402665,4.64235150199378,5.19760658095589,0.0674056902674009,0.00657727631074845,0.0159582170284738,0.00657727631074845,0.113343416142512,0.0685203081287785,0.0159582170284738,0.0685203081287785,0.0495362723034005,34.3432649217616,0.0619610648312824,0.0362,0,0.0692,0.01,0.203136,0.0997904,0.023302,0.0063786,0,0.235996,3.8,0.00673868,0.37515,0.0888888888888889,0,0.00628146,1.382,0,0.0661112,0.477386,0.345761666483293,0,1.44,12.1,0.4995,2.19,5.0784,2.49476,0.58255,0.159465,21.0035842293907,5.8999,95,0.168467,9.37875,0.41875,2.91300251256281,0.1570365,34.55,0.154861111111111,1.65278,11.93465,0.663542620071984,1,0.325032270570951,6.85490059604685e-08,0.379716216609904,0.403940347586626,0.346722442424389,0.877964643016063,0.437382911035942,0.0897190927538993,10.8926309164505,4.58086460011602,12.9498568945179,0.03980139721935,0.952210213392367,0.112645176114433,0.809494118959263,0.00768956438968787,15.4309180351339,3.97448770837526e-17,0.129606487869952,3.36791779424044,0.459244421647998,0.958933295004431,59.6410060277539,81.7701079133489,144.912951781782,0.840239999999991,1.67175778546711
122,GA,500,1,0.115435766184651,3.94418598402665,4.64235150199378,5.19760658095589,0.0674056902674009,0.00657727631074845,0.0159582170284738,0.00657727631074845,0.113343416142512,0.0685203081287785,0.0159582170284738,0.0685203081287785,0.0495362723034005,34.3432649217616,0.0619610648312824,0.0362,0,0.0692,0.01,0.203136,0.0997904,0.023302,0.0063786,0,0.235996,3.8,0.00673868,0.37515,0.0888888888888889,0,0.00628146,1.382,0,0.0661112,0.477386,0.345761666483293,0,1.44,12.1,0.4995,2.19,5.0784,2.49476,0.58255,0.159465,21.0035842293907,5.8999,95,0.168467,9.37875,0.41875,2.91300251256281,0.1570365,34.55,0.154861111111111,1.65278,11.93465,0.663542620071984,1,0.325032270570951,6.85490059604685e-08,0.379716216609904,0.403940347586626,0.346722442424389,0.877964643016063,0.437382911035942,0.0897190927538993,10.8926309164505,4.58086460011602,12.9498568945179,0.03980139721935,0.952210213392367,0.112645176114433,0.809494118959263,0.00768956438968787,15.4309180351339,3.97448770837526e-17,0.129606487869952,3.36791779424044,0.459244421647998,0.958933295004431,59.6410060277539,81.7701079133489,144.912951781782,0.840239999999991,1.67175778546711
122,GA,500,0,0.115435766184651,3.94418598402665,4.64235150199378,5.19760658095589,0.0674056902674009,0.00657727631074845,0.0159582170284738,0.00657727631074845,0.113343416142512,0.0685203081287785,0.0159582170284738,0.0685203081287785,0.0495362723034005,34.3432649217616,0.00447510448993011,0.0362,0,0.0692,0.01,0.203136,0.0997904,0.023302,0.0063786,0,0.235996,3.8,0.00673868,0.37515,0.0888888888888889,0,0.00628146,1.382,0,0.0661112,0.477386,0.345761666483293,0,1.44,12.1,0.4995,2.19,5.0784,2.49476,0.58255,0.159465,21.0035842293907,5.8999,95,0.168467,9.37875,0.41875,2.91300251256281,0.1570365,34.55,0.154861111111111,1.65278,11.93465,0.663542620071984,1,0.037761354590067,1.37299261608059e-14,0.106675703561767,1.08322981141486,0.387630001463128,1.12395948825633,0.49197397476715,0.0811289049218722,1.32601343917181,0.86975064501522,14.926305971165,0.0506118819857661,4.41960985970513,0.21957546169713,6.58246702598952e-11,0.0286726329341234,10.5087260359772,0.0262250519838029,0.0672498050960735,2.09251736849333,0.355751752726122,0.816708454841973,54.4155436953446,60.7323049694823,128.777826354991,0.840239999999991,1.67175778546711
122,GA,500,1,0.115435766184651,3.94418598402665,4.64235150199378,5.19760658095589,0.0674056902674009,0.00657727631074845,0.0159582170284738,0.00657727631074845,0.113343416142512,0.0685203081287785,0.0159582170284738,0.0685203081287785,0.0495362723034005,34.3432649217616,0.0290101655123494,0.0362,0,0.0692,0.01,0.203136,0.0997904,0.023302,0.0063786,0,0.235996,3.8,0.00673868,0.37515,0.0888888888888889,0,0.00628146,1.382,0,0.0661112,0.477386,0.345761666483293,0,1.44,12.1,0.4995,2.19,5.0784,2.49476,0.58255,0.159465,21.0035842293907,5.8999,95,0.168467,9.37875,0.41875,2.91300251256281,0.1570365,34.55,0.154861111111111,1.65278,11.93465,0.663542620071984,1,0.112908577399048,2.11015958122419e-18,0.379716216609904,1.95004077256936,1.65259867218287,1.51414495612466,0.437382911035942,0.0151141930675403,10.8926309164505,0.514095775517382,12.9498568945179,0.0683730406983144,1.15570663578898,0.368925799606527,0.00183300633971645,0.0614831038734513,6.13049498337991,0.000709651237225947,1.33819211303997,10.2167556204979,0.566236563537123,0.958933295004431,51.8817473657617,90.4695265329199,146.225667849305,0.840239999999991,1.67175778546711
122,GA,500,1,0.115435766184651,3.94418598402665,4.64235150199378,5.19760658095589,0.0674056902674009,0.00657727631074845,0.0159582170284738,0.00657727631074845,0.113343416142512,0.0685203081287785,0.0159582170284738,0.0685203081287785,0.0495362723034005,34.3432649217616,0.0306411790545897,0.0362,0,0.0692,0.01,0.203136,0.0997904,0.023302,0.0063786,0,0.235996,3.8,0.00673868,0.37515,0.0888888888888889,0,0.00628146,1.382,0,0.0661112,0.477386,0.345761666483293,0,1.44,12.1,0.4995,2.19,5.0784,2.49476,0.58255,0.159465,21.0035842293907,5.8999,95,0.168467,9.37875,0.41875,2.91300251256281,0.1570365,34.55,0.154861111111111,1.65278,11.93465,0.663542620071984,1,0.112908577399048,2.11015958122419e-18,0.379716216609904,1.95004077256936,1.65259867218287,1.51414495612466,0.437382911035942,0.0151141930675403,10.8926309164505,0.514095775517382,12.9498568945179,0.0683730406983144,1.15570663578898,0.368925799606527,0.0183300633971645,0.0614831038734513,6.13049498337991,0.000709651237225947,1.33819211303997,10.2167556204979,0.566236563537123,0.958933295004431,51.9517179147872,90.2354000014647,146.051485303767,0.840239999999991,1.67175778546711
122,GA,500,1,0.115435766184651,3.94418598402665,4.64235150199378,5.19760658095589,0.0674056902674009,0.00657727631074845,0.0159582170284738,0.00657727631074845,0.113343416142512,0.0685203081287785,0.0159582170284738,0.0685203081287785,0.0495362723034005,34.3432649217616,0.008458695104264,0.0362,0,0.0692,0.01,0.203136,0.0997904,0.023302,0.0063786,0,0.235996,3.8,0.00673868,0.37515,0.0888888888888889,0,0.00628146,1.382,0,0.0661112,0.477386,0.345761666483293,0,1.44,12.1,0.4995,2.19,5.0784,2.49476,0.58255,0.159465,21.0035842293907,5.8999,95,0.168467,9.37875,0.41875,2.91300251256281,0.1570365,34.55,0.154861111111111,1.65278,11.93465,0.663542620071984,1,0.325032270570951,6.85490059604685e-09,0.106675703561767,1.08322981141486,0.387630001463128,0.877964643016063,0.437382911035942,0.14687482971743,13.2601343917181,4.58086460011602,5.98824209110219,0.0648923444862926,4.41960985970513,0.112671916743538,2.07860579025522e-07,0.0134012083767732,10.5087260359772,0.0262250519838029,0.189665733937792,3.36791779424044,0.459244421647998,0.816708454841973,33.0802315778595,100.465533547554,156.092957786251,0.840239999999991,1.67175778546711
122,GA,500,0,0.115435766184651,3.94418598402665,4.64235150199378,5.19760658095589,0.0674056902674009,0.00657727631074845,0.0159582170284738,0.00657727631074845,0.113343416142512,0.0685203081287785,0.0159582170284738,0.0685203081287785,0.0495362723034005,34.3432649217616,0.0143236308144189,0.0362,0,0.0692,0.01,0.203136,0.0997904,0.023302,0.0063786,0,0.235996,3.8,0.00673868,0.37515,0.0888888888888889,0,0.00628146,1.382,0,0.0661112,0.477386,0.345761666483293,0,1.44,12.1,0.4995,2.19,5.0784,2.49476,0.58255,0.159465,21.0035842293907,5.8999,95,0.168467,9.37875,0.41875,2.91300251256281,0.1570365,34.55,0.154861111111111,1.65278,11.93465,0.663542620071984,1,0.913381268467511,1.25522678780722e-19,0.484352991439676,1.08322981141486,0.387630001463128,1.12395948825633,0.555404410358929,0.14687482971743,1.32601343917181,0.86975064501522,14.926305971165,0.0506118819857661,3.88552556880721,0.121518053337472,6.58246702598952e-11,0.0134012083767732,8.47494283828582,0.0262250519838029,0.995151236192236,2.09251736849333,0.369146955385249,0.816708454841973,57.7277224273576,177.536014322168,275.107637217782,0.840239999999991,1.67175778546711
122,GA,500,1,0.115435766184651,3.94418598402665,4.64235150199378,5.19760658095589,0.0674056902674009,0.00657727631074845,0.0159582170284738,0.00657727631074845,0.113343416142512,0.0685203081287785,0.0159582170284738,0.0685203081287785,0.0495362723034005,34.3432649217616,0.0348011054946979,0.0362,0,0.0692,0.01,0.203136,0.0997904,0.023302,0.0063786,0,0.235996,3.8,0.00673868,0.37515,0.0888888888888889,0,0.00628146,1.382,0,0.0661112,0.477386,0.345761666483293,0,1.44,12.1,0.4995,2.19,5.0784,2.49476,0.58255,0.159465,21.0035842293907,5.8999,95,0.168467,9.37875,0.41875,2.91300251256281,0.1570365,34.55,0.154861111111111,1.65278,11.93465,0.663542620071984,1,0.232403105985959,2.82828836322685e-05,0.379716216609904,0.31372222991623,1.51733358572729,0.377652508522009,0.20209133780225,0.0577263879409969,10.8926309164505,3.55390927023668,12.9498568945179,0.03980139721935,1.32874924675793,0.264282008785214,0.809494118959263,0.00768956438968787,15.4309180351339,2.76051304339214e-16,1.47607122890569,11.3469828631913,0.56607620799048,0.958933295004431,56.2283322027128,124.717780683785,186.287202129853,0.840239999999991,1.67175778546711
122,GA,500,1,0.115435766184651,3.94418598402665,4.64235150199378,5.19760658095589,0.0674056902674009,0.00657727631074845,0.0159582170284738,0.00657727631074845,0.113343416142512,0.0685203081287785,0.0159582170284738,0.0685203081287785,0.0495362723034005,34.3432649217616,0.143293045409515,0.0362,0,0.0692,0.01,0.203136,0.0997904,0.023302,0.0063786,0,0.235996,3.8,0.00673868,0.37515,0.0888888888888889,0,0.00628146,1.382,0,0.0661112,0.477386,0.345761666483293,0,1.44,12.1,0.4995,2.19,5.0784,2.49476,0.58255,0.159465,21.0035842293907,5.8999,95,0.168467,9.37875,0.41875,2.91300251256281,0.1570365,34.55,0.154861111111111,1.65278,11.93465,0.663542620071984,1,0.409746136141176,0.899405061947991,0.233911183122701,0.0507637210881592,0.22493471365961,0.428078780926549,0.460933950564368,0.138113997394413,5.34011972706719,1.01873307610047,9.10333071440525,0.0526620969576673,0.722304155257618,0.0918948338974345,8.07342646644362e-05,0.0614831038734513,4.13430905209446,5.82826509094852e-18,0.0794045993780172,3.76896038582431,0.46219916662503,0.660711659572347,55.7973094851962,96.815981720723,202.330188568015,0.840239999999991,1.67175778546711
122,GA,500,1,0.115435766184651,3.94418598402665,4.64235150199378,5.19760658095589,0.0674056902674009,0.00657727631074845,0.0159582170284738,0.00657727631074845,0.113343416142512,0.0685203081287785,0.0159582170284738,0.0685203081287785,0.0495362723034005,34.3432649217616,0.0443418944152974,0.0362,0,0.0692,0.01,0.203136,0.0997904,0.023302,0.0063786,0,0.235996,3.8,0.00673868,0.37515,0.0888888888888889,0,0.00628146,1.382,0,0.0661112,0.477386,0.345761666483293,0,1.44,12.1,0.4995,2.19,5.0784,2.49476,0.58255,0.159465,21.0035842293907,5.8999,95,0.168467,9.37875,0.41875,2.91300251256281,0.1570365,34.55,0.154861111111111,1.65278,11.93465,0.663542620071984,1,0.0416289049088526,3.61600277846288e-07,0.41552131248852,0.0157587581807599,0.428302808078519,1.73888880016713,0.0827906407855193,0.0295523386443352,4.37977534906498,3.10909340726647,5.29313392328151,0.066503777107932,3.17679634748729,0.125011532618066,0.0126020088799756,0.0306966742281059,9.30084855605617,2.02744369577942e-09,1.08566311181693,6.55857546741764,0.375849078759741,0.758511957981166,35.5615228618523,86.4800541076373,149.574299058302,0.840239999999991,1.67175778546711
122,GA,500,1,0.115435766184651,3.94418598402665,4.64235150199378,5.19760658095589,0.0674056902674009,0.00657727631074845,0.0159582170284738,0.00657727631074845,0.113343416142512,0.0685203081287785,0.0159582170284738,0.0685203081287785,0.0495362723034005,34.3432649217616,0.0240643935645652,0.0362,0,0.0692,0.01,0.203136,0.0997904,0.023302,0.0063786,0,0.235996,3.8,0.00673868,0.37515,0.0888888888888889,0,0.00628146,1.382,0,0.0661112,0.477386,0.345761666483293,0,1.44,12.1,0.4995,2.19,5.0784,2.49476,0.58255,0.159465,21.0035842293907,5.8999,95,0.168467,9.37875,0.41875,2.91300251256281,0.1570365,34.55,0.154861111111111,1.65278,11.93465,0.663542620071984,1,1.24194270718311,1.37299261608059e-14,0.106675703561767,1.54623367770945,0.387630001463128,1.12395948825633,0.49197397476715,0.0119705285421511,13.1507209890907,2.82495419661599,6.20623180294483,0.0192763124463403,4.41960985970513,0.396424540727134,6.58246702598952e-11,0.0844586461694756,10.5087260359772,0.0262250519838029,0.995151236192236,8.01624434987282,0.574096774166235,0.816708454841973,36.5466970003823,105.922479180435,166.241055559374,0.840239999999991,1.67175778546711
122,GA,500,1,0.115435766184651,3.94418598402665,4.64235150199378,5.19760658095589,0.0674056902674009,0.00657727631074845,0.0159582170284738,0.00657727631074845,0.113343416142512,0.0685203081287785,0.0159582170284738,0.0685203081287785,0.0495362723034005,34.3432649217616,0.0115890785887623,0.0362,0,0.0692,0.01,0.203136,0.0997904,0.023302,0.0063786,0,0.235996,3.8,0.00673868,0.37515,0.0888888888888889,0,0.00628146,1.382,0,0.0661112,0.477386,0.345761666483293,0,1.44,12.1,0.4995,2.19,5.0784,2.49476,0.58255,0.159465,21.0035842293907,5.8999,95,0.168467,9.37875,0.41875,2.91300251256281,0.1570365,34.55,0.154861111111111,1.65278,11.93465,0.663542620071984,1,1.02498647206923,6.85490059604685e-08,0.379716216609904,0.0403940347586626,0.299914969067707,1.4598632802406,0.27336066807209,0.0279507187349272,6.31551340487285,4.58086460011602,14.0982293397208,0.0592439704663513,1.91973779390975,0.110816348482218,0.809494118959263,0.0652854697290268,15.4309180351339,3.97448770837526e-17,1.16242776312199,1.91812938251581,0.430641239229105,0.958933295004431,57.1897516568153,92.1574609309019,153.2938930095,0.840239999999991,1.67175778546711
122,GA,500,1,0.115435766184651,3.94418598402665,4.64235150199378,5.19760658095589,0.0674056902674009,0.00657727631074845,0.0159582170284738,0.00657727631074845,0.113343416142512,0.0685203081287785,0.0159582170284738,0.0685203081287785,0.0495362723034005,34.3432649217616,0.0709189199595031,0.0362,0,0.0692,0.01,0.203136,0.0997904,0.023302,0.0063786,0,0.235996,3.8,0.00673868,0.37515,0.0888888888888889,0,0.00628146,1.382,0,0.0661112,0.477386,0.345761666483293,0,1.44,12.1,0.4995,2.19,5.0784,2.49476,0.58255,0.159465,21.0035842293907,5.8999,95,0.168467,9.37875,0.41875,2.91300251256281,0.1570365,34.55,0.154861111111111,1.65278,11.93465,0.663542620071984,1,0.744467503747806,0.335355826916747,0.0743581957801286,0.0129187536162585,1.02301345458406,2.46567813522314,0.369990044881856,0.0897190927538993,16.0945259539012,0.75291337162617,16.942540576199,0.03980139721935,2.82778104151521,0.104026324995194,0.00029644168538526,0.00768956438968787,11.1920071228968,9.72797905625576e-20,0.117345247802369,2.02583533253418,0.496605195090304,0.958933295004431,77.539568232895,124.312761680988,207.176074055142,0.840239999999991,1.67175778546711
122,GA,500,1,0.115435766184651,3.94418598402665,4.64235150199378,5.19760658095589,0.0674056902674009,0.00657727631074845,0.0159582170284738,0.00657727631074845,0.113343416142512,0.0685203081287785,0.0159582170284738,0.0685203081287785,0.0495362723034005,34.3432649217616,0.0370201384359044,0.0362,0,0.0692,0.01,0.203136,0.0997904,0.023302,0.0063786,0,0.235996,3.8,0.00673868,0.37515,0.0888888888888889,0,0.00628146,1.382,0,0.0661112,0.477386,0.345761666483293,0,1.44,12.1,0.4995,2.19,5.0784,2.49476,0.58255,0.159465,21.0035842293907,5.8999,95,0.168467,9.37875,0.41875,2.91300251256281,0.1570365,34.55,0.154861111111111,1.65278,11.93465,0.663542620071984,1,0.260936417809046,1.18583894420014e-13,0.325409924982006,1.60947661642151,0.465296261748666,0.930153706420506,0.537641724503813,0.0418411218669103,4.52864709860439,5.01059991649442,10.5575153830508,0.0511463536363769,4.49982693123173,0.21957546169713,0.0125440359807552,0.0136371010350113,12.647594459692,2.87196322251452e-21,0.0802040857944836,2.09251736849333,0.562640894229742,0.668745151801258,37.6590518498306,67.9283251113873,139.234853825251,0.840239999999991,1.67175778546711
122,GA,500,1,0.115435766184651,3.94418598402665,4.64235150199378,5.19760658095589,0.0674056902674009,0.00657727631074845,0.0159582170284738,0.00657727631074845,0.113343416142512,0.0685203081287785,0.0159582170284738,0.0685203081287785,0.0495362723034005,34.3432649217616,0.0209672478707008,0.0362,0,0.0692,0.01,0.203136,0.0997904,0.023302,0.0063786,0,0.235996,3.8,0.00673868,0.37515,0.0888888888888889,0,0.00628146,1.382,0,0.0661112,0.477386,0.345761666483293,0,1.44,12.1,0.4995,2.19,5.0784,2.49476,0.58255,0.159465,21.0035842293907,5.8999,95,0.168467,9.37875,0.41875,2.91300251256281,0.1570365,34.55,0.154861111111111,1.65278,11.93465,0.663542620071984,1,0.201593571826489,2.18912861213713e-18,0.311419965462085,1.08322981141486,0.387630001463128,0.377652508522009,0.352872459628455,0.0391517723460533,6.0729948551954,0.86975064501522,6.47031901276081,0.138481700895477,3.88552556880721,0.21957546169713,6.58246702598952e-11,0.0286726329341234,8.47494283828582,0.0262250519838029,0.245613893127934,0.842032456585662,0.440222419032027,0.816708454841973,55.0435883238048,65.3637150150675,135.076695153481,0.840239999999991,1.67175778546711
122,GA,500,1,0.115435766184651,3.94418598402665,4.64235150199378,5.19760658095589,0.0674056902674009,0.00657727631074845,0.0159582170284738,0.00657727631074845,0.113343416142512,0.0685203081287785,0.0159582170284738,0.0685203081287785,0.0495362723034005,34.3432649217616,0.016767145372215,0.0362,0,0.0692,0.01,0.203136,0.0997904,0.023302,0.0063786,0,0.235996,3.8,0.00673868,0.37515,0.0888888888888889,0,0.00628146,1.382,0,0.0661112,0.477386,0.345761666483293,0,1.44,12.1,0.4995,2.19,5.0784,2.49476,0.58255,0.159465,21.0035842293907,5.8999,95,0.168467,9.37875,0.41875,2.91300251256281,0.1570365,34.55,0.154861111111111,1.65278,11.93465,0.663542620071984,1,0.410149823864621,3.61600277846288e-07,0.106675703561767,1.08322981141486,0.387630001463128,0.907940817336472,0.41732765724745,0.14687482971743,1.32601343917181,0.73696662959153,4.48230758670022,0.0648923444862926,3.17679634748729,0.12647110200761,0.0126020088799756,0.0134012083767732,10.5087260359772,5.70149887400548e-19,0.989112365061969,2.09251736849333,0.369146955385249,0.758511957981166,67.6366968981819,130.592966121695,239.806647216799,0.840239999999991,1.67175778546711
122,GA,500,0,0.115435766184651,3.94418598402665,4.64235150199378,5.19760658095589,0.0674056902674009,0.00657727631074845,0.0159582170284738,0.00657727631074845,0.113343416142512,0.0685203081287785,0.0159582170284738,0.0685203081287785,0.0495362723034005,34.3432649217616,0.016767145372215,0.0362,0,0.0692,0.01,0.203136,0.0997904,0.023302,0.0063786,0,0.235996,3.8,0.00673868,0.37515,0.0888888888888889,0,0.00628146,1.382,0,0.0661112,0.477386,0.345761666483293,0,1.44,12.1,0.4995,2.19,5.0784,2.49476,0.58255,0.159465,21.0035842293907,5.8999,95,0.168467,9.37875,0.41875,2.91300251256281,0.1570365,34.55,0.154861111111111,1.65278,11.93465,0.663542620071984,1,0.410149823864621,3.61600277846288e-07,0.106675703561767,1.08322981141486,0.387630001463128,0.907940817336472,0.41732765724745,0.14687482971743,1.32601343917181,0.73696662959153,4.48230758670022,0.0648923444862926,3.17679634748729,0.12647110200761,0.0126020088799756,0.0134012083767732,10.5087260359772,5.70149887400548e-19,0.989112365061969,2.09251736849333,0.369146955385249,0.758511957981166,67.6366968981819,130.592966121695,239.806647216799,0.840239999999991,1.67175778546711
122,GA,500,1,0.115435766184651,3.94418598402665,4.64235150199378,5.19760658095589,0.0674056902674009,0.00657727631074845,0.0159582170284738,0.00657727631074845,0.113343416142512,0.0685203081287785,0.0159582170284738,0.0685203081287785,0.0495362723034005,34.3432649217616,0.054436310252429,0.0362,0,0.0692,0.01,0.203136,0.0997904,0.023302,0.0063786,0,0.235996,3.8,0.00673868,0.37515,0.0888888888888889,0,0.00628146,1.382,0,0.0661112,0.477386,0.345761666483293,0,1.44,12.1,0.4995,2.19,5.0784,2.49476,0.58255,0.159465,21.0035842293907,5.8999,95,0.168467,9.37875,0.41875,2.91300251256281,0.1570365,34.55,0.154861111111111,1.65278,11.93465,0.663542620071984,1,1.21537744632824,3.61600277846288e-07,0.207565367283954,0.690214038299745,0.35066703460394,0.87823903161539,0.352309904132563,0.0330128057569825,0.968974087004146,1.56940582724342,9.92148047503382,0.025180101812349,0.736842350728706,0.402052282308117,1.29963908785281e-18,0.0104010089956555,2.01367913886585,6.92161723584156e-21,0.114414165724649,6.55857546741764,0.386831518229695,0.758511957981166,49.7572909301717,145.693299125718,241.83507901606,0.840239999999991,1.67175778546711
122,GA,500,0,0.115435766184651,3.94418598402665,4.64235150199378,5.19760658095589,0.0674056902674009,0.00657727631074845,0.0159582170284738,0.00657727631074845,0.113343416142512,0.0685203081287785,0.0159582170284738,0.0685203081287785,0.0495362723034005,34.3432649217616,0.0185087947442308,0.0362,0,0.0692,0.01,0.203136,0.0997904,0.023302,0.0063786,0,0.235996,3.8,0.00673868,0.37515,0.0888888888888889,0,0.00628146,1.382,0,0.0661112,0.477386,0.345761666483293,0,1.44,12.1,0.4995,2.19,5.0784,2.49476,0.58255,0.159465,21.0035842293907,5.8999,95,0.168467,9.37875,0.41875,2.91300251256281,0.1570365,34.55,0.154861111111111,1.65278,11.93465,0.663542620071984,1,0.0433194100463836,6.85490059604685e-08,0.111605921471148,0.403940347586626,0.346722442424389,0.877964643016063,0.0765947091596555,0.0182177042265205,10.8926309164505,4.58086460011602,12.9498568945179,0.03980139721935,0.952210213392367,0.342776973874853,0.000906916338668913,0.048471069776101,15.4309180351339,3.13356372407745e-13,1.29606487869952,5.20121270299024,0.425376434642763,0.958933295004431,50.5966082654816,141.303218186564,197.951193743621,0.840239999999991,1.67175778546711
122,GA,500,1,0.115435766184651,3.94418598402665,4.64235150199378,5.19760658095589,0.0674056902674009,0.00657727631074845,0.0159582170284738,0.00657727631074845,0.113343416142512,0.0685203081287785,0.0159582170284738,0.0685203081287785,0.0495362723034005,34.3432649217616,0.0235421614640901,0.0362,0,0.0692,0.01,0.203136,0.0997904,0.023302,0.0063786,0,0.235996,3.8,0.00673868,0.37515,0.0888888888888889,0,0.00628146,1.382,0,0.0661112,0.477386,0.345761666483293,0,1.44,12.1,0.4995,2.19,5.0784,2.49476,0.58255,0.159465,21.0035842293907,5.8999,95,0.168467,9.37875,0.41875,2.91300251256281,0.1570365,34.55,0.154861111111111,1.65278,11.93465,0.663542620071984,1,1.02498647206923,5.64810843555854e-18,0.29283020625607,0.132238448557018,0.299914969067707,0.664629774009402,0.27336066807209,0.0279507187349272,6.31551340487285,4.58086460011602,14.0982293397208,0.0592439704663513,1.91973779390975,0.110816348482218,0.809494118959263,0.0652854697290268,15.9352721804173,3.97448770837526e-17,1.10017281507168,1.91812938251581,0.624402773709614,0.958933295004431,56.4362014249485,93.9485461390162,154.408131931942,0.840239999999991,1.67175778546711
122,GA,500,0,0.115435766184651,3.94418598402665,4.64235150199378,5.19760658095589,0.0674056902674009,0.00657727631074845,0.0159582170284738,0.00657727631074845,0.113343416142512,0.0685203081287785,0.0159582170284738,0.0685203081287785,0.0495362723034005,34.3432649217616,0.00324596657261356,0.0362,0,0.0692,0.01,0.203136,0.0997904,0.023302,0.0063786,0,0.235996,3.8,0.00673868,0.37515,0.0888888888888889,0,0.00628146,1.382,0,0.0661112,0.477386,0.345761666483293,0,1.44,12.1,0.4995,2.19,5.0784,2.49476,0.58255,0.159465,21.0035842293907,5.8999,95,0.168467,9.37875,0.41875,2.91300251256281,0.1570365,34.55,0.154861111111111,1.65278,11.93465,0.663542620071984,1,1.41300731303447,2.52766016549392e-10,0.319039547719435,0.713253352272425,0.812042234127727,0.877964643016063,0.41732765724745,0.0577263879409969,10.8926309164505,3.47591531652774,12.9498568945179,0.03980139721935,5.13153400797091,0.171595256511933,0.000441806033405704,0.00768956438968787,15.4309180351339,4.23135354067356e-05,1.29606487869952,3.36791779424044,0.523739453563302,0.958933295004431,45.3900918181775,190.730874501353,244.289092921764,0.840239999999991,1.67175778546711
122,GA,500,0,0.115435766184651,3.94418598402665,4.64235150199378,5.19760658095589,0.0674056902674009,0.00657727631074845,0.0159582170284738,0.00657727631074845,0.113343416142512,0.0685203081287785,0.0159582170284738,0.0685203081287785,0.0495362723034005,34.3432649217616,0.00324596666685886,0.0362,0,0.0692,0.01,0.203136,0.0997904,0.023302,0.0063786,0,0.235996,3.8,0.00673868,0.37515,0.0888888888888889,0,0.00628146,1.382,0,0.0661112,0.477386,0.345761666483293,0,1.44,12.1,0.4995,2.19,5.0784,2.49476,0.58255,0.159465,21.0035842293907,5.8999,95,0.168467,9.37875,0.41875,2.91300251256281,0.1570365,34.55,0.154861111111111,1.65278,11.93465,0.663542620071984,1,1.41300731303447,2.52766016549392e-09,0.319039547719435,0.713253352272425,0.812042234127727,0.877964643016063,0.41732765724745,0.0577263879409969,10.8926309164505,3.47591531652774,12.9498568945179,0.03980139721935,5.13153400797091,0.171595256511933,0.000441806033405704,0.00768956438968787,15.4309180351339,4.23135354067356e-05,1.29606487869952,3.36791779424044,0.523739453563302,0.958933295004431,45.3900918191028,190.730874606381,244.289093032217,0.840239999999991,1.67175778546711
122,GA,500,1,0.115435766184651,3.94418598402665,4.64235150199378,5.19760658095589,0.0674056902674009,0.00657727631074845,0.0159582170284738,0.00657727631074845,0.113343416142512,0.0685203081287785,0.0159582170284738,0.0685203081287785,0.0495362723034005,34.3432649217616,0.0315486335318523,0.0362,0,0.0692,0.01,0.203136,0.0997904,0.023302,0.0063786,0,0.235996,3.8,0.00673868,0.37515,0.0888888888888889,0,0.00628146,1.382,0,0.0661112,0.477386,0.345761666483293,0,1.44,12.1,0.4995,2.19,5.0784,2.49476,0.58255,0.159465,21.0035842293907,5.8999,95,0.168467,9.37875,0.41875,2.91300251256281,0.1570365,34.55,0.154861111111111,1.65278,11.93465,0.663542620071984,1,1.02498647206923,6.85490059604685e-08,0.140368203535196,0.0311070758299325,0.629404605474654,0.227519644057569,0.27336066807209,0.0279507187349272,6.31551340487285,4.58086460011602,14.0982293397208,0.0592439704663513,1.91973779390975,0.110816348482218,0.809494118959263,0.0117929166185455,15.4309180351339,0.00108105744307918,1.16242776312199,1.91812938251581,0.375770867154009,0.958933295004431,58.4671654782849,75.5986611847271,137.303369809242,0.840239999999991,1.67175778546711
122,GA,500,0,0.115435766184651,3.94418598402665,4.64235150199378,5.19760658095589,0.0674056902674009,0.00657727631074845,0.0159582170284738,0.00657727631074845,0.113343416142512,0.0685203081287785,0.0159582170284738,0.0685203081287785,0.0495362723034005,34.3432649217616,0.00280009691349938,0.0362,0,0.0692,0.01,0.203136,0.0997904,0.023302,0.0063786,0,0.235996,3.8,0.00673868,0.37515,0.0888888888888889,0,0.00628146,1.382,0,0.0661112,0.477386,0.345761666483293,0,1.44,12.1,0.4995,2.19,5.0784,2.49476,0.58255,0.159465,21.0035842293907,5.8999,95,0.168467,9.37875,0.41875,2.91300251256281,0.1570365,34.55,0.154861111111111,1.65278,11.93465,0.663542620071984,1,0.037761354590067,1.37299261608059e-14,0.221484229342396,1.64996722668368,0.457278126463482,0.119548984849667,0.353265974374375,0.0811289049218722,1.32601343917181,0.512485638195356,22.7226130084363,0.0648923444862926,1.75946669344081,0.21957546169713,6.58246702598952e-11,0.0134012083767732,3.25676180704002,0.0262250519838029,0.307203372951257,2.09251736849333,0.534863931215726,0.816708454841973,36.6319595830009,120.011688400198,183.577528333626,0.840239999999991,1.67175778546711
122,GA,500,1,0.115435766184651,3.94418598402665,4.64235150199378,5.19760658095589,0.0674056902674009,0.00657727631074845,0.0159582170284738,0.00657727631074845,0.113343416142512,0.0685203081287785,0.0159582170284738,0.0685203081287785,0.0495362723034005,34.3432649217616,0.00173194212857365,0.0362,0,0.0692,0.01,0.203136,0.0997904,0.023302,0.0063786,0,0.235996,3.8,0.00673868,0.37515,0.0888888888888889,0,0.00628146,1.382,0,0.0661112,0.477386,0.345761666483293,0,1.44,12.1,0.4995,2.19,5.0784,2.49476,0.58255,0.159465,21.0035842293907,5.8999,95,0.168467,9.37875,0.41875,2.91300251256281,0.1570365,34.55,0.154861111111111,1.65278,11.93465,0.663542620071984,1,0.508871063422381,8.50379936890504e-10,0.28458430643001,1.08322981141486,0.374289070832957,0.882600469421692,0.49197397476715,0.0182177042265205,3.27346768517959,0.450815041522166,29.8814900960205,0.0168368221923206,1.37311948983901,0.40078948408744,1.41715680813627e-12,0.0174817857327463,7.07573438608025,0.00262250519838029,0.0672498050960735,1.60755180572269,0.510708641788296,0.816708454841973,74.0303434820807,89.713591381608,183.878099862865,0.840239999999991,1.67175778546711
122,GA,500,0,0.115435766184651,3.94418598402665,4.64235150199378,5.19760658095589,0.0674056902674009,0.00657727631074845,0.0159582170284738,0.00657727631074845,0.113343416142512,0.0685203081287785,0.0159582170284738,0.0685203081287785,0.0495362723034005,34.3432649217616,4.23768036103142e-41,0.0362,0,0.0692,0.01,0.203136,0.0997904,0.023302,0.0063786,0,0.235996,3.8,0.00673868,0.37515,0.0888888888888889,0,0.00628146,1.382,0,0.0661112,0.477386,0.345761666483293,0,1.44,12.1,0.4995,2.19,5.0784,2.49476,0.58255,0.159465,21.0035842293907,5.8999,95,0.168467,9.37875,0.41875,2.91300251256281,0.1570365,34.55,0.154861111111111,1.65278,11.93465,0.663542620071984,1,0.508871063422381,1.37299261608059e-15,0.106675703561767,1.08322981141486,0.374289070832957,1.14085275216875,0.49197397476715,0.0811289049218722,0.132601343917181,5.12485638195356,25.4442697678591,0.0367623215560257,4.41960985970513,0.21957546169713,6.58246702598952e-11,0.0134012083767732,16.8612041775535,0.00262250519838029,0.0672498050960735,4.09456305560179,0.574096774166235,0.816708454841973,63.4566686154046,120.023648093507,210.416881139139,0.840239999999991,1.67175778546711
122,GA,500,0,0.115435766184651,3.94418598402665,4.64235150199378,5.19760658095589,0.0674056902674009,0.00657727631074845,0.0159582170284738,0.00657727631074845,0.113343416142512,0.0685203081287785,0.0159582170284738,0.0685203081287785,0.0495362723034005,34.3432649217616,0,0.0362,0,0.0692,0.01,0.203136,0.0997904,0.023302,0.0063786,0,0.235996,3.8,0.00673868,0.37515,0.0888888888888889,0,0.00628146,1.382,0,0.0661112,0.477386,0.345761666483293,0,1.44,12.1,0.4995,2.19,5.0784,2.49476,0.58255,0.159465,21.0035842293907,5.8999,95,0.168467,9.37875,0.41875,2.91300251256281,0.1570365,34.55,0.154861111111111,1.65278,11.93465,0.663542620071984,1,0.508871063422381,1.37299261608059e-14,0.106675703561767,1.08322981141486,0.374289070832957,1.14085275216875,0.49197397476715,0.0811289049218722,0.132601343917181,5.12485638195356,25.4442697678591,0.0367623215560257,4.41960985970513,0.21957546169713,6.58246702598952e-11,0.0134012083767732,16.8612041775535,0.00262250519838029,0.0672498050960735,4.09456305560179,0.574096774166235,0.816708454841973,63.4566686154047,120.023648093508,210.41688113914,0.840239999999991,1.67175778546711
122,GA,500,0,0.115435766184651,3.94418598402665,4.64235150199378,5.19760658095589,0.0674056902674009,0.00657727631074845,0.0159582170284738,0.00657727631074845,0.113343416142512,0.0685203081287785,0.0159582170284738,0.0685203081287785,0.0495362723034005,34.3432649217616,0,0.0362,0,0.0692,0.01,0.203136,0.0997904,0.023302,0.0063786,0,0.235996,3.8,0.00673868,0.37515,0.0888888888888889,0,0.00628146,1.382,0,0.0661112,0.477386,0.345761666483293,0,1.44,12.1,0.4995,2.19,5.0784,2.49476,0.58255,0.159465,21.0035842293907,5.8999,95,0.168467,9.37875,0.41875,2.91300251256281,0.1570365,34.55,0.154861111111111,1.65278,11.93465,0.663542620071984,1,0.508871063422381,1.37299261608059e-14,0.106675703561767,1.08322981141486,0.374289070832957,1.14085275216875,0.49197397476715,0.0811289049218722,0.132601343917181,5.12485638195356,25.4442697678591,0.0367623215560257,4.41960985970513,0.21957546169713,6.58246702598952e-11,0.0134012083767732,16.8612041775535,0.00262250519838029,0.0672498050960735,4.09456305560179,0.574096774166235,0.816708454841973,63.4566686154047,120.023648093508,210.41688113914,0.840239999999991,1.67175778546711
122,GA,500,0,0.115435766184651,3.94418598402665,4.64235150199378,5.19760658095589,0.0674056902674009,0.00657727631074845,0.0159582170284738,0.00657727631074845,0.113343416142512,0.0685203081287785,0.0159582170284738,0.0685203081287785,0.0495362723034005,34.3432649217616,0,0.0362,0,0.0692,0.01,0.203136,0.0997904,0.023302,0.0063786,0,0.235996,3.8,0.00673868,0.37515,0.0888888888888889,0,0.00628146,1.382,0,0.0661112,0.477386,0.345761666483293,0,1.44,12.1,0.4995,2.19,5.0784,2.49476,0.58255,0.159465,21.0035842293907,5.8999,95,0.168467,9.37875,0.41875,2.91300251256281,0.1570365,34.55,0.154861111111111,1.65278,11.93465,0.663542620071984,1,0.508871063422381,1.37299261608059e-14,0.106675703561767,1.08322981141486,0.374289070832957,1.14085275216875,0.49197397476715,0.0811289049218722,0.132601343917181,5.12485638195356,25.4442697678591,0.0367623215560257,4.41960985970513,0.21957546169713,6.58246702598952e-11,0.0134012083767732,16.8612041775535,0.00262250519838029,0.0672498050960735,4.09456305560179,0.574096774166235,0.816708454841973,63.4566686154047,120.023648093508,210.41688113914,0.840239999999991,1.67175778546711
122,GA,500,0,0.115435766184651,3.94418598402665,4.64235150199378,5.19760658095589,0.0674056902674009,0.00657727631074845,0.0159582170284738,0.00657727631074845,0.113343416142512,0.0685203081287785,0.0159582170284738,0.0685203081287785,0.0495362723034005,34.3432649217616,0,0.0362,0,0.0692,0.01,0.203136,0.0997904,0.023302,0.0063786,0,0.235996,3.8,0.00673868,0.37515,0.0888888888888889,0,0.00628146,1.382,0,0.0661112,0.477386,0.345761666483293,0,1.44,12.1,0.4995,2.19,5.0784,2.49476,0.58255,0.159465,21.0035842293907,5.8999,95,0.168467,9.37875,0.41875,2.91300251256281,0.1570365,34.55,0.154861111111111,1.65278,11.93465,0.663542620071984,1,0.508871063422381,1.37299261608059e-14,0.106675703561767,1.08322981141486,0.374289070832957,1.14085275216875,0.49197397476715,0.0811289049218722,0.132601343917181,5.12485638195356,25.4442697678591,0.0367623215560257,4.41960985970513,0.21957546169713,6.58246702598952e-11,0.0134012083767732,16.8612041775535,0.00262250519838029,0.0672498050960735,4.09456305560179,0.574096774166235,0.816708454841973,63.4566686154047,120.023648093508,210.41688113914,0.840239999999991,1.67175778546711
122,GA,500,0,0.115435766184651,3.94418598402665,4.64235150199378,5.19760658095589,0.0674056902674009,0.00657727631074845,0.0159582170284738,0.00657727631074845,0.113343416142512,0.0685203081287785,0.0159582170284738,0.0685203081287785,0.0495362723034005,34.3432649217616,0,0.0362,0,0.0692,0.01,0.203136,0.0997904,0.023302,0.0063786,0,0.235996,3.8,0.00673868,0.37515,0.0888888888888889,0,0.00628146,1.382,0,0.0661112,0.477386,0.345761666483293,0,1.44,12.1,0.4995,2.19,5.0784,2.49476,0.58255,0.159465,21.0035842293907,5.8999,95,0.168467,9.37875,0.41875,2.91300251256281,0.1570365,34.55,0.154861111111111,1.65278,11.93465,0.663542620071984,1,0.508871063422381,1.37299261608059e-14,0.106675703561767,1.08322981141486,0.374289070832957,1.14085275216875,0.49197397476715,0.0811289049218722,0.132601343917181,5.12485638195356,25.4442697678591,0.0367623215560257,4.41960985970513,0.21957546169713,6.58246702598952e-11,0.0134012083767732,16.8612041775535,0.00262250519838029,0.0672498050960735,4.09456305560179,0.574096774166235,0.816708454841973,63.4566686154047,120.023648093508,210.41688113914,0.840239999999991,1.67175778546711
122,GA,500,0,0.115435766184651,3.94418598402665,4.64235150199378,5.19760658095589,0.0674056902674009,0.00657727631074845,0.0159582170284738,0.00657727631074845,0.113343416142512,0.0685203081287785,0.0159582170284738,0.0685203081287785,0.0495362723034005,34.3432649217616,1.0800079817216e-28,0.0362,0,0.0692,0.01,0.203136,0.0997904,0.023302,0.0063786,0,0.235996,3.8,0.00673868,0.37515,0.0888888888888889,0,0.00628146,1.382,0,0.0661112,0.477386,0.345761666483293,0,1.44,12.1,0.4995,2.19,5.0784,2.49476,0.58255,0.159465,21.0035842293907,5.8999,95,0.168467,9.37875,0.41875,2.91300251256281,0.1570365,34.55,0.154861111111111,1.65278,11.93465,0.663542620071984,1,0.508871063422381,1.37299261608059e-14,0.106675703561767,1.08322981141486,0.374289070832957,1.14085275216875,0.49197397476715,0.0811289049218722,0.132601343917181,5.12485638195356,25.4442697678591,0.0367623215560257,4.41960985970513,0.21957546169713,6.58246702598952e-12,0.0134012083767732,16.8612041775535,0.00262250519838029,0.0672498050960735,4.09456305560179,0.574096774166235,0.816708454841973,63.4566686160699,120.023648100857,210.416881148803,0.840239999999991,1.67175778546711
122,GA,500,1,0.115435766184651,3.94418598402665,4.64235150199378,5.19760658095589,0.0674056902674009,0.00657727631074845,0.0159582170284738,0.00657727631074845,0.113343416142512,0.0685203081287785,0.0159582170284738,0.0685203081287785,0.0495362723034005,34.3432649217616,0.0237273008383424,0.0362,0,0.0692,0.01,0.203136,0.0997904,0.023302,0.0063786,0,0.235996,3.8,0.00673868,0.37515,0.0888888888888889,0,0.00628146,1.382,0,0.0661112,0.477386,0.345761666483293,0,1.44,12.1,0.4995,2.19,5.0784,2.49476,0.58255,0.159465,21.0035842293907,5.8999,95,0.168467,9.37875,0.41875,2.91300251256281,0.1570365,34.55,0.154861111111111,1.65278,11.93465,0.663542620071984,1,1.02498647206923,6.85490059604685e-08,0.379716216609904,0.403940347586626,3.46722442424389,1.4598632802406,0.437382911035942,0.0897190927538993,6.31551340487285,4.58086460011602,15.8254897119093,0.0592439704663513,1.91973779390975,0.110816348482218,0.809494118959263,0.00768956438968787,15.4309180351339,3.97448770837526e-17,1.29606487869952,0.923961129042611,0.459244421647998,0.958933295004431,61.1602920592512,63.0965477191192,126.958974874647,0.840239999999991,1.67175778546711
122,GA,500,0,0.115435766184651,3.94418598402665,4.64235150199378,5.19760658095589,0.0674056902674009,0.00657727631074845,0.0159582170284738,0.00657727631074845,0.113343416142512,0.0685203081287785,0.0159582170284738,0.0685203081287785,0.0495362723034005,34.3432649217616,0.0132548956006564,0.0362,0,0.0692,0.01,0.203136,0.0997904,0.023302,0.0063786,0,0.235996,3.8,0.00673868,0.37515,0.0888888888888889,0,0.00628146,1.382,0,0.0661112,0.477386,0.345761666483293,0,1.44,12.1,0.4995,2.19,5.0784,2.49476,0.58255,0.159465,21.0035842293907,5.8999,95,0.168467,9.37875,0.41875,2.91300251256281,0.1570365,34.55,0.154861111111111,1.65278,11.93465,0.663542620071984,1,0.846322127465164,0.00597613610378823,0.33554204560074,0.0186167452989518,0.523260486075412,1.12395948825633,0.447718646133985,0.116941370040857,1.32601343917181,0.86975064501522,25.0934955521434,0.0506118819857661,3.88552556880721,0.21957546169713,6.58246702598952e-11,0.0286726329341234,5.06121960051148,0.0262250519838029,0.995151236192236,2.73694831976921,0.378537585475765,0.816708454841973,33.7837065678778,89.4659489623182,143.328242848734,0.840239999999991,1.67175778546711
122,GA,500,1,0.115435766184651,3.94418598402665,4.64235150199378,5.19760658095589,0.0674056902674009,0.00657727631074845,0.0159582170284738,0.00657727631074845,0.113343416142512,0.0685203081287785,0.0159582170284738,0.0685203081287785,0.0495362723034005,34.3432649217616,0.0342976288937777,0.0362,0,0.0692,0.01,0.203136,0.0997904,0.023302,0.0063786,0,0.235996,3.8,0.00673868,0.37515,0.0888888888888889,0,0.00628146,1.382,0,0.0661112,0.477386,0.345761666483293,0,1.44,12.1,0.4995,2.19,5.0784,2.49476,0.58255,0.159465,21.0035842293907,5.8999,95,0.168467,9.37875,0.41875,2.91300251256281,0.1570365,34.55,0.154861111111111,1.65278,11.93465,0.663542620071984,1,0.433194100463836,6.85490059604685e-08,0.106675703561767,1.08322981141486,0.374289070832957,1.6987294987839,0.437382911035942,0.0297278878607167,3.27346768517959,4.69323623617571,15.8254897119093,0.0168368221923206,1.91973779390975,0.21957546169713,0.000906916338668913,0.0134012083767732,15.4309180351339,0.00262250519838029,1.29606487869952,9.2396112904261,0.574096774166235,0.816708454841973,72.2978238309365,115.695545890884,213.958590540239,0.840239999999991,1.67175778546711
122,GA,500,0,0.115435766184651,3.94418598402665,4.64235150199378,5.19760658095589,0.0674056902674009,0.00657727631074845,0.0159582170284738,0.00657727631074845,0.113343416142512,0.0685203081287785,0.0159582170284738,0.0685203081287785,0.0495362723034005,34.3432649217616,0.006290423450493,0.0362,0,0.0692,0.01,0.203136,0.0997904,0.023302,0.0063786,0,0.235996,3.8,0.00673868,0.37515,0.0888888888888889,0,0.00628146,1.382,0,0.0661112,0.477386,0.345761666483293,0,1.44,12.1,0.4995,2.19,5.0784,2.49476,0.58255,0.159465,21.0035842293907,5.8999,95,0.168467,9.37875,0.41875,2.91300251256281,0.1570365,34.55,0.154861111111111,1.65278,11.93465,0.663542620071984,1,0.744467503747806,3.80772740021238e-19,0.106675703561767,0.131657833636732,0.346722442424389,1.12395948825633,0.41732765724745,0.14687482971743,1.32601343917181,4.58086460011602,16.942540576199,0.03980139721935,4.41960985970513,0.112645176114433,0.00029644168538526,0.00768956438968787,10.5087260359772,9.72797905625576e-20,0.189665733937792,2.09251736849333,0.516084162380898,0.958933295004431,40.9419918961131,146.70432758194,193.928991457185,0.840239999999991,1.67175778546711
122,GA,500,0,0.115435766184651,3.94418598402665,4.64235150199378,5.19760658095589,0.0674056902674009,0.00657727631074845,0.0159582170284738,0.00657727631074845,0.113343416142512,0.0685203081287785,0.0159582170284738,0.0685203081287785,0.0495362723034005,34.3432649217616,2.10989091147621e-21,0.0362,0,0.0692,0.01,0.203136,0.0997904,0.023302,0.0063786,0,0.235996,3.8,0.00673868,0.37515,0.0888888888888889,0,0.00628146,1.382,0,0.0661112,0.477386,0.345761666483293,0,1.44,12.1,0.4995,2.19,5.0784,2.49476,0.58255,0.159465,21.0035842293907,5.8999,95,0.168467,9.37875,0.41875,2.91300251256281,0.1570365,34.55,0.154861111111111,1.65278,11.93465,0.663542620071984,1,0.363479111087168,1.21817414375463e-11,0.260055376719176,1.19309889797858,0.392383297906186,0.634153152411786,0.537641724503813,0.0498617830554837,4.52864709860439,0.909002146579157,10.5575153830508,0.0511463536363769,4.49982693123173,0.198565012037661,0.0125440359807552,0.134589441100373,7.81229965863015,7.77325261877652e-10,0.0802040857944836,7.88235131500522,0.562640894229742,0.668745151801258,44.4911134654034,61.6853585083665,136.731570599511,0.840239999999991,1.67175778546711
122,GA,500,0,0.115435766184651,3.94418598402665,4.64235150199378,5.19760658095589,0.0674056902674009,0.00657727631074845,0.0159582170284738,0.00657727631074845,0.113343416142512,0.0685203081287785,0.0159582170284738,0.0685203081287785,0.0495362723034005,34.3432649217616,2.10989091147621e-21,0.0362,0,0.0692,0.01,0.203136,0.0997904,0.023302,0.0063786,0,0.235996,3.8,0.00673868,0.37515,0.0888888888888889,0,0.00628146,1.382,0,0.0661112,0.477386,0.345761666483293,0,1.44,12.1,0.4995,2.19,5.0784,2.49476,0.58255,0.159465,21.0035842293907,5.8999,95,0.168467,9.37875,0.41875,2.91300251256281,0.1570365,34.55,0.154861111111111,1.65278,11.93465,0.663542620071984,1,0.363479111087168,1.21817414375463e-11,0.260055376719176,1.19309889797858,0.392383297906186,0.634153152411786,0.537641724503813,0.0498617830554837,4.52864709860439,0.909002146579157,10.5575153830508,0.0511463536363769,4.49982693123173,0.198565012037661,0.0125440359807552,0.134589441100373,7.81229965863015,7.77325261877652e-10,0.0802040857944836,7.88235131500522,0.562640894229742,0.668745151801258,44.4911134654034,61.6853585083665,136.731570599511,0.840239999999991,1.67175778546711
122,GA,500,0,0.115435766184651,3.94418598402665,4.64235150199378,5.19760658095589,0.0674056902674009,0.00657727631074845,0.0159582170284738,0.00657727631074845,0.113343416142512,0.0685203081287785,0.0159582170284738,0.0685203081287785,0.0495362723034005,34.3432649217616,2.10916912886843e-21,0.0362,0,0.0692,0.01,0.203136,0.0997904,0.023302,0.0063786,0,0.235996,3.8,0.00673868,0.37515,0.0888888888888889,0,0.00628146,1.382,0,0.0661112,0.477386,0.345761666483293,0,1.44,12.1,0.4995,2.19,5.0784,2.49476,0.58255,0.159465,21.0035842293907,5.8999,95,0.168467,9.37875,0.41875,2.91300251256281,0.1570365,34.55,0.154861111111111,1.65278,11.93465,0.663542620071984,1,0.363479111087168,1.21817414375463e-12,0.260055376719176,1.19309889797858,0.392383297906186,0.634153152411786,0.537641724503813,0.0498617830554837,4.52864709860439,0.909002146579157,10.5575153830508,0.0511463536363769,4.49982693123173,0.198565012037661,0.0125440359807552,0.134589441100373,7.81229965863015,7.77325261877652e-10,0.0802040857944836,7.88235131500522,0.562640894229742,0.668745151801258,44.4911134654061,61.6853585081828,136.731570599239,0.840239999999991,1.67175778546711
122,GA,500,0,0.115435766184651,3.94418598402665,4.64235150199378,5.19760658095589,0.0674056902674009,0.00657727631074845,0.0159582170284738,0.00657727631074845,0.113343416142512,0.0685203081287785,0.0159582170284738,0.0685203081287785,0.0495362723034005,34.3432649217616,2.10989070834291e-21,0.0362,0,0.0692,0.01,0.203136,0.0997904,0.023302,0.0063786,0,0.235996,3.8,0.00673868,0.37515,0.0888888888888889,0,0.00628146,1.382,0,0.0661112,0.477386,0.345761666483293,0,1.44,12.1,0.4995,2.19,5.0784,2.49476,0.58255,0.159465,21.0035842293907,5.8999,95,0.168467,9.37875,0.41875,2.91300251256281,0.1570365,34.55,0.154861111111111,1.65278,11.93465,0.663542620071984,1,0.363479111087168,1.21817414375463e-12,0.260055376719176,1.19309889797858,0.392383297906186,0.634153152411786,0.537641724503813,0.0498617830554837,4.52864709860439,0.909002146579157,10.5575153830508,0.0511463536363769,4.49982693123173,0.198565012037661,0.0125440359807552,0.134589441100373,7.81229965863015,7.77325261877652e-09,0.0802040857944836,7.88235131500522,0.562640894229742,0.668745151801258,44.4911137107442,61.6853568808496,136.731568411164,0.840239999999991,1.67175778546711
122,GA,500,0,0.115435766184651,3.94418598402665,4.64235150199378,5.19760658095589,0.0674056902674009,0.00657727631074845,0.0159582170284738,0.00657727631074845,0.113343416142512,0.0685203081287785,0.0159582170284738,0.0685203081287785,0.0495362723034005,34.3432649217616,0.00833239684802079,0.0362,0,0.0692,0.01,0.203136,0.0997904,0.023302,0.0063786,0,0.235996,3.8,0.00673868,0.37515,0.0888888888888889,0,0.00628146,1.382,0,0.0661112,0.477386,0.345761666483293,0,1.44,12.1,0.4995,2.19,5.0784,2.49476,0.58255,0.159465,21.0035842293907,5.8999,95,0.168467,9.37875,0.41875,2.91300251256281,0.1570365,34.55,0.154861111111111,1.65278,11.93465,0.663542620071984,1,1.02498647206923,6.85490059604685e-08,0.172494329058668,0.0322647982708142,0.346722442424389,0.252226657435237,0.481793186828245,0.0897190927538993,6.86693148081724,4.58086460011602,15.8254897119093,0.0592439704663513,1.91973779390975,0.110816348482218,0.809494118959263,0.00768956438968787,15.4309180351339,3.97448770837526e-17,1.29606487869952,0.923961129042611,0.459244421647998,0.958933295004431,60.4665534464304,72.7661170898374,136.348908839567,0.840239999999991,1.67175778546711
122,GA,500,1,0.115435766184651,3.94418598402665,4.64235150199378,5.19760658095589,0.0674056902674009,0.00657727631074845,0.0159582170284738,0.00657727631074845,0.113343416142512,0.0685203081287785,0.0159582170284738,0.0685203081287785,0.0495362723034005,34.3432649217616,0.019044589527328,0.0362,0,0.0692,0.01,0.203136,0.0997904,0.023302,0.0063786,0,0.235996,3.8,0.00673868,0.37515,0.0888888888888889,0,0.00628146,1.382,0,0.0661112,0.477386,0.345761666483293,0,1.44,12.1,0.4995,2.19,5.0784,2.49476,0.58255,0.159465,21.0035842293907,5.8999,95,0.168467,9.37875,0.41875,2.91300251256281,0.1570365,34.55,0.154861111111111,1.65278,11.93465,0.663542620071984,1,0.508871063422381,1.37299261608059e-14,0.106675703561767,0.0291122651012624,0.374289070832957,0.534885132726729,0.187203692400243,0.126868157413068,6.07839232761268,3.29124819457436,6.93558412681108,0.0367623215560257,4.41960985970513,0.21957546169713,2.23945936391715e-18,0.0134012083767732,16.8612041775535,2.01738192329273e-09,0.0672498050960735,4.09456305560179,0.609084705193678,0.816708454841973,48.2828682486238,173.460910088003,260.673114804313,0.840239999999991,1.67175778546711
122,GA,500,0,0.115435766184651,3.94418598402665,4.64235150199378,5.19760658095589,0.0674056902674009,0.00657727631074845,0.0159582170284738,0.00657727631074845,0.113343416142512,0.0685203081287785,0.0159582170284738,0.0685203081287785,0.0495362723034005,34.3432649217616,1.52693980806324e-05,0.0362,0,0.0692,0.01,0.203136,0.0997904,0.023302,0.0063786,0,0.235996,3.8,0.00673868,0.37515,0.0888888888888889,0,0.00628146,1.382,0,0.0661112,0.477386,0.345761666483293,0,1.44,12.1,0.4995,2.19,5.0784,2.49476,0.58255,0.159465,21.0035842293907,5.8999,95,0.168467,9.37875,0.41875,2.91300251256281,0.1570365,34.55,0.154861111111111,1.65278,11.93465,0.663542620071984,1,0.037761354590067,1.37299261608059e-13,0.106675703561767,1.08322981141486,0.387630001463128,1.12395948825633,0.49197397476715,0.0811289049218722,1.32601343917181,0.512485638195356,14.926305971165,0.0648923444862926,4.41960985970513,0.21957546169713,6.58246702598952e-11,0.134012083767732,10.5087260359772,0.0262250519838029,0.995151236192236,2.09251736849333,0.574096774166235,0.816708454841973,52.7363365378095,61.5683351687534,128.122277265785,0.840239999999991,1.67175778546711
122,GA,500,1,0.115435766184651,3.94418598402665,4.64235150199378,5.19760658095589,0.0674056902674009,0.00657727631074845,0.0159582170284738,0.00657727631074845,0.113343416142512,0.0685203081287785,0.0159582170284738,0.0685203081287785,0.0495362723034005,34.3432649217616,0.0224973072335802,0.0362,0,0.0692,0.01,0.203136,0.0997904,0.023302,0.0063786,0,0.235996,3.8,0.00673868,0.37515,0.0888888888888889,0,0.00628146,1.382,0,0.0661112,0.477386,0.345761666483293,0,1.44,12.1,0.4995,2.19,5.0784,2.49476,0.58255,0.159465,21.0035842293907,5.8999,95,0.168467,9.37875,0.41875,2.91300251256281,0.1570365,34.55,0.154861111111111,1.65278,11.93465,0.663542620071984,1,0.0398655749582249,0.000285341117446998,0.355021858924853,1.63276703201205,1.14426412561035,0.877964643016063,0.437382911035942,0.0125612486178469,1.08926309164505,0.915529052767179,15.8174413928786,0.03980139721935,5.35763799745604,0.112645176114433,2.79748765035835e-15,0.0831445859145277,14.1049857268467,0.000435235678535388,1.29606487869952,4.37969580279187,0.416258136097572,0.958933295004431,50.7689504985458,80.9634532954446,135.199696325418,0.840239999999991,1.67175778546711
122,GA,500,0,0.115435766184651,3.94418598402665,4.64235150199378,5.19760658095589,0.0674056902674009,0.00657727631074845,0.0159582170284738,0.00657727631074845,0.113343416142512,0.0685203081287785,0.0159582170284738,0.0685203081287785,0.0495362723034005,34.3432649217616,4.57880206768149e-30,0.0362,0,0.0692,0.01,0.203136,0.0997904,0.023302,0.0063786,0,0.235996,3.8,0.00673868,0.37515,0.0888888888888889,0,0.00628146,1.382,0,0.0661112,0.477386,0.345761666483293,0,1.44,12.1,0.4995,2.19,5.0784,2.49476,0.58255,0.159465,21.0035842293907,5.8999,95,0.168467,9.37875,0.41875,2.91300251256281,0.1570365,34.55,0.154861111111111,1.65278,11.93465,0.663542620071984,1,0.037761354590067,1.37299261608059e-14,0.106675703561767,1.08322981141486,0.387630001463128,1.12395948825633,0.49197397476715,0.0811289049218722,1.32601343917181,0.512485638195356,14.926305971165,0.0648923444862926,4.41960985970513,0.21957546169713,6.58246702598952e-12,0.0134012083767732,10.5087260359772,0.0262250519838029,0.995151236192236,2.09251736849333,0.574096774166235,0.816708454841973,52.1550656964432,61.6480214794194,127.638576506121,0.840239999999991,1.67175778546711
122,GA,500,0,0.115435766184651,3.94418598402665,4.64235150199378,5.19760658095589,0.0674056902674009,0.00657727631074845,0.0159582170284738,0.00657727631074845,0.113343416142512,0.0685203081287785,0.0159582170284738,0.0685203081287785,0.0495362723034005,34.3432649217616,1.8287692313775e-38,0.0362,0,0.0692,0.01,0.203136,0.0997904,0.023302,0.0063786,0,0.235996,3.8,0.00673868,0.37515,0.0888888888888889,0,0.00628146,1.382,0,0.0661112,0.477386,0.345761666483293,0,1.44,12.1,0.4995,2.19,5.0784,2.49476,0.58255,0.159465,21.0035842293907,5.8999,95,0.168467,9.37875,0.41875,2.91300251256281,0.1570365,34.55,0.154861111111111,1.65278,11.93465,0.663542620071984,1,0.037761354590067,1.37299261608059e-13,0.106675703561767,1.08322981141486,0.387630001463128,1.12395948825633,0.49197397476715,0.0811289049218722,1.32601343917181,0.512485638195356,14.926305971165,0.0648923444862926,4.41960985970513,0.21957546169713,6.58246702598952e-11,0.0134012083767732,10.5087260359772,0.0262250519838029,0.995151236192236,2.09251736849333,0.574096774166235,0.816708454841973,52.1550656965899,61.6480214773558,127.638576503741,0.840239999999991,1.67175778546711
122,GA,500,0,0.115435766184651,3.94418598402665,4.64235150199378,5.19760658095589,0.0674056902674009,0.00657727631074845,0.0159582170284738,0.00657727631074845,0.113343416142512,0.0685203081287785,0.0159582170284738,0.0685203081287785,0.0495362723034005,34.3432649217616,1.8287692313775e-38,0.0362,0,0.0692,0.01,0.203136,0.0997904,0.023302,0.0063786,0,0.235996,3.8,0.00673868,0.37515,0.0888888888888889,0,0.00628146,1.382,0,0.0661112,0.477386,0.345761666483293,0,1.44,12.1,0.4995,2.19,5.0784,2.49476,0.58255,0.159465,21.0035842293907,5.8999,95,0.168467,9.37875,0.41875,2.91300251256281,0.1570365,34.55,0.154861111111111,1.65278,11.93465,0.663542620071984,1,0.037761354590067,1.37299261608059e-13,0.106675703561767,1.08322981141486,0.387630001463128,1.12395948825633,0.49197397476715,0.0811289049218722,1.32601343917181,0.512485638195356,14.926305971165,0.0648923444862926,4.41960985970513,0.21957546169713,6.58246702598952e-11,0.0134012083767732,10.5087260359772,0.0262250519838029,0.995151236192236,2.09251736849333,0.574096774166235,0.816708454841973,52.1550656965899,61.6480214773558,127.638576503741,0.840239999999991,1.67175778546711
122,GA,500,0,0.115435766184651,3.94418598402665,4.64235150199378,5.19760658095589,0.0674056902674009,0.00657727631074845,0.0159582170284738,0.00657727631074845,0.113343416142512,0.0685203081287785,0.0159582170284738,0.0685203081287785,0.0495362723034005,34.3432649217616,1.82876923137707e-38,0.0362,0,0.0692,0.01,0.203136,0.0997904,0.023302,0.0063786,0,0.235996,3.8,0.00673868,0.37515,0.0888888888888889,0,0.00628146,1.382,0,0.0661112,0.477386,0.345761666483293,0,1.44,12.1,0.4995,2.19,5.0784,2.49476,0.58255,0.159465,21.0035842293907,5.8999,95,0.168467,9.37875,0.41875,2.91300251256281,0.1570365,34.55,0.154861111111111,1.65278,11.93465,0.663542620071984,1,0.037761354590067,1.37299261608059e-14,0.106675703561767,1.08322981141486,0.387630001463128,1.12395948825633,0.49197397476715,0.0811289049218722,1.32601343917181,0.512485638195356,14.926305971165,0.0648923444862926,4.41960985970513,0.21957546169713,6.58246702598952e-11,0.0134012083767732,10.5087260359772,0.0262250519838029,0.995151236192236,2.09251736849333,0.574096774166235,0.816708454841973,52.1550656965898,61.6480214773526,127.638576503737,0.840239999999991,1.67175778546711
122,GA,500,0,0.115435766184651,3.94418598402665,4.64235150199378,5.19760658095589,0.0674056902674009,0.00657727631074845,0.0159582170284738,0.00657727631074845,0.113343416142512,0.0685203081287785,0.0159582170284738,0.0685203081287785,0.0495362723034005,34.3432649217616,1.82876923137707e-38,0.0362,0,0.0692,0.01,0.203136,0.0997904,0.023302,0.0063786,0,0.235996,3.8,0.00673868,0.37515,0.0888888888888889,0,0.00628146,1.382,0,0.0661112,0.477386,0.345761666483293,0,1.44,12.1,0.4995,2.19,5.0784,2.49476,0.58255,0.159465,21.0035842293907,5.8999,95,0.168467,9.37875,0.41875,2.91300251256281,0.1570365,34.55,0.154861111111111,1.65278,11.93465,0.663542620071984,1,0.037761354590067,1.37299261608059e-14,0.106675703561767,1.08322981141486,0.387630001463128,1.12395948825633,0.49197397476715,0.0811289049218722,1.32601343917181,0.512485638195356,14.926305971165,0.0648923444862926,4.41960985970513,0.21957546169713,6.58246702598952e-11,0.0134012083767732,10.5087260359772,0.0262250519838029,0.995151236192236,2.09251736849333,0.574096774166235,0.816708454841973,52.1550656965898,61.6480214773526,127.638576503737,0.840239999999991,1.67175778546711
122,GA,500,0,0.115435766184651,3.94418598402665,4.64235150199378,5.19760658095589,0.0674056902674009,0.00657727631074845,0.0159582170284738,0.00657727631074845,0.113343416142512,0.0685203081287785,0.0159582170284738,0.0685203081287785,0.0495362723034005,34.3432649217616,1.82876923137707e-38,0.0362,0,0.0692,0.01,0.203136,0.0997904,0.023302,0.0063786,0,0.235996,3.8,0.00673868,0.37515,0.0888888888888889,0,0.00628146,1.382,0,0.0661112,0.477386,0.345761666483293,0,1.44,12.1,0.4995,2.19,5.0784,2.49476,0.58255,0.159465,21.0035842293907,5.8999,95,0.168467,9.37875,0.41875,2.91300251256281,0.1570365,34.55,0.154861111111111,1.65278,11.93465,0.663542620071984,1,0.037761354590067,1.37299261608059e-14,0.106675703561767,1.08322981141486,0.387630001463128,1.12395948825633,0.49197397476715,0.0811289049218722,1.32601343917181,0.512485638195356,14.926305971165,0.0648923444862926,4.41960985970513,0.21957546169713,6.58246702598952e-11,0.0134012083767732,10.5087260359772,0.0262250519838029,0.995151236192236,2.09251736849333,0.574096774166235,0.816708454841973,52.1550656965898,61.6480214773526,127.638576503737,0.840239999999991,1.67175778546711
122,GA,500,0,0.115435766184651,3.94418598402665,4.64235150199378,5.19760658095589,0.0674056902674009,0.00657727631074845,0.0159582170284738,0.00657727631074845,0.113343416142512,0.0685203081287785,0.0159582170284738,0.0685203081287785,0.0495362723034005,34.3432649217616,1.82876923137707e-38,0.0362,0,0.0692,0.01,0.203136,0.0997904,0.023302,0.0063786,0,0.235996,3.8,0.00673868,0.37515,0.0888888888888889,0,0.00628146,1.382,0,0.0661112,0.477386,0.345761666483293,0,1.44,12.1,0.4995,2.19,5.0784,2.49476,0.58255,0.159465,21.0035842293907,5.8999,95,0.168467,9.37875,0.41875,2.91300251256281,0.1570365,34.55,0.154861111111111,1.65278,11.93465,0.663542620071984,1,0.037761354590067,1.37299261608059e-14,0.106675703561767,1.08322981141486,0.387630001463128,1.12395948825633,0.49197397476715,0.0811289049218722,1.32601343917181,0.512485638195356,14.926305971165,0.0648923444862926,4.41960985970513,0.21957546169713,6.58246702598952e-11,0.0134012083767732,10.5087260359772,0.0262250519838029,0.995151236192236,2.09251736849333,0.574096774166235,0.816708454841973,52.1550656965898,61.6480214773526,127.638576503737,0.840239999999991,1.67175778546711
122,GA,500,1,0.115435766184651,3.94418598402665,4.64235150199378,5.19760658095589,0.0674056902674009,0.00657727631074845,0.0159582170284738,0.00657727631074845,0.113343416142512,0.0685203081287785,0.0159582170284738,0.0685203081287785,0.0495362723034005,34.3432649217616,0.00589248039942373,0.0362,0,0.0692,0.01,0.203136,0.0997904,0.023302,0.0063786,0,0.235996,3.8,0.00673868,0.37515,0.0888888888888889,0,0.00628146,1.382,0,0.0661112,0.477386,0.345761666483293,0,1.44,12.1,0.4995,2.19,5.0784,2.49476,0.58255,0.159465,21.0035842293907,5.8999,95,0.168467,9.37875,0.41875,2.91300251256281,0.1570365,34.55,0.154861111111111,1.65278,11.93465,0.663542620071984,1,0.508871063422381,6.85490059604685e-09,0.145688369980611,1.08322981141486,0.374289070832957,1.14085275216875,0.49197397476715,0.0897190927538993,10.8926309164505,5.12485638195356,15.8254897119093,0.0367623215560257,2.18631169419371,0.112645176114433,2.03122090371257e-18,0.134012083767732,23.7325861556414,1.29635496158118e-16,1.50416525073343,4.09456305560179,0.574096774166235,0.816708454841973,72.0815585846725,137.531905017756,240.479356112516,0.840239999999991,1.67175778546711
122,GA,500,0,0.115435766184651,3.94418598402665,4.64235150199378,5.19760658095589,0.0674056902674009,0.00657727631074845,0.0159582170284738,0.00657727631074845,0.113343416142512,0.0685203081287785,0.0159582170284738,0.0685203081287785,0.0495362723034005,34.3432649217616,0.0181933107421092,0.0362,0,0.0692,0.01,0.203136,0.0997904,0.023302,0.0063786,0,0.235996,3.8,0.00673868,0.37515,0.0888888888888889,0,0.00628146,1.382,0,0.0661112,0.477386,0.345761666483293,0,1.44,12.1,0.4995,2.19,5.0784,2.49476,0.58255,0.159465,21.0035842293907,5.8999,95,0.168467,9.37875,0.41875,2.91300251256281,0.1570365,34.55,0.154861111111111,1.65278,11.93465,0.663542620071984,1,0.508871063422381,1.37299261608059e-14,0.106675703561767,0.0291122651012624,0.374289070832957,0.534885132726729,0.187203692400243,0.126868157413068,6.07839232761268,3.29124819457436,6.93558412681108,0.0367623215560257,4.41960985970513,0.21957546169713,2.23945936391715e-18,0.134012083767732,16.8612041775535,2.01738192329273e-09,0.672498050960734,4.09456305560179,0.609084705193678,0.816708454841973,48.3308618814529,173.460912644527,260.72111156742,0.840239999999991,1.67175778546711
122,GA,500,1,0.115435766184651,3.94418598402665,4.64235150199378,5.19760658095589,0.0674056902674009,0.00657727631074845,0.0159582170284738,0.00657727631074845,0.113343416142512,0.0685203081287785,0.0159582170284738,0.0685203081287785,0.0495362723034005,34.3432649217616,0.0155572672830302,0.0362,0,0.0692,0.01,0.203136,0.0997904,0.023302,0.0063786,0,0.235996,3.8,0.00673868,0.37515,0.0888888888888889,0,0.00628146,1.382,0,0.0661112,0.477386,0.345761666483293,0,1.44,12.1,0.4995,2.19,5.0784,2.49476,0.58255,0.159465,21.0035842293907,5.8999,95,0.168467,9.37875,0.41875,2.91300251256281,0.1570365,34.55,0.154861111111111,1.65278,11.93465,0.663542620071984,1,0.0507578264193796,0.00039895790968723,0.240260956255725,1.08322981141486,1.72956130829545,0.374901023921699,0.34926025908368,0.0339657531133412,17.5895024076994,1.17919580785529,14.926305971165,0.0157185361786953,4.41960985970513,0.21957546169713,2.06690603221612e-09,0.00895170201068053,10.5087260359772,0.0262250519838029,0.995151236192236,1.39271522272493,0.356827814960136,0.816708454841973,66.7799197327765,110.470706054425,202.043250728658,0.840239999999991,1.67175778546711
122,GA,500,1,0.115435766184651,3.94418598402665,4.64235150199378,5.19760658095589,0.0674056902674009,0.00657727631074845,0.0159582170284738,0.00657727631074845,0.113343416142512,0.0685203081287785,0.0159582170284738,0.0685203081287785,0.0495362723034005,34.3432649217616,0.00704571184296435,0.0362,0,0.0692,0.01,0.203136,0.0997904,0.023302,0.0063786,0,0.235996,3.8,0.00673868,0.37515,0.0888888888888889,0,0.00628146,1.382,0,0.0661112,0.477386,0.345761666483293,0,1.44,12.1,0.4995,2.19,5.0784,2.49476,0.58255,0.159465,21.0035842293907,5.8999,95,0.168467,9.37875,0.41875,2.91300251256281,0.1570365,34.55,0.154861111111111,1.65278,11.93465,0.663542620071984,1,0.521462077808158,6.09650437899576e-18,0.0985908471277979,0.403940347586626,0.79381955322676,0.741370483743987,0.478204827909928,0.108862297635958,6.1577802410474,4.58086460011602,41.3221113232482,0.03980139721935,2.11150139264145,0.176318948362153,0.809494118959263,0.00768956438968787,15.4309180351339,1.04984460347008e-14,0.407822343390313,2.95551518941586,0.42448203057904,0.958933295004431,61.9765260667399,65.6671694750024,130.455918551177,0.840239999999991,1.67175778546711
122,GA,500,1,0.115435766184651,3.94418598402665,4.64235150199378,5.19760658095589,0.0674056902674009,0.00657727631074845,0.0159582170284738,0.00657727631074845,0.113343416142512,0.0685203081287785,0.0159582170284738,0.0685203081287785,0.0495362723034005,34.3432649217616,0.0438876136514278,0.0362,0,0.0692,0.01,0.203136,0.0997904,0.023302,0.0063786,0,0.235996,3.8,0.00673868,0.37515,0.0888888888888889,0,0.00628146,1.382,0,0.0661112,0.477386,0.345761666483293,0,1.44,12.1,0.4995,2.19,5.0784,2.49476,0.58255,0.159465,21.0035842293907,5.8999,95,0.168467,9.37875,0.41875,2.91300251256281,0.1570365,34.55,0.154861111111111,1.65278,11.93465,0.663542620071984,1,0.363479111087168,1.21817414375463e-12,0.261009547930484,0.622108167936554,0.392383297906186,0.634153152411786,0.537641724503813,0.0498617830554837,4.52864709860439,0.50401250279949,10.5575153830508,0.0274926394212887,5.62014338701246,0.164583134885912,0.0125440359807552,0.0644846473398506,7.81229965863015,7.77325261877652e-10,0.0838624901609079,9.22701646898401,0.562640894229742,0.668745151801258,48.0852852544703,60.3116701244455,138.271614025597,0.840239999999991,1.67175778546711
122,GA,500,0,0.115435766184651,3.94418598402665,4.64235150199378,5.19760658095589,0.0674056902674009,0.00657727631074845,0.0159582170284738,0.00657727631074845,0.113343416142512,0.0685203081287785,0.0159582170284738,0.0685203081287785,0.0495362723034005,34.3432649217616,0.000136802000057223,0.0362,0,0.0692,0.01,0.203136,0.0997904,0.023302,0.0063786,0,0.235996,3.8,0.00673868,0.37515,0.0888888888888889,0,0.00628146,1.382,0,0.0661112,0.477386,0.345761666483293,0,1.44,12.1,0.4995,2.19,5.0784,2.49476,0.58255,0.159465,21.0035842293907,5.8999,95,0.168467,9.37875,0.41875,2.91300251256281,0.1570365,34.55,0.154861111111111,1.65278,11.93465,0.663542620071984,1,0.744467503747806,3.80772740021238e-19,0.0743581957801286,0.131657833636732,0.346722442424389,0.464887646932838,0.369990044881856,0.0897190927538993,10.8926309164505,4.58086460011602,16.942540576199,0.03980139721935,0.881581887924484,0.238863576725218,0.00029644168538526,0.100896988241353,11.1920071228968,0.000116920549792302,0.465313113222956,1.1195869768031,0.516084162380898,0.958933295004431,43.897988371082,110.995800582525,159.647228866493,0.840239999999991,1.67175778546711
122,GA,500,1,0.115435766184651,3.94418598402665,4.64235150199378,5.19760658095589,0.0674056902674009,0.00657727631074845,0.0159582170284738,0.00657727631074845,0.113343416142512,0.0685203081287785,0.0159582170284738,0.0685203081287785,0.0495362723034005,34.3432649217616,0.0149739316814999,0.0362,0,0.0692,0.01,0.203136,0.0997904,0.023302,0.0063786,0,0.235996,3.8,0.00673868,0.37515,0.0888888888888889,0,0.00628146,1.382,0,0.0661112,0.477386,0.345761666483293,0,1.44,12.1,0.4995,2.19,5.0784,2.49476,0.58255,0.159465,21.0035842293907,5.8999,95,0.168467,9.37875,0.41875,2.91300251256281,0.1570365,34.55,0.154861111111111,1.65278,11.93465,0.663542620071984,1,0.37761354590067,1.37299261608059e-14,0.106675703561767,0.0202149270573891,0.387630001463128,1.12395948825633,0.41732765724745,0.14687482971743,0.10622588441211,1.04379568744073,5.98824209110219,0.00951477386401348,4.41960985970513,0.112671916743538,2.07860579025522e-07,0.0134012083767732,12.0335335820368,0.0262250519838029,0.189665733937792,2.09251736849333,0.532650616483911,0.816708454841973,45.7389707969443,62.8996941182309,122.755063559693,0.840239999999991,1.67175778546711
122,GA,500,1,0.115435766184651,3.94418598402665,4.64235150199378,5.19760658095589,0.0674056902674009,0.00657727631074845,0.0159582170284738,0.00657727631074845,0.113343416142512,0.0685203081287785,0.0159582170284738,0.0685203081287785,0.0495362723034005,34.3432649217616,0.0151525406026149,0.0362,0,0.0692,0.01,0.203136,0.0997904,0.023302,0.0063786,0,0.235996,3.8,0.00673868,0.37515,0.0888888888888889,0,0.00628146,1.382,0,0.0661112,0.477386,0.345761666483293,0,1.44,12.1,0.4995,2.19,5.0784,2.49476,0.58255,0.159465,21.0035842293907,5.8999,95,0.168467,9.37875,0.41875,2.91300251256281,0.1570365,34.55,0.154861111111111,1.65278,11.93465,0.663542620071984,1,0.508871063422381,1.37299261608059e-14,0.106675703561767,1.08322981141486,0.374289070832957,1.14085275216875,0.49197397476715,0.0811289049218722,1.32601343917181,0.512485638195356,25.4442697678591,0.0367623215560257,4.41960985970513,0.21957546169713,6.58246702598952e-11,0.0134012083767732,16.8612041775535,0.00262250519838029,0.0672498050960735,4.09456305560179,0.574096774166235,0.816708454841973,73.5185110533337,122.385833139559,223.371047064167,0.840239999999991,1.67175778546711
122,GA,500,1,0.115435766184651,3.94418598402665,4.64235150199378,5.19760658095589,0.0674056902674009,0.00657727631074845,0.0159582170284738,0.00657727631074845,0.113343416142512,0.0685203081287785,0.0159582170284738,0.0685203081287785,0.0495362723034005,34.3432649217616,0.0112108800588599,0.0362,0,0.0692,0.01,0.203136,0.0997904,0.023302,0.0063786,0,0.235996,3.8,0.00673868,0.37515,0.0888888888888889,0,0.00628146,1.382,0,0.0661112,0.477386,0.345761666483293,0,1.44,12.1,0.4995,2.19,5.0784,2.49476,0.58255,0.159465,21.0035842293907,5.8999,95,0.168467,9.37875,0.41875,2.91300251256281,0.1570365,34.55,0.154861111111111,1.65278,11.93465,0.663542620071984,1,0.526818657081156,7.2493608402609e-11,0.466313665812949,0.0194471899805016,2.15420392570285,0.95769179544327,0.49197397476715,0.116941370040857,2.82905856359354,0.86975064501522,12.4670234980269,0.0506118819857661,6.19296885345705,0.0913835632131554,6.58246702598952e-11,0.0133679491471668,8.47494283828582,4.75966158782342e-21,0.311777439929703,8.61789905600272,0.355751752726122,0.816708454841973,43.6630886436755,77.110244427986,138.078964922202,0.840239999999991,1.67175778546711
122,GA,500,1,0.115435766184651,3.94418598402665,4.64235150199378,5.19760658095589,0.0674056902674009,0.00657727631074845,0.0159582170284738,0.00657727631074845,0.113343416142512,0.0685203081287785,0.0159582170284738,0.0685203081287785,0.0495362723034005,34.3432649217616,0.0398510827806309,0.0362,0,0.0692,0.01,0.203136,0.0997904,0.023302,0.0063786,0,0.235996,3.8,0.00673868,0.37515,0.0888888888888889,0,0.00628146,1.382,0,0.0661112,0.477386,0.345761666483293,0,1.44,12.1,0.4995,2.19,5.0784,2.49476,0.58255,0.159465,21.0035842293907,5.8999,95,0.168467,9.37875,0.41875,2.91300251256281,0.1570365,34.55,0.154861111111111,1.65278,11.93465,0.663542620071984,1,0.0609043792653941,9.29655637449004e-08,0.106675703561767,0.696472826598314,2.32625678446746,0.613655492561844,0.167745481834872,0.0128138876039232,1.32601343917181,0.526259681519873,14.926305971165,0.0567453240220814,3.3712817756628,0.21957546169713,6.58246702598952e-11,0.0134012083767732,10.5087260359772,0.0262250519838029,0.995151236192236,2.09251736849333,0.574096774166235,0.816708454841973,58.9038011041664,54.8147694440292,126.020492646971,0.840239999999991,1.67175778546711
122,GA,500,1,0.115435766184651,3.94418598402665,4.64235150199378,5.19760658095589,0.0674056902674009,0.00657727631074845,0.0159582170284738,0.00657727631074845,0.113343416142512,0.0685203081287785,0.0159582170284738,0.0685203081287785,0.0495362723034005,34.3432649217616,0.0635988482344611,0.0362,0,0.0692,0.01,0.203136,0.0997904,0.023302,0.0063786,0,0.235996,3.8,0.00673868,0.37515,0.0888888888888889,0,0.00628146,1.382,0,0.0661112,0.477386,0.345761666483293,0,1.44,12.1,0.4995,2.19,5.0784,2.49476,0.58255,0.159465,21.0035842293907,5.8999,95,0.168467,9.37875,0.41875,2.91300251256281,0.1570365,34.55,0.154861111111111,1.65278,11.93465,0.663542620071984,1,0.325032270570951,6.85490059604685e-08,0.379716216609904,0.0356370799260181,0.346722442424389,0.877964643016063,0.437382911035942,0.0582552351938185,3.55071301816798,4.58086460011602,12.9498568945179,0.0176944881754276,1.84974606996705,0.112645176114433,2.13832222689506e-18,0.148266687936661,15.4309180351339,1.38305459632077e-08,1.29606487869952,3.36791779424044,0.47465364075444,0.958933295004431,73.9443603205574,96.5451327364453,174.624077292945,0.840239999999991,1.67175778546711
122,GA,500,1,0.115435766184651,3.94418598402665,4.64235150199378,5.19760658095589,0.0674056902674009,0.00657727631074845,0.0159582170284738,0.00657727631074845,0.113343416142512,0.0685203081287785,0.0159582170284738,0.0685203081287785,0.0495362723034005,34.3432649217616,0.020658173159383,0.0362,0,0.0692,0.01,0.203136,0.0997904,0.023302,0.0063786,0,0.235996,3.8,0.00673868,0.37515,0.0888888888888889,0,0.00628146,1.382,0,0.0661112,0.477386,0.345761666483293,0,1.44,12.1,0.4995,2.19,5.0784,2.49476,0.58255,0.159465,21.0035842293907,5.8999,95,0.168467,9.37875,0.41875,2.91300251256281,0.1570365,34.55,0.154861111111111,1.65278,11.93465,0.663542620071984,1,0.720765194997301,1.37299261608059e-14,0.355021858924853,0.53310863393814,1.07631198385574,0.34882477040149,0.280937647984477,0.00899082012244119,1.32601343917181,3.29273991650781,8.02491361114195,0.0150902891809984,4.41960985970513,0.12381896591798,2.79748765035835e-15,0.0134012083767732,10.5087260359772,8.02403857457109e-18,0.417112344629449,4.23373305866733,0.362071569439416,0.816708454841973,35.8766460214016,103.424057066244,162.511868729186,0.840239999999991,1.67175778546711
122,GA,500,1,0.115435766184651,3.94418598402665,4.64235150199378,5.19760658095589,0.0674056902674009,0.00657727631074845,0.0159582170284738,0.00657727631074845,0.113343416142512,0.0685203081287785,0.0159582170284738,0.0685203081287785,0.0495362723034005,34.3432649217616,0.00644268943826613,0.0362,0,0.0692,0.01,0.203136,0.0997904,0.023302,0.0063786,0,0.235996,3.8,0.00673868,0.37515,0.0888888888888889,0,0.00628146,1.382,0,0.0661112,0.477386,0.345761666483293,0,1.44,12.1,0.4995,2.19,5.0784,2.49476,0.58255,0.159465,21.0035842293907,5.8999,95,0.168467,9.37875,0.41875,2.91300251256281,0.1570365,34.55,0.154861111111111,1.65278,11.93465,0.663542620071984,1,1.02498647206923,6.85490059604685e-08,0.172494329058668,0.0322647982708142,0.546210626633476,0.882600469421692,0.481793186828245,0.0182177042265205,6.86693148081724,1.10872920168068,15.8254897119093,0.0168368221923206,1.91973779390975,0.110816348482218,0.000906916338668913,0.00768956438968787,7.07573438608025,9.44481353917248e-12,0.468223357555741,0.923961129042611,0.425376434642763,0.958933295004431,60.7424189893087,70.5749872292444,134.33980850212,0.840239999999991,1.67175778546711
122,GA,500,1,0.115435766184651,3.94418598402665,4.64235150199378,5.19760658095589,0.0674056902674009,0.00657727631074845,0.0159582170284738,0.00657727631074845,0.113343416142512,0.0685203081287785,0.0159582170284738,0.0685203081287785,0.0495362723034005,34.3432649217616,0.124967979479747,0.0362,0,0.0692,0.01,0.203136,0.0997904,0.023302,0.0063786,0,0.235996,3.8,0.00673868,0.37515,0.0888888888888889,0,0.00628146,1.382,0,0.0661112,0.477386,0.345761666483293,0,1.44,12.1,0.4995,2.19,5.0784,2.49476,0.58255,0.159465,21.0035842293907,5.8999,95,0.168467,9.37875,0.41875,2.91300251256281,0.1570365,34.55,0.154861111111111,1.65278,11.93465,0.663542620071984,1,0.409746136141176,0.367560275575434,0.23920986865949,0.425840858621317,0.51199846290034,0.428078780926549,0.460933950564368,0.138113997394413,5.49145287552449,1.01873307610047,5.1070003956029,0.0526620969576673,0.722304155257618,0.296078553084315,3.38313429216796e-15,0.0614831038734513,2.41545966662642,2.4731400555336e-19,0.361649712982071,0.923961129042611,0.46219916662503,0.660711659572347,42.7181703537876,96.4831759371381,188.747341383686,0.840239999999991,1.67175778546711
122,GA,500,1,0.115435766184651,3.94418598402665,4.64235150199378,5.19760658095589,0.0674056902674009,0.00657727631074845,0.0159582170284738,0.00657727631074845,0.113343416142512,0.0685203081287785,0.0159582170284738,0.0685203081287785,0.0495362723034005,34.3432649217616,0.0238984411491089,0.0362,0,0.0692,0.01,0.203136,0.0997904,0.023302,0.0063786,0,0.235996,3.8,0.00673868,0.37515,0.0888888888888889,0,0.00628146,1.382,0,0.0661112,0.477386,0.345761666483293,0,1.44,12.1,0.4995,2.19,5.0784,2.49476,0.58255,0.159465,21.0035842293907,5.8999,95,0.168467,9.37875,0.41875,2.91300251256281,0.1570365,34.55,0.154861111111111,1.65278,11.93465,0.663542620071984,1,0.508871063422381,1.37299261608059e-14,0.106675703561767,1.08322981141486,0.374289070832957,1.14085275216875,0.49197397476715,0.0811289049218722,1.32601343917181,0.512485638195356,25.4442697678591,0.0367623215560257,4.41960985970513,0.21957546169713,6.58246702598952e-11,0.0134012083767732,16.8612041775535,0.000262250519838029,0.0672498050960735,4.09456305560179,0.574096774166235,0.816708454841973,73.3886181800192,125.009066053895,226.453111773493,0.840239999999991,1.67175778546711
122,GA,500,1,0.115435766184651,3.94418598402665,4.64235150199378,5.19760658095589,0.0674056902674009,0.00657727631074845,0.0159582170284738,0.00657727631074845,0.113343416142512,0.0685203081287785,0.0159582170284738,0.0685203081287785,0.0495362723034005,34.3432649217616,0.0195042225383342,0.0362,0,0.0692,0.01,0.203136,0.0997904,0.023302,0.0063786,0,0.235996,3.8,0.00673868,0.37515,0.0888888888888889,0,0.00628146,1.382,0,0.0661112,0.477386,0.345761666483293,0,1.44,12.1,0.4995,2.19,5.0784,2.49476,0.58255,0.159465,21.0035842293907,5.8999,95,0.168467,9.37875,0.41875,2.91300251256281,0.1570365,34.55,0.154861111111111,1.65278,11.93465,0.663542620071984,1,0.11541727234613,0.00151436833643606,0.106675703561767,0.0517871861509779,0.743283590394165,0.176140776172142,0.175408387038546,0.0264070031377125,1.32601343917181,4.38223823498553,14.926305971165,0.00755831142951199,1.75946669344081,0.21957546169713,6.58246702598952e-11,0.0134012083767732,10.5087260359772,5.88198101931693e-18,0.995151236192236,2.43909601042685,0.574096774166235,0.816708454841973,63.2597045366555,79.7459712980916,160.902836336389,0.840239999999991,1.67175778546711
122,GA,500,1,0.115435766184651,3.94418598402665,4.64235150199378,5.19760658095589,0.0674056902674009,0.00657727631074845,0.0159582170284738,0.00657727631074845,0.113343416142512,0.0685203081287785,0.0159582170284738,0.0685203081287785,0.0495362723034005,34.3432649217616,0.0399655090685704,0.0362,0,0.0692,0.01,0.203136,0.0997904,0.023302,0.0063786,0,0.235996,3.8,0.00673868,0.37515,0.0888888888888889,0,0.00628146,1.382,0,0.0661112,0.477386,0.345761666483293,0,1.44,12.1,0.4995,2.19,5.0784,2.49476,0.58255,0.159465,21.0035842293907,5.8999,95,0.168467,9.37875,0.41875,2.91300251256281,0.1570365,34.55,0.154861111111111,1.65278,11.93465,0.663542620071984,1,0.410149823864621,3.61600277846288e-07,0.145688369980611,0.0157587581807599,0.746696478864772,1.4598632802406,0.0827906407855193,0.0118489426110276,4.37977534906498,3.79320295322941,4.48230758670022,0.0592439704663513,3.17679634748729,0.12647110200761,2.67372485823951e-08,0.0306966742281059,9.30084855605617,5.70149887400548e-20,0.920018630846606,0.835061364882609,0.406006916598477,0.758511957981166,32.4910150310427,87.0784958302673,147.292759306813,0.840239999999991,1.67175778546711
122,GA,500,1,0.115435766184651,3.94418598402665,4.64235150199378,5.19760658095589,0.0674056902674009,0.00657727631074845,0.0159582170284738,0.00657727631074845,0.113343416142512,0.0685203081287785,0.0159582170284738,0.0685203081287785,0.0495362723034005,34.3432649217616,0.049161023478854,0.0362,0,0.0692,0.01,0.203136,0.0997904,0.023302,0.0063786,0,0.235996,3.8,0.00673868,0.37515,0.0888888888888889,0,0.00628146,1.382,0,0.0661112,0.477386,0.345761666483293,0,1.44,12.1,0.4995,2.19,5.0784,2.49476,0.58255,0.159465,21.0035842293907,5.8999,95,0.168467,9.37875,0.41875,2.91300251256281,0.1570365,34.55,0.154861111111111,1.65278,11.93465,0.663542620071984,1,0.0511071195324601,1.37299261608059e-14,0.106675703561767,1.95004077256936,0.387630001463128,1.12395948825633,0.49197397476715,0.0576827980048167,5.90790648835231,5.2512445221487,5.98824209110219,0.0192763124463403,4.41960985970513,0.112671916743538,6.58246702598952e-11,0.0134012083767732,10.5087260359772,0.0262250519838029,0.995151236192236,8.01624434987282,0.369146955385249,0.816708454841973,39.3324022166579,174.22490133812,252.658100395981,0.840239999999991,1.67175778546711
122,GA,500,0,0.115435766184651,3.94418598402665,4.64235150199378,5.19760658095589,0.0674056902674009,0.00657727631074845,0.0159582170284738,0.00657727631074845,0.113343416142512,0.0685203081287785,0.0159582170284738,0.0685203081287785,0.0495362723034005,34.3432649217616,0.00210223039941268,0.0362,0,0.0692,0.01,0.203136,0.0997904,0.023302,0.0063786,0,0.235996,3.8,0.00673868,0.37515,0.0888888888888889,0,0.00628146,1.382,0,0.0661112,0.477386,0.345761666483293,0,1.44,12.1,0.4995,2.19,5.0784,2.49476,0.58255,0.159465,21.0035842293907,5.8999,95,0.168467,9.37875,0.41875,2.91300251256281,0.1570365,34.55,0.154861111111111,1.65278,11.93465,0.663542620071984,1,0.325032270570951,6.85490059604685e-07,0.379716216609904,0.403940347586626,3.46722442424389,0.877964643016063,0.437382911035942,0.0897190927538993,10.8926309164505,4.58086460011602,12.9498568945179,0.03980139721935,0.952210213392367,0.112645176114433,0.809494118959263,0.00768956438968787,15.4309180351339,3.97448770837526e-17,1.29606487869952,3.36791779424044,0.459244421647998,0.958933295004431,59.7774084878539,68.2355427852342,130.935165905088,0.840239999999991,1.67175778546711
122,GA,500,0,0.115435766184651,3.94418598402665,4.64235150199378,5.19760658095589,0.0674056902674009,0.00657727631074845,0.0159582170284738,0.00657727631074845,0.113343416142512,0.0685203081287785,0.0159582170284738,0.0685203081287785,0.0495362723034005,34.3432649217616,0.00210223039941268,0.0362,0,0.0692,0.01,0.203136,0.0997904,0.023302,0.0063786,0,0.235996,3.8,0.00673868,0.37515,0.0888888888888889,0,0.00628146,1.382,0,0.0661112,0.477386,0.345761666483293,0,1.44,12.1,0.4995,2.19,5.0784,2.49476,0.58255,0.159465,21.0035842293907,5.8999,95,0.168467,9.37875,0.41875,2.91300251256281,0.1570365,34.55,0.154861111111111,1.65278,11.93465,0.663542620071984,1,0.325032270570951,6.85490059604685e-07,0.379716216609904,0.403940347586626,3.46722442424389,0.877964643016063,0.437382911035942,0.0897190927538993,10.8926309164505,4.58086460011602,12.9498568945179,0.03980139721935,0.952210213392367,0.112645176114433,0.809494118959263,0.00768956438968787,15.4309180351339,3.97448770837526e-18,1.29606487869952,3.36791779424044,0.459244421647998,0.958933295004431,59.7774084878539,68.2355427852342,130.935165905088,0.840239999999991,1.67175778546711
122,GA,500,0,0.115435766184651,3.94418598402665,4.64235150199378,5.19760658095589,0.0674056902674009,0.00657727631074845,0.0159582170284738,0.00657727631074845,0.113343416142512,0.0685203081287785,0.0159582170284738,0.0685203081287785,0.0495362723034005,34.3432649217616,0.00210215826978653,0.0362,0,0.0692,0.01,0.203136,0.0997904,0.023302,0.0063786,0,0.235996,3.8,0.00673868,0.37515,0.0888888888888889,0,0.00628146,1.382,0,0.0661112,0.477386,0.345761666483293,0,1.44,12.1,0.4995,2.19,5.0784,2.49476,0.58255,0.159465,21.0035842293907,5.8999,95,0.168467,9.37875,0.41875,2.91300251256281,0.1570365,34.55,0.154861111111111,1.65278,11.93465,0.663542620071984,1,0.325032270570951,6.85490059604685e-08,0.379716216609904,0.403940347586626,3.46722442424389,0.877964643016063,0.437382911035942,0.0897190927538993,10.8926309164505,4.58086460011602,12.9498568945179,0.03980139721935,0.952210213392367,0.112645176114433,0.809494118959263,0.00768956438968787,15.4309180351339,3.97448770837526e-17,1.29606487869952,3.36791779424044,0.459244421647998,0.958933295004431,59.7774073079857,68.2355126383431,130.935133287276,0.840239999999991,1.67175778546711
122,GA,500,0,0.115435766184651,3.94418598402665,4.64235150199378,5.19760658095589,0.0674056902674009,0.00657727631074845,0.0159582170284738,0.00657727631074845,0.113343416142512,0.0685203081287785,0.0159582170284738,0.0685203081287785,0.0495362723034005,34.3432649217616,0.00210215826978451,0.0362,0,0.0692,0.01,0.203136,0.0997904,0.023302,0.0063786,0,0.235996,3.8,0.00673868,0.37515,0.0888888888888889,0,0.00628146,1.382,0,0.0661112,0.477386,0.345761666483293,0,1.44,12.1,0.4995,2.19,5.0784,2.49476,0.58255,0.159465,21.0035842293907,5.8999,95,0.168467,9.37875,0.41875,2.91300251256281,0.1570365,34.55,0.154861111111111,1.65278,11.93465,0.663542620071984,1,0.325032270570951,6.85490059604685e-08,0.379716216609904,0.403940347586626,3.46722442424389,0.877964643016063,0.437382911035942,0.0897190927538993,10.8926309164505,4.58086460011602,12.9498568945179,0.03980139721935,0.952210213392367,0.112645176114433,0.809494118959263,0.00768956438968787,15.4309180351339,3.97448770837526e-16,1.29606487869952,3.36791779424044,0.459244421647998,0.958933295004431,59.7774073079857,68.2355126383422,130.935133287275,0.840239999999991,1.67175778546711
122,GA,500,1,0.115435766184651,3.94418598402665,4.64235150199378,5.19760658095589,0.0674056902674009,0.00657727631074845,0.0159582170284738,0.00657727631074845,0.113343416142512,0.0685203081287785,0.0159582170284738,0.0685203081287785,0.0495362723034005,34.3432649217616,0.0855820283287405,0.0362,0,0.0692,0.01,0.203136,0.0997904,0.023302,0.0063786,0,0.235996,3.8,0.00673868,0.37515,0.0888888888888889,0,0.00628146,1.382,0,0.0661112,0.477386,0.345761666483293,0,1.44,12.1,0.4995,2.19,5.0784,2.49476,0.58255,0.159465,21.0035842293907,5.8999,95,0.168467,9.37875,0.41875,2.91300251256281,0.1570365,34.55,0.154861111111111,1.65278,11.93465,0.663542620071984,1,0.363479111087168,1.37299261608059e-14,0.260055376719176,1.19309889797858,0.387630001463128,1.12395948825633,0.537641724503813,0.0498617830554837,0.833300095514468,5.2512445221487,10.5575153830508,0.0192763124463403,4.49982693123173,0.198565012037661,6.58246702598952e-11,0.0134012083767732,7.81229965863015,0.0262250519838029,0.995151236192236,7.88235131500522,0.562640894229742,0.668745151801258,34.8232584644777,101.28942178173,186.285174126832,0.840239999999991,1.67175778546711
122,GA,500,1,0.115435766184651,3.94418598402665,4.64235150199378,5.19760658095589,0.0674056902674009,0.00657727631074845,0.0159582170284738,0.00657727631074845,0.113343416142512,0.0685203081287785,0.0159582170284738,0.0685203081287785,0.0495362723034005,34.3432649217616,0.0134306242656027,0.0362,0,0.0692,0.01,0.203136,0.0997904,0.023302,0.0063786,0,0.235996,3.8,0.00673868,0.37515,0.0888888888888889,0,0.00628146,1.382,0,0.0661112,0.477386,0.345761666483293,0,1.44,12.1,0.4995,2.19,5.0784,2.49476,0.58255,0.159465,21.0035842293907,5.8999,95,0.168467,9.37875,0.41875,2.91300251256281,0.1570365,34.55,0.154861111111111,1.65278,11.93465,0.663542620071984,1,0.0612725684499898,1.94119283437511e-18,0.0723951981865542,1.08322981141486,0.99037981415843,0.882600469421692,0.49197397476715,0.0182177042265205,3.27346768517959,0.512485638195356,57.3095831230085,0.0107306637690613,7.64120532859623,0.100114832399319,1.39560378148321e-15,0.048471069776101,7.07573438608025,0.00262250519838029,0.168321846662611,1.3464119620812,0.425376434642763,0.816708454841973,37.3970018511205,71.5457666049616,124.999580446692,0.840239999999991,1.67175778546711
122,GA,500,1,0.115435766184651,3.94418598402665,4.64235150199378,5.19760658095589,0.0674056902674009,0.00657727631074845,0.0159582170284738,0.00657727631074845,0.113343416142512,0.0685203081287785,0.0159582170284738,0.0685203081287785,0.0495362723034005,34.3432649217616,0.0185854593064703,0.0362,0,0.0692,0.01,0.203136,0.0997904,0.023302,0.0063786,0,0.235996,3.8,0.00673868,0.37515,0.0888888888888889,0,0.00628146,1.382,0,0.0661112,0.477386,0.345761666483293,0,1.44,12.1,0.4995,2.19,5.0784,2.49476,0.58255,0.159465,21.0035842293907,5.8999,95,0.168467,9.37875,0.41875,2.91300251256281,0.1570365,34.55,0.154861111111111,1.65278,11.93465,0.663542620071984,1,0.267973582756084,1.01575353823747e-10,0.33554204560074,1.42275540358593,1.14934849028098,1.77255550098967,0.49197397476715,0.0762888407553339,11.3894747291681,4.02519743812579,9.17325168994967,0.0277355553288218,3.77906075033301,0.286025260217099,6.58246702598952e-11,0.0286726329341234,8.47494283828582,1.09348526756866e-12,1.5141658359006,1.91953957030621,0.355751752726122,0.816708454841973,37.4085590578322,174.814898189851,251.45666539668,0.840239999999991,1.67175778546711
122,GA,500,0,0.115435766184651,3.94418598402665,4.64235150199378,5.19760658095589,0.0674056902674009,0.00657727631074845,0.0159582170284738,0.00657727631074845,0.113343416142512,0.0685203081287785,0.0159582170284738,0.0685203081287785,0.0495362723034005,34.3432649217616,0.000308427806903558,0.0362,0,0.0692,0.01,0.203136,0.0997904,0.023302,0.0063786,0,0.235996,3.8,0.00673868,0.37515,0.0888888888888889,0,0.00628146,1.382,0,0.0661112,0.477386,0.345761666483293,0,1.44,12.1,0.4995,2.19,5.0784,2.49476,0.58255,0.159465,21.0035842293907,5.8999,95,0.168467,9.37875,0.41875,2.91300251256281,0.1570365,34.55,0.154861111111111,1.65278,11.93465,0.663542620071984,1,0.508871063422381,1.37299261608059e-14,0.106675703561767,1.08322981141486,0.374289070832957,1.14085275216875,0.49197397476715,0.0811289049218722,0.132601343917181,5.12485638195356,25.4442697678591,0.0367623215560257,4.41960985970513,0.21957546169713,6.58246702598952e-11,0.134012083767732,16.8612041775535,0.00262250519838029,0.0672498050960735,4.09456305560179,0.574096774166235,0.816708454841973,64.0933899523042,119.890461271834,210.890524916497,0.840239999999991,1.67175778546711
122,GA,500,0,0.115435766184651,3.94418598402665,4.64235150199378,5.19760658095589,0.0674056902674009,0.00657727631074845,0.0159582170284738,0.00657727631074845,0.113343416142512,0.0685203081287785,0.0159582170284738,0.0685203081287785,0.0495362723034005,34.3432649217616,0.000308427806903558,0.0362,0,0.0692,0.01,0.203136,0.0997904,0.023302,0.0063786,0,0.235996,3.8,0.00673868,0.37515,0.0888888888888889,0,0.00628146,1.382,0,0.0661112,0.477386,0.345761666483293,0,1.44,12.1,0.4995,2.19,5.0784,2.49476,0.58255,0.159465,21.0035842293907,5.8999,95,0.168467,9.37875,0.41875,2.91300251256281,0.1570365,34.55,0.154861111111111,1.65278,11.93465,0.663542620071984,1,0.508871063422381,1.37299261608059e-14,0.106675703561767,1.08322981141486,0.374289070832957,1.14085275216875,0.49197397476715,0.0811289049218722,0.132601343917181,5.12485638195356,25.4442697678591,0.0367623215560257,4.41960985970513,0.21957546169713,6.58246702598952e-11,0.134012083767732,16.8612041775535,0.00262250519838029,0.0672498050960735,4.09456305560179,0.574096774166235,0.816708454841973,64.0933899523042,119.890461271834,210.890524916497,0.840239999999991,1.67175778546711
122,GA,500,0,0.115435766184651,3.94418598402665,4.64235150199378,5.19760658095589,0.0674056902674009,0.00657727631074845,0.0159582170284738,0.00657727631074845,0.113343416142512,0.0685203081287785,0.0159582170284738,0.0685203081287785,0.0495362723034005,34.3432649217616,0.00164401731577051,0.0362,0,0.0692,0.01,0.203136,0.0997904,0.023302,0.0063786,0,0.235996,3.8,0.00673868,0.37515,0.0888888888888889,0,0.00628146,1.382,0,0.0661112,0.477386,0.345761666483293,0,1.44,12.1,0.4995,2.19,5.0784,2.49476,0.58255,0.159465,21.0035842293907,5.8999,95,0.168467,9.37875,0.41875,2.91300251256281,0.1570365,34.55,0.154861111111111,1.65278,11.93465,0.663542620071984,1,0.508871063422381,1.37299261608059e-14,0.106675703561767,1.08322981141486,0.374289070832957,0.882600469421692,0.49197397476715,0.0182177042265205,3.27346768517959,0.512485638195356,29.8814900960205,0.0168368221923206,7.64120532859623,0.100114832399319,6.58246702598952e-12,0.048471069776101,7.07573438608025,0.00262250519838029,0.0672498050960735,1.3464119620812,0.425376434642763,0.816708454841973,35.0207053639367,78.99569407219,131.745177363526,0.840239999999991,1.67175778546711
122,GA,500,0,0.115435766184651,3.94418598402665,4.64235150199378,5.19760658095589,0.0674056902674009,0.00657727631074845,0.0159582170284738,0.00657727631074845,0.113343416142512,0.0685203081287785,0.0159582170284738,0.0685203081287785,0.0495362723034005,34.3432649217616,0.00164401732914793,0.0362,0,0.0692,0.01,0.203136,0.0997904,0.023302,0.0063786,0,0.235996,3.8,0.00673868,0.37515,0.0888888888888889,0,0.00628146,1.382,0,0.0661112,0.477386,0.345761666483293,0,1.44,12.1,0.4995,2.19,5.0784,2.49476,0.58255,0.159465,21.0035842293907,5.8999,95,0.168467,9.37875,0.41875,2.91300251256281,0.1570365,34.55,0.154861111111111,1.65278,11.93465,0.663542620071984,1,0.508871063422381,1.37299261608059e-14,0.106675703561767,1.08322981141486,0.374289070832957,0.882600469421692,0.49197397476715,0.0182177042265205,3.27346768517959,0.512485638195356,29.8814900960205,0.0168368221923206,7.64120532859623,0.100114832399319,6.58246702598952e-11,0.048471069776101,7.07573438608025,0.00262250519838029,0.0672498050960735,1.3464119620812,0.425376434642763,0.816708454841973,35.0207053645886,78.9956940661396,131.745177356769,0.840239999999991,1.67175778546711
122,GA,500,0,0.115435766184651,3.94418598402665,4.64235150199378,5.19760658095589,0.0674056902674009,0.00657727631074845,0.0159582170284738,0.00657727631074845,0.113343416142512,0.0685203081287785,0.0159582170284738,0.0685203081287785,0.0495362723034005,34.3432649217616,0.00164401732914793,0.0362,0,0.0692,0.01,0.203136,0.0997904,0.023302,0.0063786,0,0.235996,3.8,0.00673868,0.37515,0.0888888888888889,0,0.00628146,1.382,0,0.0661112,0.477386,0.345761666483293,0,1.44,12.1,0.4995,2.19,5.0784,2.49476,0.58255,0.159465,21.0035842293907,5.8999,95,0.168467,9.37875,0.41875,2.91300251256281,0.1570365,34.55,0.154861111111111,1.65278,11.93465,0.663542620071984,1,0.508871063422381,1.37299261608059e-14,0.106675703561767,1.08322981141486,0.374289070832957,0.882600469421692,0.49197397476715,0.0182177042265205,3.27346768517959,0.512485638195356,29.8814900960205,0.0168368221923206,7.64120532859623,0.100114832399319,6.58246702598952e-11,0.048471069776101,7.07573438608025,0.00262250519838029,0.0672498050960735,1.3464119620812,0.425376434642763,0.816708454841973,35.0207053645886,78.9956940661396,131.745177356769,0.840239999999991,1.67175778546711
122,GA,500,0,0.115435766184651,3.94418598402665,4.64235150199378,5.19760658095589,0.0674056902674009,0.00657727631074845,0.0159582170284738,0.00657727631074845,0.113343416142512,0.0685203081287785,0.0159582170284738,0.0685203081287785,0.0495362723034005,34.3432649217616,0.00164401732914793,0.0362,0,0.0692,0.01,0.203136,0.0997904,0.023302,0.0063786,0,0.235996,3.8,0.00673868,0.37515,0.0888888888888889,0,0.00628146,1.382,0,0.0661112,0.477386,0.345761666483293,0,1.44,12.1,0.4995,2.19,5.0784,2.49476,0.58255,0.159465,21.0035842293907,5.8999,95,0.168467,9.37875,0.41875,2.91300251256281,0.1570365,34.55,0.154861111111111,1.65278,11.93465,0.663542620071984,1,0.508871063422381,1.37299261608059e-14,0.106675703561767,1.08322981141486,0.374289070832957,0.882600469421692,0.49197397476715,0.0182177042265205,3.27346768517959,0.512485638195356,29.8814900960205,0.0168368221923206,7.64120532859623,0.100114832399319,6.58246702598952e-11,0.048471069776101,7.07573438608025,0.00262250519838029,0.0672498050960735,1.3464119620812,0.425376434642763,0.816708454841973,35.0207053645886,78.9956940661396,131.745177356769,0.840239999999991,1.67175778546711
122,GA,500,0,0.115435766184651,3.94418598402665,4.64235150199378,5.19760658095589,0.0674056902674009,0.00657727631074845,0.0159582170284738,0.00657727631074845,0.113343416142512,0.0685203081287785,0.0159582170284738,0.0685203081287785,0.0495362723034005,34.3432649217616,3.46994390892002e-06,0.0362,0,0.0692,0.01,0.203136,0.0997904,0.023302,0.0063786,0,0.235996,3.8,0.00673868,0.37515,0.0888888888888889,0,0.00628146,1.382,0,0.0661112,0.477386,0.345761666483293,0,1.44,12.1,0.4995,2.19,5.0784,2.49476,0.58255,0.159465,21.0035842293907,5.8999,95,0.168467,9.37875,0.41875,2.91300251256281,0.1570365,34.55,0.154861111111111,1.65278,11.93465,0.663542620071984,1,0.744467503747806,3.80772740021238e-19,0.0743581957801286,0.131657833636732,0.346722442424389,1.0427851361232,0.369990044881856,0.0897190927538993,10.8926309164505,4.58086460011602,16.942540576199,0.03980139721935,0.952210213392367,0.112645176114433,0.00029644168538526,0.0768956438968787,11.1920071228968,9.72797905625576e-21,0.465313113222956,1.02973372027796,0.516084162380898,0.958933295004431,43.4977178571066,111.058152180162,159.311980182463,0.840239999999991,1.67175778546711
122,GA,500,1,0.115435766184651,3.94418598402665,4.64235150199378,5.19760658095589,0.0674056902674009,0.00657727631074845,0.0159582170284738,0.00657727631074845,0.113343416142512,0.0685203081287785,0.0159582170284738,0.0685203081287785,0.0495362723034005,34.3432649217616,0.0879840003560531,0.0362,0,0.0692,0.01,0.203136,0.0997904,0.023302,0.0063786,0,0.235996,3.8,0.00673868,0.37515,0.0888888888888889,0,0.00628146,1.382,0,0.0661112,0.477386,0.345761666483293,0,1.44,12.1,0.4995,2.19,5.0784,2.49476,0.58255,0.159465,21.0035842293907,5.8999,95,0.168467,9.37875,0.41875,2.91300251256281,0.1570365,34.55,0.154861111111111,1.65278,11.93465,0.663542620071984,1,0.325032270570951,6.85490059604685e-08,0.111853173384798,1.63276703201205,0.346722442424389,0.254981600278724,0.437382911035942,0.0897190927538993,10.8926309164505,5.72752345947607,36.7058281819495,0.03980139721935,1.80456813489388,0.112645176114433,2.79748765035835e-15,0.0831445859145277,15.4309180351339,0.000435235678535388,0.137750248387909,1.20173879211606,0.416258136097572,0.958933295004431,52.3915083302251,203.651029923873,264.763975721643,0.840239999999991,1.67175778546711
122,GA,500,1,0.115435766184651,3.94418598402665,4.64235150199378,5.19760658095589,0.0674056902674009,0.00657727631074845,0.0159582170284738,0.00657727631074845,0.113343416142512,0.0685203081287785,0.0159582170284738,0.0685203081287785,0.0495362723034005,34.3432649217616,0.0589983347065178,0.0362,0,0.0692,0.01,0.203136,0.0997904,0.023302,0.0063786,0,0.235996,3.8,0.00673868,0.37515,0.0888888888888889,0,0.00628146,1.382,0,0.0661112,0.477386,0.345761666483293,0,1.44,12.1,0.4995,2.19,5.0784,2.49476,0.58255,0.159465,21.0035842293907,5.8999,95,0.168467,9.37875,0.41875,2.91300251256281,0.1570365,34.55,0.154861111111111,1.65278,11.93465,0.663542620071984,1,0.325032270570951,8.10806660247839e-17,0.0806856003494298,0.403940347586626,1.43842953262108,0.877964643016063,0.425481816242972,0.0897190927538993,9.23032288998711,4.58086460011602,41.3221113232482,0.03980139721935,2.65320590739658,0.103965732419224,9.24651567738417e-19,0.03622826925318,15.4309180351339,2.13209485737777e-16,0.186269542054915,11.8685795509476,0.42448203057904,0.958933295004431,53.7830501847205,82.2823959115933,139.589222877069,0.840239999999991,1.67175778546711
122,GA,500,1,0.115435766184651,3.94418598402665,4.64235150199378,5.19760658095589,0.0674056902674009,0.00657727631074845,0.0159582170284738,0.00657727631074845,0.113343416142512,0.0685203081287785,0.0159582170284738,0.0685203081287785,0.0495362723034005,34.3432649217616,0.0298717016946909,0.0362,0,0.0692,0.01,0.203136,0.0997904,0.023302,0.0063786,0,0.235996,3.8,0.00673868,0.37515,0.0888888888888889,0,0.00628146,1.382,0,0.0661112,0.477386,0.345761666483293,0,1.44,12.1,0.4995,2.19,5.0784,2.49476,0.58255,0.159465,21.0035842293907,5.8999,95,0.168467,9.37875,0.41875,2.91300251256281,0.1570365,34.55,0.154861111111111,1.65278,11.93465,0.663542620071984,1,0.433194100463836,1.07963681788823e-08,0.187605371282888,0.013204287405372,0.484777459181534,0.877964643016063,0.437382911035942,0.0897190927538993,1.60437034828234,4.58086460011602,29.8814900960205,0.0168368221923206,7.64120532859623,0.112645176114433,0.000906916338668913,0.048471069776101,15.4309180351339,4.6252773694813e-06,0.468223357555741,3.36791779424044,0.507492366482157,0.958933295004431,35.4673745966543,121.802293466587,162.48590039101,0.840239999999991,1.67175778546711
122,GA,500,0,0.115435766184651,3.94418598402665,4.64235150199378,5.19760658095589,0.0674056902674009,0.00657727631074845,0.0159582170284738,0.00657727631074845,0.113343416142512,0.0685203081287785,0.0159582170284738,0.0685203081287785,0.0495362723034005,34.3432649217616,3.41330318498367e-06,0.0362,0,0.0692,0.01,0.203136,0.0997904,0.023302,0.0063786,0,0.235996,3.8,0.00673868,0.37515,0.0888888888888889,0,0.00628146,1.382,0,0.0661112,0.477386,0.345761666483293,0,1.44,12.1,0.4995,2.19,5.0784,2.49476,0.58255,0.159465,21.0035842293907,5.8999,95,0.168467,9.37875,0.41875,2.91300251256281,0.1570365,34.55,0.154861111111111,1.65278,11.93465,0.663542620071984,1,0.744467503747806,3.80772740021238e-19,0.0743581957801286,0.131657833636732,0.346722442424389,1.0427851361232,0.369990044881856,0.0897190927538993,10.8926309164505,4.58086460011602,16.942540576199,0.03980139721935,0.952210213392367,0.112645176114433,0.00029644168538526,0.00768956438968787,11.1920071228968,9.72797905625576e-20,0.465313113222956,1.02973372027796,0.516084162380898,0.958933295004431,43.3487455551829,111.056840942647,159.161640488749,0.840239999999991,1.67175778546711
122,GA,500,0,0.115435766184651,3.94418598402665,4.64235150199378,5.19760658095589,0.0674056902674009,0.00657727631074845,0.0159582170284738,0.00657727631074845,0.113343416142512,0.0685203081287785,0.0159582170284738,0.0685203081287785,0.0495362723034005,34.3432649217616,3.41330318498367e-06,0.0362,0,0.0692,0.01,0.203136,0.0997904,0.023302,0.0063786,0,0.235996,3.8,0.00673868,0.37515,0.0888888888888889,0,0.00628146,1.382,0,0.0661112,0.477386,0.345761666483293,0,1.44,12.1,0.4995,2.19,5.0784,2.49476,0.58255,0.159465,21.0035842293907,5.8999,95,0.168467,9.37875,0.41875,2.91300251256281,0.1570365,34.55,0.154861111111111,1.65278,11.93465,0.663542620071984,1,0.744467503747806,3.80772740021238e-19,0.0743581957801286,0.131657833636732,0.346722442424389,1.0427851361232,0.369990044881856,0.0897190927538993,10.8926309164505,4.58086460011602,16.942540576199,0.03980139721935,0.952210213392367,0.112645176114433,0.00029644168538526,0.00768956438968787,11.1920071228968,9.72797905625576e-20,0.465313113222956,1.02973372027796,0.516084162380898,0.958933295004431,43.3487455551829,111.056840942647,159.161640488749,0.840239999999991,1.67175778546711
122,GA,500,0,0.115435766184651,3.94418598402665,4.64235150199378,5.19760658095589,0.0674056902674009,0.00657727631074845,0.0159582170284738,0.00657727631074845,0.113343416142512,0.0685203081287785,0.0159582170284738,0.0685203081287785,0.0495362723034005,34.3432649217616,3.41330318498367e-06,0.0362,0,0.0692,0.01,0.203136,0.0997904,0.023302,0.0063786,0,0.235996,3.8,0.00673868,0.37515,0.0888888888888889,0,0.00628146,1.382,0,0.0661112,0.477386,0.345761666483293,0,1.44,12.1,0.4995,2.19,5.0784,2.49476,0.58255,0.159465,21.0035842293907,5.8999,95,0.168467,9.37875,0.41875,2.91300251256281,0.1570365,34.55,0.154861111111111,1.65278,11.93465,0.663542620071984,1,0.744467503747806,3.80772740021238e-19,0.0743581957801286,0.131657833636732,0.346722442424389,1.0427851361232,0.369990044881856,0.0897190927538993,10.8926309164505,4.58086460011602,16.942540576199,0.03980139721935,0.952210213392367,0.112645176114433,0.00029644168538526,0.00768956438968787,11.1920071228968,9.72797905625576e-20,0.465313113222956,1.02973372027796,0.516084162380898,0.958933295004431,43.3487455551829,111.056840942647,159.161640488749,0.840239999999991,1.67175778546711
122,GA,500,0,0.115435766184651,3.94418598402665,4.64235150199378,5.19760658095589,0.0674056902674009,0.00657727631074845,0.0159582170284738,0.00657727631074845,0.113343416142512,0.0685203081287785,0.0159582170284738,0.0685203081287785,0.0495362723034005,34.3432649217616,8.31938269418849e-26,0.0362,0,0.0692,0.01,0.203136,0.0997904,0.023302,0.0063786,0,0.235996,3.8,0.00673868,0.37515,0.0888888888888889,0,0.00628146,1.382,0,0.0661112,0.477386,0.345761666483293,0,1.44,12.1,0.4995,2.19,5.0784,2.49476,0.58255,0.159465,21.0035842293907,5.8999,95,0.168467,9.37875,0.41875,2.91300251256281,0.1570365,34.55,0.154861111111111,1.65278,11.93465,0.663542620071984,1,0.508871063422381,1.37299261608059e-14,0.106675703561767,1.08322981141486,0.374289070832957,1.14085275216875,0.49197397476715,0.0811289049218722,0.132601343917181,0.512485638195356,25.4442697678591,0.0367623215560257,4.41960985970513,0.21957546169713,6.58246702598952e-10,0.0134012083767732,16.8612041775535,0.00262250519838029,0.0672498050960735,4.09456305560179,0.574096774166235,0.816708454841973,65.4048213006885,120.219820957205,212.605233203448,0.840239999999991,1.67175778546711
122,GA,500,0,0.115435766184651,3.94418598402665,4.64235150199378,5.19760658095589,0.0674056902674009,0.00657727631074845,0.0159582170284738,0.00657727631074845,0.113343416142512,0.0685203081287785,0.0159582170284738,0.0685203081287785,0.0495362723034005,34.3432649217616,5.73283239915061e-42,0.0362,0,0.0692,0.01,0.203136,0.0997904,0.023302,0.0063786,0,0.235996,3.8,0.00673868,0.37515,0.0888888888888889,0,0.00628146,1.382,0,0.0661112,0.477386,0.345761666483293,0,1.44,12.1,0.4995,2.19,5.0784,2.49476,0.58255,0.159465,21.0035842293907,5.8999,95,0.168467,9.37875,0.41875,2.91300251256281,0.1570365,34.55,0.154861111111111,1.65278,11.93465,0.663542620071984,1,0.508871063422381,1.37299261608059e-15,0.106675703561767,1.08322981141486,0.374289070832957,1.14085275216875,0.49197397476715,0.0811289049218722,0.132601343917181,0.512485638195356,25.4442697678591,0.0367623215560257,4.41960985970513,0.21957546169713,6.58246702598952e-11,0.0134012083767732,16.8612041775535,0.00262250519838029,0.0672498050960735,4.09456305560179,0.574096774166235,0.816708454841973,65.404821306068,120.219821028428,212.605233296035,0.840239999999991,1.67175778546711
122,GA,500,0,0.115435766184651,3.94418598402665,4.64235150199378,5.19760658095589,0.0674056902674009,0.00657727631074845,0.0159582170284738,0.00657727631074845,0.113343416142512,0.0685203081287785,0.0159582170284738,0.0685203081287785,0.0495362723034005,34.3432649217616,0,0.0362,0,0.0692,0.01,0.203136,0.0997904,0.023302,0.0063786,0,0.235996,3.8,0.00673868,0.37515,0.0888888888888889,0,0.00628146,1.382,0,0.0661112,0.477386,0.345761666483293,0,1.44,12.1,0.4995,2.19,5.0784,2.49476,0.58255,0.159465,21.0035842293907,5.8999,95,0.168467,9.37875,0.41875,2.91300251256281,0.1570365,34.55,0.154861111111111,1.65278,11.93465,0.663542620071984,1,0.508871063422381,1.37299261608059e-14,0.106675703561767,1.08322981141486,0.374289070832957,1.14085275216875,0.49197397476715,0.0811289049218722,0.132601343917181,0.512485638195356,25.4442697678591,0.0367623215560257,4.41960985970513,0.21957546169713,6.58246702598952e-11,0.0134012083767732,16.8612041775535,0.00262250519838029,0.0672498050960735,4.09456305560179,0.574096774166235,0.816708454841973,65.4048213060681,120.219821028428,212.605233296035,0.840239999999991,1.67175778546711
122,GA,500,0,0.115435766184651,3.94418598402665,4.64235150199378,5.19760658095589,0.0674056902674009,0.00657727631074845,0.0159582170284738,0.00657727631074845,0.113343416142512,0.0685203081287785,0.0159582170284738,0.0685203081287785,0.0495362723034005,34.3432649217616,0,0.0362,0,0.0692,0.01,0.203136,0.0997904,0.023302,0.0063786,0,0.235996,3.8,0.00673868,0.37515,0.0888888888888889,0,0.00628146,1.382,0,0.0661112,0.477386,0.345761666483293,0,1.44,12.1,0.4995,2.19,5.0784,2.49476,0.58255,0.159465,21.0035842293907,5.8999,95,0.168467,9.37875,0.41875,2.91300251256281,0.1570365,34.55,0.154861111111111,1.65278,11.93465,0.663542620071984,1,0.508871063422381,1.37299261608059e-14,0.106675703561767,1.08322981141486,0.374289070832957,1.14085275216875,0.49197397476715,0.0811289049218722,0.132601343917181,0.512485638195356,25.4442697678591,0.0367623215560257,4.41960985970513,0.21957546169713,6.58246702598952e-11,0.0134012083767732,16.8612041775535,0.00262250519838029,0.0672498050960735,4.09456305560179,0.574096774166235,0.816708454841973,65.4048213060681,120.219821028428,212.605233296035,0.840239999999991,1.67175778546711
122,GA,500,0,0.115435766184651,3.94418598402665,4.64235150199378,5.19760658095589,0.0674056902674009,0.00657727631074845,0.0159582170284738,0.00657727631074845,0.113343416142512,0.0685203081287785,0.0159582170284738,0.0685203081287785,0.0495362723034005,34.3432649217616,0,0.0362,0,0.0692,0.01,0.203136,0.0997904,0.023302,0.0063786,0,0.235996,3.8,0.00673868,0.37515,0.0888888888888889,0,0.00628146,1.382,0,0.0661112,0.477386,0.345761666483293,0,1.44,12.1,0.4995,2.19,5.0784,2.49476,0.58255,0.159465,21.0035842293907,5.8999,95,0.168467,9.37875,0.41875,2.91300251256281,0.1570365,34.55,0.154861111111111,1.65278,11.93465,0.663542620071984,1,0.508871063422381,1.37299261608059e-14,0.106675703561767,1.08322981141486,0.374289070832957,1.14085275216875,0.49197397476715,0.0811289049218722,0.132601343917181,0.512485638195356,25.4442697678591,0.0367623215560257,4.41960985970513,0.21957546169713,6.58246702598952e-11,0.0134012083767732,16.8612041775535,0.00262250519838029,0.0672498050960735,4.09456305560179,0.574096774166235,0.816708454841973,65.4048213060681,120.219821028428,212.605233296035,0.840239999999991,1.67175778546711
122,GA,500,0,0.115435766184651,3.94418598402665,4.64235150199378,5.19760658095589,0.0674056902674009,0.00657727631074845,0.0159582170284738,0.00657727631074845,0.113343416142512,0.0685203081287785,0.0159582170284738,0.0685203081287785,0.0495362723034005,34.3432649217616,0,0.0362,0,0.0692,0.01,0.203136,0.0997904,0.023302,0.0063786,0,0.235996,3.8,0.00673868,0.37515,0.0888888888888889,0,0.00628146,1.382,0,0.0661112,0.477386,0.345761666483293,0,1.44,12.1,0.4995,2.19,5.0784,2.49476,0.58255,0.159465,21.0035842293907,5.8999,95,0.168467,9.37875,0.41875,2.91300251256281,0.1570365,34.55,0.154861111111111,1.65278,11.93465,0.663542620071984,1,0.508871063422381,1.37299261608059e-14,0.106675703561767,1.08322981141486,0.374289070832957,1.14085275216875,0.49197397476715,0.0811289049218722,0.132601343917181,0.512485638195356,25.4442697678591,0.0367623215560257,4.41960985970513,0.21957546169713,6.58246702598952e-11,0.0134012083767732,16.8612041775535,0.00262250519838029,0.0672498050960735,4.09456305560179,0.574096774166235,0.816708454841973,65.4048213060681,120.219821028428,212.605233296035,0.840239999999991,1.67175778546711
122,GA,500,0,0.115435766184651,3.94418598402665,4.64235150199378,5.19760658095589,0.0674056902674009,0.00657727631074845,0.0159582170284738,0.00657727631074845,0.113343416142512,0.0685203081287785,0.0159582170284738,0.0685203081287785,0.0495362723034005,34.3432649217616,0,0.0362,0,0.0692,0.01,0.203136,0.0997904,0.023302,0.0063786,0,0.235996,3.8,0.00673868,0.37515,0.0888888888888889,0,0.00628146,1.382,0,0.0661112,0.477386,0.345761666483293,0,1.44,12.1,0.4995,2.19,5.0784,2.49476,0.58255,0.159465,21.0035842293907,5.8999,95,0.168467,9.37875,0.41875,2.91300251256281,0.1570365,34.55,0.154861111111111,1.65278,11.93465,0.663542620071984,1,0.508871063422381,1.37299261608059e-14,0.106675703561767,1.08322981141486,0.374289070832957,1.14085275216875,0.49197397476715,0.0811289049218722,0.132601343917181,0.512485638195356,25.4442697678591,0.0367623215560257,4.41960985970513,0.21957546169713,6.58246702598952e-11,0.0134012083767732,16.8612041775535,0.00262250519838029,0.0672498050960735,4.09456305560179,0.574096774166235,0.816708454841973,65.4048213060681,120.219821028428,212.605233296035,0.840239999999991,1.67175778546711
122,GA,500,1,0.115435766184651,3.94418598402665,4.64235150199378,5.19760658095589,0.0674056902674009,0.00657727631074845,0.0159582170284738,0.00657727631074845,0.113343416142512,0.0685203081287785,0.0159582170284738,0.0685203081287785,0.0495362723034005,34.3432649217616,0.0226916199330739,0.0362,0,0.0692,0.01,0.203136,0.0997904,0.023302,0.0063786,0,0.235996,3.8,0.00673868,0.37515,0.0888888888888889,0,0.00628146,1.382,0,0.0661112,0.477386,0.345761666483293,0,1.44,12.1,0.4995,2.19,5.0784,2.49476,0.58255,0.159465,21.0035842293907,5.8999,95,0.168467,9.37875,0.41875,2.91300251256281,0.1570365,34.55,0.154861111111111,1.65278,11.93465,0.663542620071984,1,0.098371183787925,2.04595178831652e-11,0.409570248976607,0.0250637608020788,0.22968817372763,0.19851746852343,0.0561075111384926,0.0107654113132253,0.998266475789118,2.36585782830301,6.89809859966162,0.0108362198853306,4.63352402637735,0.149466854908109,1.01485222645468,0.0076468171935569,11.0295799049202,0.000483902896876041,0.266312453934358,9.10786223771933,0.412605429580459,0.785102183241887,34.4523163528183,150.16762093974,225.72375100819,0.840239999999991,1.67175778546711
122,GA,500,1,0.115435766184651,3.94418598402665,4.64235150199378,5.19760658095589,0.0674056902674009,0.00657727631074845,0.0159582170284738,0.00657727631074845,0.113343416142512,0.0685203081287785,0.0159582170284738,0.0685203081287785,0.0495362723034005,34.3432649217616,0.013315571878243,0.0362,0,0.0692,0.01,0.203136,0.0997904,0.023302,0.0063786,0,0.235996,3.8,0.00673868,0.37515,0.0888888888888889,0,0.00628146,1.382,0,0.0661112,0.477386,0.345761666483293,0,1.44,12.1,0.4995,2.19,5.0784,2.49476,0.58255,0.159465,21.0035842293907,5.8999,95,0.168467,9.37875,0.41875,2.91300251256281,0.1570365,34.55,0.154861111111111,1.65278,11.93465,0.663542620071984,1,0.287863162330782,4.24768382833096e-15,0.239919977357982,0.084745896001386,0.387630001463128,1.59285190205175,0.49197397476715,0.0576827980048167,0.833300095514468,1.44873097982681,14.926305971165,0.0192763124463403,4.41960985970513,0.21957546169713,3.81234982264063e-15,0.0175322492207075,11.7048172577826,2.56679370224842e-21,0.0844298921068291,6.57989961638323,0.484755499573509,0.816708454841973,48.6069738032209,56.2529620935489,117.484627462914,0.840239999999991,1.67175778546711
122,GA,500,0,0.115435766184651,3.94418598402665,4.64235150199378,5.19760658095589,0.0674056902674009,0.00657727631074845,0.0159582170284738,0.00657727631074845,0.113343416142512,0.0685203081287785,0.0159582170284738,0.0685203081287785,0.0495362723034005,34.3432649217616,0.000555896677729585,0.0362,0,0.0692,0.01,0.203136,0.0997904,0.023302,0.0063786,0,0.235996,3.8,0.00673868,0.37515,0.0888888888888889,0,0.00628146,1.382,0,0.0661112,0.477386,0.345761666483293,0,1.44,12.1,0.4995,2.19,5.0784,2.49476,0.58255,0.159465,21.0035842293907,5.8999,95,0.168467,9.37875,0.41875,2.91300251256281,0.1570365,34.55,0.154861111111111,1.65278,11.93465,0.663542620071984,1,0.144669546263794,1.07963681788823e-08,0.331680620649694,0.02789939474312,0.20489224866786,0.877964643016063,0.437382911035942,0.12758690135907,1.60437034828234,4.58086460011602,9.59614877816967,0.020709632895551,5.85959674629619,0.126858925093822,3.57544711806242e-06,0.0140808520124243,15.4309180351339,7.52623558961213e-18,1.29606487869952,3.36791779424044,0.620534281547948,0.958933295004431,43.0252257408725,109.695228131652,157.418196245818,0.840239999999991,1.67175778546711
122,GA,500,0,0.115435766184651,3.94418598402665,4.64235150199378,5.19760658095589,0.0674056902674009,0.00657727631074845,0.0159582170284738,0.00657727631074845,0.113343416142512,0.0685203081287785,0.0159582170284738,0.0685203081287785,0.0495362723034005,34.3432649217616,0.00636457836582933,0.0362,0,0.0692,0.01,0.203136,0.0997904,0.023302,0.0063786,0,0.235996,3.8,0.00673868,0.37515,0.0888888888888889,0,0.00628146,1.382,0,0.0661112,0.477386,0.345761666483293,0,1.44,12.1,0.4995,2.19,5.0784,2.49476,0.58255,0.159465,21.0035842293907,5.8999,95,0.168467,9.37875,0.41875,2.91300251256281,0.1570365,34.55,0.154861111111111,1.65278,11.93465,0.663542620071984,1,0.325032270570951,3.3035944767793e-16,0.355021858924853,1.63276703201205,0.346722442424389,1.98688559706712,0.41732765724745,0.00899082012244119,2.78177300927238,5.72752345947607,7.82602282360116,0.03980139721935,1.84974606996705,0.112645176114433,2.79748765035835e-15,0.0831445859145277,15.4309180351339,0.000435235678535388,0.608952758863048,1.70526997746022,0.416258136097572,0.958933295004431,67.8732049582043,90.2303877675138,161.967745462293,0.840239999999991,1.67175778546711
122,GA,500,1,0.115435766184651,3.94418598402665,4.64235150199378,5.19760658095589,0.0674056902674009,0.00657727631074845,0.0159582170284738,0.00657727631074845,0.113343416142512,0.0685203081287785,0.0159582170284738,0.0685203081287785,0.0495362723034005,34.3432649217616,0.0215649708392703,0.0362,0,0.0692,0.01,0.203136,0.0997904,0.023302,0.0063786,0,0.235996,3.8,0.00673868,0.37515,0.0888888888888889,0,0.00628146,1.382,0,0.0661112,0.477386,0.345761666483293,0,1.44,12.1,0.4995,2.19,5.0784,2.49476,0.58255,0.159465,21.0035842293907,5.8999,95,0.168467,9.37875,0.41875,2.91300251256281,0.1570365,34.55,0.154861111111111,1.65278,11.93465,0.663542620071984,1,0.741003966070824,1.37299261608059e-14,0.106675703561767,1.08322981141486,1.38081262973362,0.599390440915207,0.49197397476715,0.0811289049218722,1.32601343917181,0.512485638195356,14.926305971165,0.0648923444862926,4.41960985970513,0.21957546169713,6.58246702598952e-11,0.0301466092807392,10.5087260359772,0.00163073621685784,0.995151236192236,0.567742797601682,0.37108542832662,0.816708454841973,56.5045478181222,99.0234289508914,177.751522015361,0.840239999999991,1.67175778546711
122,GA,500,1,0.115435766184651,3.94418598402665,4.64235150199378,5.19760658095589,0.0674056902674009,0.00657727631074845,0.0159582170284738,0.00657727631074845,0.113343416142512,0.0685203081287785,0.0159582170284738,0.0685203081287785,0.0495362723034005,34.3432649217616,0.00556368428538523,0.0362,0,0.0692,0.01,0.203136,0.0997904,0.023302,0.0063786,0,0.235996,3.8,0.00673868,0.37515,0.0888888888888889,0,0.00628146,1.382,0,0.0661112,0.477386,0.345761666483293,0,1.44,12.1,0.4995,2.19,5.0784,2.49476,0.58255,0.159465,21.0035842293907,5.8999,95,0.168467,9.37875,0.41875,2.91300251256281,0.1570365,34.55,0.154861111111111,1.65278,11.93465,0.663542620071984,1,1.07634891767139,9.38276304091702e-09,0.116487348386648,0.0244876574276575,0.751568016261907,0.192166178613732,0.207139157049824,0.0078874751716633,0.998266475789118,2.46591791511096,11.9507227091098,0.0487950524682405,0.763253992803582,0.195681099736635,7.90886848998875e-20,0.0651886506505701,3.50696279475404,6.3024511452031e-08,0.23169272278087,0.615783854127067,0.517903043309542,0.785102183241887,39.6432574443459,74.2678570141101,134.239678903065,0.840239999999991,1.67175778546711
122,GA,500,1,0.115435766184651,3.94418598402665,4.64235150199378,5.19760658095589,0.0674056902674009,0.00657727631074845,0.0159582170284738,0.00657727631074845,0.113343416142512,0.0685203081287785,0.0159582170284738,0.0685203081287785,0.0495362723034005,34.3432649217616,0.0356424317435233,0.0362,0,0.0692,0.01,0.203136,0.0997904,0.023302,0.0063786,0,0.235996,3.8,0.00673868,0.37515,0.0888888888888889,0,0.00628146,1.382,0,0.0661112,0.477386,0.345761666483293,0,1.44,12.1,0.4995,2.19,5.0784,2.49476,0.58255,0.159465,21.0035842293907,5.8999,95,0.168467,9.37875,0.41875,2.91300251256281,0.1570365,34.55,0.154861111111111,1.65278,11.93465,0.663542620071984,1,0.037761354590067,2.25972808424889,0.088234075098126,1.08322981141486,0.387630001463128,1.12395948825633,0.206610743288249,0.0140695033064265,1.32601343917181,0.668103263500146,14.926305971165,0.0560002377556855,0.704017130708027,0.176726349012996,6.7190889576178e-14,0.0314945320605595,1.74555154661108,2.13209485737777e-16,0.0995151236192236,1.34831091070241,0.355751752726122,0.816708454841973,30.9289824164988,113.971140369816,170.478340200322,0.840239999999991,1.67175778546711
122,GA,500,1,0.115435766184651,3.94418598402665,4.64235150199378,5.19760658095589,0.0674056902674009,0.00657727631074845,0.0159582170284738,0.00657727631074845,0.113343416142512,0.0685203081287785,0.0159582170284738,0.0685203081287785,0.0495362723034005,34.3432649217616,0.0904798143435172,0.0362,0,0.0692,0.01,0.203136,0.0997904,0.023302,0.0063786,0,0.235996,3.8,0.00673868,0.37515,0.0888888888888889,0,0.00628146,1.382,0,0.0661112,0.477386,0.345761666483293,0,1.44,12.1,0.4995,2.19,5.0784,2.49476,0.58255,0.159465,21.0035842293907,5.8999,95,0.168467,9.37875,0.41875,2.91300251256281,0.1570365,34.55,0.154861111111111,1.65278,11.93465,0.663542620071984,1,0.744467503747806,1.87155557796263e-13,0.193620688918548,0.0614791789657004,0.857047321773162,0.706228745631855,0.188363356589493,0.0438571782155651,4.36131697727161,4.58086460011602,46.7461529089356,0.03980139721935,1.40413972209212,0.112645176114433,1.0341579726964e-09,0.00768956438968787,7.17060294963519,9.72797905625576e-20,0.465313113222956,0.787485197301342,0.516084162380898,0.958933295004431,33.0120753787749,148.208748632726,187.567923428707,0.840239999999991,1.67175778546711
122,GA,500,1,0.115435766184651,3.94418598402665,4.64235150199378,5.19760658095589,0.0674056902674009,0.00657727631074845,0.0159582170284738,0.00657727631074845,0.113343416142512,0.0685203081287785,0.0159582170284738,0.0685203081287785,0.0495362723034005,34.3432649217616,0.0289051404328437,0.0362,0,0.0692,0.01,0.203136,0.0997904,0.023302,0.0063786,0,0.235996,3.8,0.00673868,0.37515,0.0888888888888889,0,0.00628146,1.382,0,0.0661112,0.477386,0.345761666483293,0,1.44,12.1,0.4995,2.19,5.0784,2.49476,0.58255,0.159465,21.0035842293907,5.8999,95,0.168467,9.37875,0.41875,2.91300251256281,0.1570365,34.55,0.154861111111111,1.65278,11.93465,0.663542620071984,1,0.037761354590067,2.11015958122419e-17,0.106675703561767,1.95004077256936,0.387630001463128,1.12395948825633,0.41732765724745,0.14687482971743,5.90790648835231,1.04379568744073,5.98824209110219,0.0526620969576673,1.15570663578898,0.112671916743538,4.65371225366025e-07,0.0134012083767732,6.13049498337991,0.0262250519838029,0.189665733937792,2.09251736849333,0.369146955385249,0.816708454841973,62.2918487431388,175.865826054358,277.62673968459,0.840239999999991,1.67175778546711
122,GA,500,1,0.115435766184651,3.94418598402665,4.64235150199378,5.19760658095589,0.0674056902674009,0.00657727631074845,0.0159582170284738,0.00657727631074845,0.113343416142512,0.0685203081287785,0.0159582170284738,0.0685203081287785,0.0495362723034005,34.3432649217616,0.0289051404328437,0.0362,0,0.0692,0.01,0.203136,0.0997904,0.023302,0.0063786,0,0.235996,3.8,0.00673868,0.37515,0.0888888888888889,0,0.00628146,1.382,0,0.0661112,0.477386,0.345761666483293,0,1.44,12.1,0.4995,2.19,5.0784,2.49476,0.58255,0.159465,21.0035842293907,5.8999,95,0.168467,9.37875,0.41875,2.91300251256281,0.1570365,34.55,0.154861111111111,1.65278,11.93465,0.663542620071984,1,0.037761354590067,2.11015958122419e-17,0.106675703561767,1.95004077256936,0.387630001463128,1.12395948825633,0.41732765724745,0.14687482971743,5.90790648835231,1.04379568744073,5.98824209110219,0.0526620969576673,1.15570663578898,0.112671916743538,4.65371225366025e-07,0.0134012083767732,6.13049498337991,0.0262250519838029,0.189665733937792,2.09251736849333,0.369146955385249,0.816708454841973,62.2918487431388,175.865826054358,277.62673968459,0.840239999999991,1.67175778546711
122,GA,500,0,0.115435766184651,3.94418598402665,4.64235150199378,5.19760658095589,0.0674056902674009,0.00657727631074845,0.0159582170284738,0.00657727631074845,0.113343416142512,0.0685203081287785,0.0159582170284738,0.0685203081287785,0.0495362723034005,34.3432649217616,0.00373915422034848,0.0362,0,0.0692,0.01,0.203136,0.0997904,0.023302,0.0063786,0,0.235996,3.8,0.00673868,0.37515,0.0888888888888889,0,0.00628146,1.382,0,0.0661112,0.477386,0.345761666483293,0,1.44,12.1,0.4995,2.19,5.0784,2.49476,0.58255,0.159465,21.0035842293907,5.8999,95,0.168467,9.37875,0.41875,2.91300251256281,0.1570365,34.55,0.154861111111111,1.65278,11.93465,0.663542620071984,1,1.41300731303447,8.10806660247839e-17,0.0806856003494298,0.713253352272425,0.812042234127727,0.877964643016063,0.425481816242972,0.0897190927538993,10.8926309164505,4.58086460011602,41.3221113232482,0.03980139721935,2.65320590739658,0.103965732419224,9.24651567738417e-19,0.03622826925318,15.4309180351339,4.23135354067356e-05,1.29606487869952,3.36791779424044,0.523739453563302,0.958933295004431,50.261244139679,224.242168472308,284.10667389011,0.840239999999991,1.67175778546711
122,GA,500,0,0.115435766184651,3.94418598402665,4.64235150199378,5.19760658095589,0.0674056902674009,0.00657727631074845,0.0159582170284738,0.00657727631074845,0.113343416142512,0.0685203081287785,0.0159582170284738,0.0685203081287785,0.0495362723034005,34.3432649217616,0.006723769501916,0.0362,0,0.0692,0.01,0.203136,0.0997904,0.023302,0.0063786,0,0.235996,3.8,0.00673868,0.37515,0.0888888888888889,0,0.00628146,1.382,0,0.0661112,0.477386,0.345761666483293,0,1.44,12.1,0.4995,2.19,5.0784,2.49476,0.58255,0.159465,21.0035842293907,5.8999,95,0.168467,9.37875,0.41875,2.91300251256281,0.1570365,34.55,0.154861111111111,1.65278,11.93465,0.663542620071984,1,0.433194100463836,4.47351539916501e-10,0.0985908471277979,0.02789939474312,0.484777459181534,0.882600469421692,0.0765947091596555,0.0182177042265205,7.15213833552313,1.10872920168068,16.0670850933887,0.0328469418374262,1.97214490631477,0.112645176114433,0.000906916338668913,0.0588399772538822,7.07573438608025,9.44481353917248e-12,0.468223357555741,1.3464119620812,0.425376434642763,0.958933295004431,39.6170680791002,150.82983865823,196.906255391689,0.840239999999991,1.67175778546711
122,GA,500,1,0.115435766184651,3.94418598402665,4.64235150199378,5.19760658095589,0.0674056902674009,0.00657727631074845,0.0159582170284738,0.00657727631074845,0.113343416142512,0.0685203081287785,0.0159582170284738,0.0685203081287785,0.0495362723034005,34.3432649217616,0.0100462601187283,0.0362,0,0.0692,0.01,0.203136,0.0997904,0.023302,0.0063786,0,0.235996,3.8,0.00673868,0.37515,0.0888888888888889,0,0.00628146,1.382,0,0.0661112,0.477386,0.345761666483293,0,1.44,12.1,0.4995,2.19,5.0784,2.49476,0.58255,0.159465,21.0035842293907,5.8999,95,0.168467,9.37875,0.41875,2.91300251256281,0.1570365,34.55,0.154861111111111,1.65278,11.93465,0.663542620071984,1,1.41300731303447,3.80772740021238e-19,0.319039547719435,0.131657833636732,0.463888089386661,1.12395948825633,0.41732765724745,0.0123453301286962,2.78177300927238,4.58086460011602,16.942540576199,0.03980139721935,1.84974606996705,0.171595256511933,0.00441806033405704,0.00768956438968787,10.5087260359772,9.72797905625576e-20,0.189665733937792,10.7125137653379,0.516084162380898,0.958933295004431,49.4695886015929,77.7096349106876,130.507169959458,0.840239999999991,1.67175778546711
122,GA,500,1,0.115435766184651,3.94418598402665,4.64235150199378,5.19760658095589,0.0674056902674009,0.00657727631074845,0.0159582170284738,0.00657727631074845,0.113343416142512,0.0685203081287785,0.0159582170284738,0.0685203081287785,0.0495362723034005,34.3432649217616,0.0775358287061547,0.0362,0,0.0692,0.01,0.203136,0.0997904,0.023302,0.0063786,0,0.235996,3.8,0.00673868,0.37515,0.0888888888888889,0,0.00628146,1.382,0,0.0661112,0.477386,0.345761666483293,0,1.44,12.1,0.4995,2.19,5.0784,2.49476,0.58255,0.159465,21.0035842293907,5.8999,95,0.168467,9.37875,0.41875,2.91300251256281,0.1570365,34.55,0.154861111111111,1.65278,11.93465,0.663542620071984,1,1.02498647206923,8.87657026035909e-14,0.390952463826241,0.0222245668912946,0.45344844691209,2.43768352618124,0.437382911035942,0.0390413280861195,13.948567448335,1.82143759562493,29.2185066946688,0.0135652690038085,1.25173636143628,0.110816348482218,4.964938377005e-10,0.00768956438968787,5.06121960051148,2.50707719959173e-06,0.777895549221929,0.785369048313896,0.44980279163537,0.958933295004431,38.6095232226676,169.433303905346,215.298876682403,0.840239999999991,1.67175778546711
122,GA,500,0,0.115435766184651,3.94418598402665,4.64235150199378,5.19760658095589,0.0674056902674009,0.00657727631074845,0.0159582170284738,0.00657727631074845,0.113343416142512,0.0685203081287785,0.0159582170284738,0.0685203081287785,0.0495362723034005,34.3432649217616,0.00405999946585089,0.0362,0,0.0692,0.01,0.203136,0.0997904,0.023302,0.0063786,0,0.235996,3.8,0.00673868,0.37515,0.0888888888888889,0,0.00628146,1.382,0,0.0661112,0.477386,0.345761666483293,0,1.44,12.1,0.4995,2.19,5.0784,2.49476,0.58255,0.159465,21.0035842293907,5.8999,95,0.168467,9.37875,0.41875,2.91300251256281,0.1570365,34.55,0.154861111111111,1.65278,11.93465,0.663542620071984,1,0.037761354590067,3.50013679521304e-05,0.33554204560074,0.0630541924613238,0.387630001463128,0.26764261419722,0.417867660662039,0.116941370040857,0.452864709860439,5.24119219651706,6.20623180294483,0.0176720691629242,3.88552556880721,0.21957546169713,0.000358308029670742,0.134589441100373,8.47494283828582,0.0262250519838029,0.995151236192236,8.61789905600272,0.355751752726122,0.816708454841973,36.8892459773658,70.1295720283347,122.757797493591,0.840239999999991,1.67175778546711
122,GA,500,1,0.115435766184651,3.94418598402665,4.64235150199378,5.19760658095589,0.0674056902674009,0.00657727631074845,0.0159582170284738,0.00657727631074845,0.113343416142512,0.0685203081287785,0.0159582170284738,0.0685203081287785,0.0495362723034005,34.3432649217616,0.0288955420849358,0.0362,0,0.0692,0.01,0.203136,0.0997904,0.023302,0.0063786,0,0.235996,3.8,0.00673868,0.37515,0.0888888888888889,0,0.00628146,1.382,0,0.0661112,0.477386,0.345761666483293,0,1.44,12.1,0.4995,2.19,5.0784,2.49476,0.58255,0.159465,21.0035842293907,5.8999,95,0.168467,9.37875,0.41875,2.91300251256281,0.1570365,34.55,0.154861111111111,1.65278,11.93465,0.663542620071984,1,0.267973582756084,1.01575353823747e-10,0.379716216609904,0.713253352272425,1.14934849028098,0.877964643016063,0.37644961902334,0.0577263879409969,10.8926309164505,3.55390927023668,9.17325168994967,0.03980139721935,5.13153400797091,0.264282008785214,0.809494118959263,0.0452013759180829,15.4309180351339,4.23135354067356e-05,1.29606487869952,3.36791779424044,0.612419483874119,0.958933295004431,46.749586201555,83.53270047771,133.859608257181,0.840239999999991,1.67175778546711
122,GA,500,1,0.115435766184651,3.94418598402665,4.64235150199378,5.19760658095589,0.0674056902674009,0.00657727631074845,0.0159582170284738,0.00657727631074845,0.113343416142512,0.0685203081287785,0.0159582170284738,0.0685203081287785,0.0495362723034005,34.3432649217616,0.0288955420849358,0.0362,0,0.0692,0.01,0.203136,0.0997904,0.023302,0.0063786,0,0.235996,3.8,0.00673868,0.37515,0.0888888888888889,0,0.00628146,1.382,0,0.0661112,0.477386,0.345761666483293,0,1.44,12.1,0.4995,2.19,5.0784,2.49476,0.58255,0.159465,21.0035842293907,5.8999,95,0.168467,9.37875,0.41875,2.91300251256281,0.1570365,34.55,0.154861111111111,1.65278,11.93465,0.663542620071984,1,0.267973582756084,1.01575353823747e-10,0.379716216609904,0.713253352272425,1.14934849028098,0.877964643016063,0.37644961902334,0.0577263879409969,10.8926309164505,3.55390927023668,9.17325168994967,0.03980139721935,5.13153400797091,0.264282008785214,0.809494118959263,0.0452013759180829,15.4309180351339,4.23135354067356e-05,1.29606487869952,3.36791779424044,0.612419483874119,0.958933295004431,46.749586201555,83.53270047771,133.859608257181,0.840239999999991,1.67175778546711
122,GA,500,1,0.115435766184651,3.94418598402665,4.64235150199378,5.19760658095589,0.0674056902674009,0.00657727631074845,0.0159582170284738,0.00657727631074845,0.113343416142512,0.0685203081287785,0.0159582170284738,0.0685203081287785,0.0495362723034005,34.3432649217616,0.00480185402159015,0.0362,0,0.0692,0.01,0.203136,0.0997904,0.023302,0.0063786,0,0.235996,3.8,0.00673868,0.37515,0.0888888888888889,0,0.00628146,1.382,0,0.0661112,0.477386,0.345761666483293,0,1.44,12.1,0.4995,2.19,5.0784,2.49476,0.58255,0.159465,21.0035842293907,5.8999,95,0.168467,9.37875,0.41875,2.91300251256281,0.1570365,34.55,0.154861111111111,1.65278,11.93465,0.663542620071984,1,0.037761354590067,1.37299261608059e-14,0.106675703561767,1.08322981141486,0.374289070832957,1.12395948825633,0.49197397476715,0.0811289049218722,1.32601343917181,0.512485638195356,14.926305971165,0.0648923444862926,4.41960985970513,0.21957546169713,6.58246702598952e-11,0.0134012083767732,10.5087260359772,0.0262250519838029,0.0672498050960735,2.09251736849333,0.574096774166235,0.816708454841973,53.2582599608008,57.1198876496307,123.197400802294,0.840239999999991,1.67175778546711
122,GA,500,1,0.115435766184651,3.94418598402665,4.64235150199378,5.19760658095589,0.0674056902674009,0.00657727631074845,0.0159582170284738,0.00657727631074845,0.113343416142512,0.0685203081287785,0.0159582170284738,0.0685203081287785,0.0495362723034005,34.3432649217616,0.0377877649401196,0.0362,0,0.0692,0.01,0.203136,0.0997904,0.023302,0.0063786,0,0.235996,3.8,0.00673868,0.37515,0.0888888888888889,0,0.00628146,1.382,0,0.0661112,0.477386,0.345761666483293,0,1.44,12.1,0.4995,2.19,5.0784,2.49476,0.58255,0.159465,21.0035842293907,5.8999,95,0.168467,9.37875,0.41875,2.91300251256281,0.1570365,34.55,0.154861111111111,1.65278,11.93465,0.663542620071984,1,0.0511071195324601,6.85490059604685e-09,0.379716216609904,0.84745896001386,0.387630001463128,1.12395948825633,0.49197397476715,0.0897190927538993,0.833300095514468,5.2512445221487,12.9498568945179,0.03980139721935,4.41960985970513,0.21957546169713,3.81234982264063e-15,0.0175322492207075,10.5087260359772,3.97448770837526e-17,0.995151236192236,3.36791779424044,0.574096774166235,0.958933295004431,39.5666232361698,112.349424278532,156.727456908144,0.840239999999991,1.67175778546711
122,GA,500,1,0.115435766184651,3.94418598402665,4.64235150199378,5.19760658095589,0.0674056902674009,0.00657727631074845,0.0159582170284738,0.00657727631074845,0.113343416142512,0.0685203081287785,0.0159582170284738,0.0685203081287785,0.0495362723034005,34.3432649217616,0.0223909868518827,0.0362,0,0.0692,0.01,0.203136,0.0997904,0.023302,0.0063786,0,0.235996,3.8,0.00673868,0.37515,0.0888888888888889,0,0.00628146,1.382,0,0.0661112,0.477386,0.345761666483293,0,1.44,12.1,0.4995,2.19,5.0784,2.49476,0.58255,0.159465,21.0035842293907,5.8999,95,0.168467,9.37875,0.41875,2.91300251256281,0.1570365,34.55,0.154861111111111,1.65278,11.93465,0.663542620071984,1,0.325032270570951,1.53786561839801e-15,0.161178826014607,0.115024333376034,2.22591859827243,0.877964643016063,0.437382911035942,0.0897190927538993,10.8926309164505,5.72752345947607,36.7058281819495,0.03980139721935,0.44766706691176,0.233843271078265,2.79748765035835e-15,0.00831445859145277,15.4309180351339,5.79942412775043e-05,1.29606487869952,3.36791779424044,0.416258136097572,0.958933295004431,55.4618866504767,59.4013568371373,117.407130544488,0.840239999999991,1.67175778546711
122,GA,500,1,0.115435766184651,3.94418598402665,4.64235150199378,5.19760658095589,0.0674056902674009,0.00657727631074845,0.0159582170284738,0.00657727631074845,0.113343416142512,0.0685203081287785,0.0159582170284738,0.0685203081287785,0.0495362723034005,34.3432649217616,0.0374531166579679,0.0362,0,0.0692,0.01,0.203136,0.0997904,0.023302,0.0063786,0,0.235996,3.8,0.00673868,0.37515,0.0888888888888889,0,0.00628146,1.382,0,0.0661112,0.477386,0.345761666483293,0,1.44,12.1,0.4995,2.19,5.0784,2.49476,0.58255,0.159465,21.0035842293907,5.8999,95,0.168467,9.37875,0.41875,2.91300251256281,0.1570365,34.55,0.154861111111111,1.65278,11.93465,0.663542620071984,1,0.098826993712629,3.61600277846288e-07,0.102310749580713,1.08322981141486,0.387630001463128,0.907940817336472,0.108841377854299,0.0118771906744514,2.12274319735741,0.73696662959153,4.48230758670022,0.0277355553288218,4.22781006338089,0.12647110200761,0.0126020088799756,0.0134012083767732,9.24267944991553,0.0637785555940518,0.989112365061969,1.2148857611348,0.369146955385249,0.758511957981166,38.5616238133783,147.432035279227,232.931710834324,0.840239999999991,1.67175778546711
122,GA,500,1,0.115435766184651,3.94418598402665,4.64235150199378,5.19760658095589,0.0674056902674009,0.00657727631074845,0.0159582170284738,0.00657727631074845,0.113343416142512,0.0685203081287785,0.0159582170284738,0.0685203081287785,0.0495362723034005,34.3432649217616,0.0893530125654516,0.0362,0,0.0692,0.01,0.203136,0.0997904,0.023302,0.0063786,0,0.235996,3.8,0.00673868,0.37515,0.0888888888888889,0,0.00628146,1.382,0,0.0661112,0.477386,0.345761666483293,0,1.44,12.1,0.4995,2.19,5.0784,2.49476,0.58255,0.159465,21.0035842293907,5.8999,95,0.168467,9.37875,0.41875,2.91300251256281,0.1570365,34.55,0.154861111111111,1.65278,11.93465,0.663542620071984,1,0.0363479111087168,3.50013679521304e-05,0.226315552068728,1.8273989379559,0.366789837130859,0.107871700562823,0.505043122688498,0.0226457344846091,0.452864709860439,2.32693764616875,37.9379897498245,0.030968733018311,5.55378800517113,0.155199047463611,1.7920241847863e-13,0.134589441100373,19.5365079178406,1.57324950902455e-09,0.107378983348375,3.05310857923208,0.424928121426774,0.668745151801258,55.5108258758315,66.3912292952988,154.788150154706,0.840239999999991,1.67175778546711
122,GA,500,1,0.115435766184651,3.94418598402665,4.64235150199378,5.19760658095589,0.0674056902674009,0.00657727631074845,0.0159582170284738,0.00657727631074845,0.113343416142512,0.0685203081287785,0.0159582170284738,0.0685203081287785,0.0495362723034005,34.3432649217616,0.147084928286984,0.0362,0,0.0692,0.01,0.203136,0.0997904,0.023302,0.0063786,0,0.235996,3.8,0.00673868,0.37515,0.0888888888888889,0,0.00628146,1.382,0,0.0661112,0.477386,0.345761666483293,0,1.44,12.1,0.4995,2.19,5.0784,2.49476,0.58255,0.159465,21.0035842293907,5.8999,95,0.168467,9.37875,0.41875,2.91300251256281,0.1570365,34.55,0.154861111111111,1.65278,11.93465,0.663542620071984,1,1.30675423337098,8.25858541745726e-07,0.335996138903019,1.39972485971381,0.537354415707005,0.551785371879522,0.49197397476715,0.0897190927538993,10.2132872866799,3.21966370052361,19.5376739892254,0.0506118819857661,0.420537422599128,0.112645176114433,0.000256188222093984,0.00768956438968787,15.4309180351339,1.49140727318104e-16,0.281706901617915,11.6120486010083,0.459244421647998,0.958933295004431,73.0125203354146,227.83514949465,310.604801969141,0.840239999999991,1.67175778546711
122,GA,500,1,0.115435766184651,3.94418598402665,4.64235150199378,5.19760658095589,0.0674056902674009,0.00657727631074845,0.0159582170284738,0.00657727631074845,0.113343416142512,0.0685203081287785,0.0159582170284738,0.0685203081287785,0.0495362723034005,34.3432649217616,0.0359416023338377,0.0362,0,0.0692,0.01,0.203136,0.0997904,0.023302,0.0063786,0,0.235996,3.8,0.00673868,0.37515,0.0888888888888889,0,0.00628146,1.382,0,0.0661112,0.477386,0.345761666483293,0,1.44,12.1,0.4995,2.19,5.0784,2.49476,0.58255,0.159465,21.0035842293907,5.8999,95,0.168467,9.37875,0.41875,2.91300251256281,0.1570365,34.55,0.154861111111111,1.65278,11.93465,0.663542620071984,1,0.037761354590067,1.37299261608059e-14,0.261622024892122,1.08322981141486,0.387630001463128,1.12395948825633,0.41732765724745,0.0396167975656384,1.32601343917181,1.04379568744073,5.98824209110219,0.0543127778898188,5.74951642081302,0.112671916743538,2.91413715221484e-07,0.0134012083767732,19.4665839831213,1.57719450320267e-18,0.189665733937792,0.864192645497394,0.369146955385249,0.816708454841973,69.7089492193262,64.840800014084,149.101784728333,0.840239999999991,1.67175778546711
122,GA,500,1,0.115435766184651,3.94418598402665,4.64235150199378,5.19760658095589,0.0674056902674009,0.00657727631074845,0.0159582170284738,0.00657727631074845,0.113343416142512,0.0685203081287785,0.0159582170284738,0.0685203081287785,0.0495362723034005,34.3432649217616,0.0605086037164295,0.0362,0,0.0692,0.01,0.203136,0.0997904,0.023302,0.0063786,0,0.235996,3.8,0.00673868,0.37515,0.0888888888888889,0,0.00628146,1.382,0,0.0661112,0.477386,0.345761666483293,0,1.44,12.1,0.4995,2.19,5.0784,2.49476,0.58255,0.159465,21.0035842293907,5.8999,95,0.168467,9.37875,0.41875,2.91300251256281,0.1570365,34.55,0.154861111111111,1.65278,11.93465,0.663542620071984,1,1.35605609496206,6.85490059604685e-08,0.379716216609904,0.403940347586626,0.346722442424389,0.877964643016063,0.41732765724745,0.00899082012244119,10.8926309164505,3.00857935987627,12.9498568945179,0.0510413062487021,0.952210213392367,0.112645176114433,0.809494118959263,0.0640855132126961,15.4309180351339,3.97448770837526e-17,0.129606487869952,3.36791779424044,0.369146955385249,0.958933295004431,72.4810410571066,71.8780017325711,147.437247194718,0.840239999999991,1.67175778546711
122,GA,500,1,0.115435766184651,3.94418598402665,4.64235150199378,5.19760658095589,0.0674056902674009,0.00657727631074845,0.0159582170284738,0.00657727631074845,0.113343416142512,0.0685203081287785,0.0159582170284738,0.0685203081287785,0.0495362723034005,34.3432649217616,0.0193002005537176,0.0362,0,0.0692,0.01,0.203136,0.0997904,0.023302,0.0063786,0,0.235996,3.8,0.00673868,0.37515,0.0888888888888889,0,0.00628146,1.382,0,0.0661112,0.477386,0.345761666483293,0,1.44,12.1,0.4995,2.19,5.0784,2.49476,0.58255,0.159465,21.0035842293907,5.8999,95,0.168467,9.37875,0.41875,2.91300251256281,0.1570365,34.55,0.154861111111111,1.65278,11.93465,0.663542620071984,1,0.267973582756084,1.01575353823747e-10,0.379716216609904,0.713253352272425,1.14934849028098,0.877964643016063,0.37644961902334,0.0577263879409969,1.08926309164505,3.55390927023668,9.17325168994967,0.03980139721935,5.13153400797091,0.264282008785214,0.809494118959263,0.0452013759180829,15.4309180351339,4.23135354067356e-05,1.29606487869952,3.36791779424044,0.612419483874119,0.958933295004431,45.746164983273,78.251280209261,127.348587818012,0.840239999999991,1.67175778546711
122,GA,500,1,0.115435766184651,3.94418598402665,4.64235150199378,5.19760658095589,0.0674056902674009,0.00657727631074845,0.0159582170284738,0.00657727631074845,0.113343416142512,0.0685203081287785,0.0159582170284738,0.0685203081287785,0.0495362723034005,34.3432649217616,0.0266619199566335,0.0362,0,0.0692,0.01,0.203136,0.0997904,0.023302,0.0063786,0,0.235996,3.8,0.00673868,0.37515,0.0888888888888889,0,0.00628146,1.382,0,0.0661112,0.477386,0.345761666483293,0,1.44,12.1,0.4995,2.19,5.0784,2.49476,0.58255,0.159465,21.0035842293907,5.8999,95,0.168467,9.37875,0.41875,2.91300251256281,0.1570365,34.55,0.154861111111111,1.65278,11.93465,0.663542620071984,1,0.433194100463836,6.85490059604685e-08,0.106675703561767,1.08322981141486,0.374289070832957,1.6987294987839,0.49197397476715,0.0182177042265205,3.27346768517959,4.58086460011602,12.9498568945179,0.0168368221923206,4.41960985970513,0.21957546169713,0.000906916338668913,0.048471069776101,15.4309180351339,3.13356372407745e-13,0.835924390746135,4.09456305560179,0.574096774166235,0.958933295004431,47.9220700931885,91.2485928845798,143.078420759017,0.840239999999991,1.67175778546711
122,GA,500,1,0.115435766184651,3.94418598402665,4.64235150199378,5.19760658095589,0.0674056902674009,0.00657727631074845,0.0159582170284738,0.00657727631074845,0.113343416142512,0.0685203081287785,0.0159582170284738,0.0685203081287785,0.0495362723034005,34.3432649217616,0.310123591248342,0.0362,0,0.0692,0.01,0.203136,0.0997904,0.023302,0.0063786,0,0.235996,3.8,0.00673868,0.37515,0.0888888888888889,0,0.00628146,1.382,0,0.0661112,0.477386,0.345761666483293,0,1.44,12.1,0.4995,2.19,5.0784,2.49476,0.58255,0.159465,21.0035842293907,5.8999,95,0.168467,9.37875,0.41875,2.91300251256281,0.1570365,34.55,0.154861111111111,1.65278,11.93465,0.663542620071984,1,0.112908577399048,2.11015958122419e-18,0.319039547719435,1.95004077256936,2.29204562370403,1.27935837408454,0.437382911035942,0.0151141930675403,2.92054985141632,0.938599171981223,12.9498568945179,0.129308084805167,1.15570663578898,0.368925799606527,4.80099397744763e-15,0.0614831038734513,11.1704788603712,1.01601974419982e-07,0.608952758863048,10.2167556204979,0.566236563537123,0.958933295004431,91.5116277061322,80.8225026419337,175.795386610927,0.840239999999991,1.67175778546711
122,GA,500,1,0.115435766184651,3.94418598402665,4.64235150199378,5.19760658095589,0.0674056902674009,0.00657727631074845,0.0159582170284738,0.00657727631074845,0.113343416142512,0.0685203081287785,0.0159582170284738,0.0685203081287785,0.0495362723034005,34.3432649217616,0.0361183691683888,0.0362,0,0.0692,0.01,0.203136,0.0997904,0.023302,0.0063786,0,0.235996,3.8,0.00673868,0.37515,0.0888888888888889,0,0.00628146,1.382,0,0.0661112,0.477386,0.345761666483293,0,1.44,12.1,0.4995,2.19,5.0784,2.49476,0.58255,0.159465,21.0035842293907,5.8999,95,0.168467,9.37875,0.41875,2.91300251256281,0.1570365,34.55,0.154861111111111,1.65278,11.93465,0.663542620071984,1,0.227247450544863,1.37299261608059e-14,0.106675703561767,1.01980242842927,0.37535318877095,1.12395948825633,0.49197397476715,0.0536766601051845,1.32601343917181,0.512485638195356,14.926305971165,0.0648923444862926,4.41960985970513,0.21957546169713,6.58246702598952e-11,0.04558008001914,10.5087260359772,8.80527707472228e-19,0.407822343390313,3.97809753634037,0.42448203057904,0.816708454841973,57.9650843858769,56.8973221124786,127.631709942591,0.840239999999991,1.67175778546711
122,GA,500,1,0.115435766184651,3.94418598402665,4.64235150199378,5.19760658095589,0.0674056902674009,0.00657727631074845,0.0159582170284738,0.00657727631074845,0.113343416142512,0.0685203081287785,0.0159582170284738,0.0685203081287785,0.0495362723034005,34.3432649217616,0.064930073147839,0.0362,0,0.0692,0.01,0.203136,0.0997904,0.023302,0.0063786,0,0.235996,3.8,0.00673868,0.37515,0.0888888888888889,0,0.00628146,1.382,0,0.0661112,0.477386,0.345761666483293,0,1.44,12.1,0.4995,2.19,5.0784,2.49476,0.58255,0.159465,21.0035842293907,5.8999,95,0.168467,9.37875,0.41875,2.91300251256281,0.1570365,34.55,0.154861111111111,1.65278,11.93465,0.663542620071984,1,0.861588688917038,0.000208919674018597,0.170498883894179,1.63276703201205,0.299418142315606,0.877964643016063,0.437382911035942,0.0897190927538993,8.88237861900558,5.72752345947607,42.8900603557831,0.0477671558432846,0.756345311612749,0.110140417546348,3.84994357811769e-12,0.0831445859145277,15.4309180351339,3.20590039456349e-17,0.200236077171937,3.36791779424044,0.416258136097572,0.958933295004431,60.9176549985132,233.028934437471,303.926147509344,0.840239999999991,1.67175778546711
122,GA,500,1,0.115435766184651,3.94418598402665,4.64235150199378,5.19760658095589,0.0674056902674009,0.00657727631074845,0.0159582170284738,0.00657727631074845,0.113343416142512,0.0685203081287785,0.0159582170284738,0.0685203081287785,0.0495362723034005,34.3432649217616,0.0251656736613233,0.0362,0,0.0692,0.01,0.203136,0.0997904,0.023302,0.0063786,0,0.235996,3.8,0.00673868,0.37515,0.0888888888888889,0,0.00628146,1.382,0,0.0661112,0.477386,0.345761666483293,0,1.44,12.1,0.4995,2.19,5.0784,2.49476,0.58255,0.159465,21.0035842293907,5.8999,95,0.168467,9.37875,0.41875,2.91300251256281,0.1570365,34.55,0.154861111111111,1.65278,11.93465,0.663542620071984,1,0.110009216764678,6.85490059604685e-08,0.252372044785375,0.787269396654539,0.656049462715907,0.256396264919394,0.437382911035942,0.0209469764528217,10.8926309164505,0.74828358169894,30.4910174344586,0.0196749602997088,1.08998547699224,0.112645176114433,0.0271162738034706,0.0167375820314696,3.25206483882638,3.34439611245802e-18,0.232924860079294,1.99235128396978,0.358524397110838,0.958933295004431,44.4954124070936,70.4612073100846,117.974149329831,0.840239999999991,1.67175778546711
122,GA,500,0,0.115435766184651,3.94418598402665,4.64235150199378,5.19760658095589,0.0674056902674009,0.00657727631074845,0.0159582170284738,0.00657727631074845,0.113343416142512,0.0685203081287785,0.0159582170284738,0.0685203081287785,0.0495362723034005,34.3432649217616,0.00164617604900626,0.0362,0,0.0692,0.01,0.203136,0.0997904,0.023302,0.0063786,0,0.235996,3.8,0.00673868,0.37515,0.0888888888888889,0,0.00628146,1.382,0,0.0661112,0.477386,0.345761666483293,0,1.44,12.1,0.4995,2.19,5.0784,2.49476,0.58255,0.159465,21.0035842293907,5.8999,95,0.168467,9.37875,0.41875,2.91300251256281,0.1570365,34.55,0.154861111111111,1.65278,11.93465,0.663542620071984,1,0.287863162330782,4.24768382833096e-15,0.187927874033532,0.84745896001386,0.387630001463128,1.12395948825633,0.49197397476715,0.116941370040857,6.0729948551954,5.72752345947607,14.926305971165,0.070392396599646,4.41960985970513,0.33351382135523,3.81234982264063e-15,0.0831445859145277,11.7048172577826,2.76051304339214e-16,0.995151236192236,2.45621530672174,0.484755499573509,0.816708454841973,34.518114722546,81.0055516496217,133.703510893442,0.840239999999991,1.67175778546711
122,GA,500,0,0.115435766184651,3.94418598402665,4.64235150199378,5.19760658095589,0.0674056902674009,0.00657727631074845,0.0159582170284738,0.00657727631074845,0.113343416142512,0.0685203081287785,0.0159582170284738,0.0685203081287785,0.0495362723034005,34.3432649217616,0.0113779751559771,0.0362,0,0.0692,0.01,0.203136,0.0997904,0.023302,0.0063786,0,0.235996,3.8,0.00673868,0.37515,0.0888888888888889,0,0.00628146,1.382,0,0.0661112,0.477386,0.345761666483293,0,1.44,12.1,0.4995,2.19,5.0784,2.49476,0.58255,0.159465,21.0035842293907,5.8999,95,0.168467,9.37875,0.41875,2.91300251256281,0.1570365,34.55,0.154861111111111,1.65278,11.93465,0.663542620071984,1,0.037761354590067,4.47351539916501e-09,0.379716216609904,1.39972485971381,0.546210626633476,1.77255550098967,0.437382911035942,0.116941370040857,10.8926309164505,4.58086460011602,12.9498568945179,0.0277355553288218,0.952210213392367,0.145032067742465,0.809494118959263,0.0286726329341234,8.47494283828582,3.97448770837526e-17,0.995151236192236,8.61789905600272,0.355751752726122,0.816708454841973,45.062198682609,207.24220191919,298.815175880928,0.840239999999991,1.67175778546711
122,GA,500,1,0.115435766184651,3.94418598402665,4.64235150199378,5.19760658095589,0.0674056902674009,0.00657727631074845,0.0159582170284738,0.00657727631074845,0.113343416142512,0.0685203081287785,0.0159582170284738,0.0685203081287785,0.0495362723034005,34.3432649217616,0.0604048869518989,0.0362,0,0.0692,0.01,0.203136,0.0997904,0.023302,0.0063786,0,0.235996,3.8,0.00673868,0.37515,0.0888888888888889,0,0.00628146,1.382,0,0.0661112,0.477386,0.345761666483293,0,1.44,12.1,0.4995,2.19,5.0784,2.49476,0.58255,0.159465,21.0035842293907,5.8999,95,0.168467,9.37875,0.41875,2.91300251256281,0.1570365,34.55,0.154861111111111,1.65278,11.93465,0.663542620071984,1,0.508871063422381,7.2493608402609e-11,0.102171066598616,0.013204287405372,0.387630001463128,1.12395948825633,0.49197397476715,0.116941370040857,3.27346768517959,1.04379568744073,25.4442697678591,0.0367623215560257,4.41960985970513,0.21957546169713,6.58246702598952e-11,0.0286726329341234,10.5087260359772,9.44481353917248e-12,0.468223357555741,8.61789905600272,0.355751752726122,0.816708454841973,65.3462447354046,60.0371403474692,138.857348963028,0.840239999999991,1.67175778546711
122,GA,500,0,0.115435766184651,3.94418598402665,4.64235150199378,5.19760658095589,0.0674056902674009,0.00657727631074845,0.0159582170284738,0.00657727631074845,0.113343416142512,0.0685203081287785,0.0159582170284738,0.0685203081287785,0.0495362723034005,34.3432649217616,0.00995138239586755,0.0362,0,0.0692,0.01,0.203136,0.0997904,0.023302,0.0063786,0,0.235996,3.8,0.00673868,0.37515,0.0888888888888889,0,0.00628146,1.382,0,0.0661112,0.477386,0.345761666483293,0,1.44,12.1,0.4995,2.19,5.0784,2.49476,0.58255,0.159465,21.0035842293907,5.8999,95,0.168467,9.37875,0.41875,2.91300251256281,0.1570365,34.55,0.154861111111111,1.65278,11.93465,0.663542620071984,1,0.0511071195324601,0.125783288239609,0.0719554922018008,0.84745896001386,0.387630001463128,0.381454832316643,0.217097568982365,0.0582552351938185,1.86412874473012,0.949739540455731,14.926305971165,0.0192763124463403,4.41960985970513,0.21957546169713,0.109181512313709,0.079657409189384,10.5087260359772,0.00132390400816407,0.131666285412128,8.01624434987282,0.574096774166235,0.816708454841973,41.9734800306344,203.347956646319,290.958237615476,0.840239999999991,1.67175778546711
122,GA,500,1,0.115435766184651,3.94418598402665,4.64235150199378,5.19760658095589,0.0674056902674009,0.00657727631074845,0.0159582170284738,0.00657727631074845,0.113343416142512,0.0685203081287785,0.0159582170284738,0.0685203081287785,0.0495362723034005,34.3432649217616,0.0315804129780004,0.0362,0,0.0692,0.01,0.203136,0.0997904,0.023302,0.0063786,0,0.235996,3.8,0.00673868,0.37515,0.0888888888888889,0,0.00628146,1.382,0,0.0661112,0.477386,0.345761666483293,0,1.44,12.1,0.4995,2.19,5.0784,2.49476,0.58255,0.159465,21.0035842293907,5.8999,95,0.168467,9.37875,0.41875,2.91300251256281,0.1570365,34.55,0.154861111111111,1.65278,11.93465,0.663542620071984,1,0.0681145351611926,3.46007506944212e-06,0.357402983650315,0.84745896001386,0.387630001463128,2.31950468009018,0.49197397476715,0.156071794890927,0.833300095514468,5.2512445221487,14.926305971165,0.0500290434798265,6.53453504282856,0.21957546169713,1.37778957092894e-10,0.0934050368228294,10.5087260359772,0.0262250519838029,0.995151236192236,0.941009277706246,0.376219334437261,0.816708454841973,30.1896320562672,106.367476115077,160.428856940572,0.840239999999991,1.67175778546711
122,GA,500,1,0.115435766184651,3.94418598402665,4.64235150199378,5.19760658095589,0.0674056902674009,0.00657727631074845,0.0159582170284738,0.00657727631074845,0.113343416142512,0.0685203081287785,0.0159582170284738,0.0685203081287785,0.0495362723034005,34.3432649217616,0.0460808005336057,0.0362,0,0.0692,0.01,0.203136,0.0997904,0.023302,0.0063786,0,0.235996,3.8,0.00673868,0.37515,0.0888888888888889,0,0.00628146,1.382,0,0.0661112,0.477386,0.345761666483293,0,1.44,12.1,0.4995,2.19,5.0784,2.49476,0.58255,0.159465,21.0035842293907,5.8999,95,0.168467,9.37875,0.41875,2.91300251256281,0.1570365,34.55,0.154861111111111,1.65278,11.93465,0.663542620071984,1,0.363479111087168,7.8797032785288e-14,0.33554204560074,1.08322981141486,0.387630001463128,0.810030563541647,0.49197397476715,0.0330128057569825,4.52864709860439,5.72752345947607,36.7058281819495,0.0506118819857661,2.43672902144462,0.217093855578571,0.0125440359807552,0.0831445859145277,12.0892318522764,9.79042796298462e-10,0.77677538638401,2.45621530672174,0.413434118629368,0.668745151801258,44.623750360386,55.157503961179,127.102858900632,0.840239999999991,1.67175778546711
122,GA,500,1,0.115435766184651,3.94418598402665,4.64235150199378,5.19760658095589,0.0674056902674009,0.00657727631074845,0.0159582170284738,0.00657727631074845,0.113343416142512,0.0685203081287785,0.0159582170284738,0.0685203081287785,0.0495362723034005,34.3432649217616,0.0157281285273075,0.0362,0,0.0692,0.01,0.203136,0.0997904,0.023302,0.0063786,0,0.235996,3.8,0.00673868,0.37515,0.0888888888888889,0,0.00628146,1.382,0,0.0661112,0.477386,0.345761666483293,0,1.44,12.1,0.4995,2.19,5.0784,2.49476,0.58255,0.159465,21.0035842293907,5.8999,95,0.168467,9.37875,0.41875,2.91300251256281,0.1570365,34.55,0.154861111111111,1.65278,11.93465,0.663542620071984,1,0.144669546263794,0.000181454098040417,0.106675703561767,1.08322981141486,0.387630001463128,1.12395948825633,0.49197397476715,0.12758690135907,1.32601343917181,0.512485638195356,8.92610684667907,0.0167603336271827,2.65320590739658,0.21957546169713,2.01852370919678e-05,0.0134012083767732,1.74555154661108,0.0262250519838029,0.995151236192236,2.09251736849333,0.574096774166235,0.816708454841973,44.9431393940259,211.538083397701,303.956110477608,0.840239999999991,1.67175778546711
122,GA,500,1,0.115435766184651,3.94418598402665,4.64235150199378,5.19760658095589,0.0674056902674009,0.00657727631074845,0.0159582170284738,0.00657727631074845,0.113343416142512,0.0685203081287785,0.0159582170284738,0.0685203081287785,0.0495362723034005,34.3432649217616,0.0157281285273075,0.0362,0,0.0692,0.01,0.203136,0.0997904,0.023302,0.0063786,0,0.235996,3.8,0.00673868,0.37515,0.0888888888888889,0,0.00628146,1.382,0,0.0661112,0.477386,0.345761666483293,0,1.44,12.1,0.4995,2.19,5.0784,2.49476,0.58255,0.159465,21.0035842293907,5.8999,95,0.168467,9.37875,0.41875,2.91300251256281,0.1570365,34.55,0.154861111111111,1.65278,11.93465,0.663542620071984,1,0.144669546263794,0.000181454098040417,0.106675703561767,1.08322981141486,0.387630001463128,1.12395948825633,0.49197397476715,0.12758690135907,1.32601343917181,0.512485638195356,8.92610684667907,0.0167603336271827,2.65320590739658,0.21957546169713,2.01852370919678e-05,0.0134012083767732,1.74555154661108,0.0262250519838029,0.995151236192236,2.09251736849333,0.574096774166235,0.816708454841973,44.9431393940259,211.538083397701,303.956110477608,0.840239999999991,1.67175778546711
122,GA,500,0,0.115435766184651,3.94418598402665,4.64235150199378,5.19760658095589,0.0674056902674009,0.00657727631074845,0.0159582170284738,0.00657727631074845,0.113343416142512,0.0685203081287785,0.0159582170284738,0.0685203081287785,0.0495362723034005,34.3432649217616,0.00766427387167281,0.0362,0,0.0692,0.01,0.203136,0.0997904,0.023302,0.0063786,0,0.235996,3.8,0.00673868,0.37515,0.0888888888888889,0,0.00628146,1.382,0,0.0661112,0.477386,0.345761666483293,0,1.44,12.1,0.4995,2.19,5.0784,2.49476,0.58255,0.159465,21.0035842293907,5.8999,95,0.168467,9.37875,0.41875,2.91300251256281,0.1570365,34.55,0.154861111111111,1.65278,11.93465,0.663542620071984,1,0.776894718984089,5.76761628748796e-18,0.226192657510215,0.261627637898215,0.347021721172284,1.12395948825633,0.41732765724745,0.0536766601051845,1.32601343917181,1.04379568744073,7.60454762477523,0.0648923444862926,4.41960985970513,0.229757236362411,2.07860579025522e-07,0.0134012083767732,10.5087260359772,0.0262250519838029,0.189665733937792,2.09251736849333,0.369146955385249,0.816708454841973,49.2167658819945,55.6417389004191,117.346021273608,0.840239999999991,1.67175778546711
122,GA,500,1,0.115435766184651,3.94418598402665,4.64235150199378,5.19760658095589,0.0674056902674009,0.00657727631074845,0.0159582170284738,0.00657727631074845,0.113343416142512,0.0685203081287785,0.0159582170284738,0.0685203081287785,0.0495362723034005,34.3432649217616,0.0125241846378274,0.0362,0,0.0692,0.01,0.203136,0.0997904,0.023302,0.0063786,0,0.235996,3.8,0.00673868,0.37515,0.0888888888888889,0,0.00628146,1.382,0,0.0661112,0.477386,0.345761666483293,0,1.44,12.1,0.4995,2.19,5.0784,2.49476,0.58255,0.159465,21.0035842293907,5.8999,95,0.168467,9.37875,0.41875,2.91300251256281,0.1570365,34.55,0.154861111111111,1.65278,11.93465,0.663542620071984,1,0.410149823864621,6.2879936978629e-18,0.41552131248852,0.0157587581807599,0.523260486075412,0.408941158666186,0.106964210568871,0.0419109649742696,7.56898553524094,0.73696662959153,25.0934955521434,0.0328394274633669,0.948584406495536,0.12647110200761,7.10870042973419e-11,0.0306966742281059,6.60859953373137,5.70149887400548e-19,0.380613368554484,6.55857546741764,0.369146955385249,0.758511957981166,43.0012671604242,188.199049573637,291.117394524509,0.840239999999991,1.67175778546711
122,GA,500,1,0.115435766184651,3.94418598402665,4.64235150199378,5.19760658095589,0.0674056902674009,0.00657727631074845,0.0159582170284738,0.00657727631074845,0.113343416142512,0.0685203081287785,0.0159582170284738,0.0685203081287785,0.0495362723034005,34.3432649217616,0.00752664442210225,0.0362,0,0.0692,0.01,0.203136,0.0997904,0.023302,0.0063786,0,0.235996,3.8,0.00673868,0.37515,0.0888888888888889,0,0.00628146,1.382,0,0.0661112,0.477386,0.345761666483293,0,1.44,12.1,0.4995,2.19,5.0784,2.49476,0.58255,0.159465,21.0035842293907,5.8999,95,0.168467,9.37875,0.41875,2.91300251256281,0.1570365,34.55,0.154861111111111,1.65278,11.93465,0.663542620071984,1,0.0511071195324601,2.46035158525766e-17,0.239919977357982,0.84745896001386,3.87630001463128,1.12395948825633,0.49197397476715,0.0576827980048167,0.833300095514468,5.2512445221487,14.926305971165,0.0192763124463403,4.41960985970513,0.21957546169713,3.81234982264063e-15,0.0175322492207075,10.5087260359772,0.0262250519838029,0.995151236192236,8.01624434987282,0.574096774166235,0.816708454841973,37.3009142839899,60.8238600002193,111.775299408346,0.840239999999991,1.67175778546711
122,GA,500,0,0.115435766184651,3.94418598402665,4.64235150199378,5.19760658095589,0.0674056902674009,0.00657727631074845,0.0159582170284738,0.00657727631074845,0.113343416142512,0.0685203081287785,0.0159582170284738,0.0685203081287785,0.0495362723034005,34.3432649217616,0.00438159695847978,0.0362,0,0.0692,0.01,0.203136,0.0997904,0.023302,0.0063786,0,0.235996,3.8,0.00673868,0.37515,0.0888888888888889,0,0.00628146,1.382,0,0.0661112,0.477386,0.345761666483293,0,1.44,12.1,0.4995,2.19,5.0784,2.49476,0.58255,0.159465,21.0035842293907,5.8999,95,0.168467,9.37875,0.41875,2.91300251256281,0.1570365,34.55,0.154861111111111,1.65278,11.93465,0.663542620071984,1,0.846322127465164,4.4161967744314e-16,0.41552131248852,0.0157587581807599,1.57579624320135,1.80056677002425,0.447718646133985,0.0419109649742696,7.56898553524094,5.44676079909891,4.48230758670022,0.0256621522506735,0.948584406495536,0.12647110200761,5.32718694515354e-14,0.0306966742281059,5.06121960051148,5.70149887400548e-19,0.886649381973208,11.875174483351,0.375849078759741,0.758511957981166,25.2743563076059,78.9753252944101,129.393117341524,0.840239999999991,1.67175778546711
122,GA,500,0,0.115435766184651,3.94418598402665,4.64235150199378,5.19760658095589,0.0674056902674009,0.00657727631074845,0.0159582170284738,0.00657727631074845,0.113343416142512,0.0685203081287785,0.0159582170284738,0.0685203081287785,0.0495362723034005,34.3432649217616,0.00438159695847978,0.0362,0,0.0692,0.01,0.203136,0.0997904,0.023302,0.0063786,0,0.235996,3.8,0.00673868,0.37515,0.0888888888888889,0,0.00628146,1.382,0,0.0661112,0.477386,0.345761666483293,0,1.44,12.1,0.4995,2.19,5.0784,2.49476,0.58255,0.159465,21.0035842293907,5.8999,95,0.168467,9.37875,0.41875,2.91300251256281,0.1570365,34.55,0.154861111111111,1.65278,11.93465,0.663542620071984,1,0.846322127465164,4.4161967744314e-16,0.41552131248852,0.0157587581807599,1.57579624320135,1.80056677002425,0.447718646133985,0.0419109649742696,7.56898553524094,5.44676079909891,4.48230758670022,0.0256621522506735,0.948584406495536,0.12647110200761,5.32718694515354e-14,0.0306966742281059,5.06121960051148,5.70149887400548e-19,0.886649381973208,11.875174483351,0.375849078759741,0.758511957981166,25.2743563076059,78.9753252944101,129.393117341524,0.840239999999991,1.67175778546711
122,GA,500,0,0.115435766184651,3.94418598402665,4.64235150199378,5.19760658095589,0.0674056902674009,0.00657727631074845,0.0159582170284738,0.00657727631074845,0.113343416142512,0.0685203081287785,0.0159582170284738,0.0685203081287785,0.0495362723034005,34.3432649217616,0.00438159695847978,0.0362,0,0.0692,0.01,0.203136,0.0997904,0.023302,0.0063786,0,0.235996,3.8,0.00673868,0.37515,0.0888888888888889,0,0.00628146,1.382,0,0.0661112,0.477386,0.345761666483293,0,1.44,12.1,0.4995,2.19,5.0784,2.49476,0.58255,0.159465,21.0035842293907,5.8999,95,0.168467,9.37875,0.41875,2.91300251256281,0.1570365,34.55,0.154861111111111,1.65278,11.93465,0.663542620071984,1,0.846322127465164,4.4161967744314e-16,0.41552131248852,0.0157587581807599,1.57579624320135,1.80056677002425,0.447718646133985,0.0419109649742696,7.56898553524094,5.44676079909891,4.48230758670022,0.0256621522506735,0.948584406495536,0.12647110200761,5.32718694515354e-14,0.0306966742281059,5.06121960051148,5.70149887400548e-19,0.886649381973208,11.875174483351,0.375849078759741,0.758511957981166,25.2743563076059,78.9753252944101,129.393117341524,0.840239999999991,1.67175778546711
122,GA,500,1,0.115435766184651,3.94418598402665,4.64235150199378,5.19760658095589,0.0674056902674009,0.00657727631074845,0.0159582170284738,0.00657727631074845,0.113343416142512,0.0685203081287785,0.0159582170284738,0.0685203081287785,0.0495362723034005,34.3432649217616,0.0255594769914793,0.0362,0,0.0692,0.01,0.203136,0.0997904,0.023302,0.0063786,0,0.235996,3.8,0.00673868,0.37515,0.0888888888888889,0,0.00628146,1.382,0,0.0661112,0.477386,0.345761666483293,0,1.44,12.1,0.4995,2.19,5.0784,2.49476,0.58255,0.159465,21.0035842293907,5.8999,95,0.168467,9.37875,0.41875,2.91300251256281,0.1570365,34.55,0.154861111111111,1.65278,11.93465,0.663542620071984,1,0.433194100463836,2.52234108540636e-14,0.236230025395625,0.013204287405372,1.60134840433183,0.877964643016063,0.437382911035942,0.0218227465548133,1.60437034828234,4.58086460011602,9.0217710656613,0.0161125607861036,4.53229957790865,0.112645176114433,4.11832568700418e-17,0.0888727600693243,15.7996659959074,4.6252773694813e-06,0.468223357555741,3.36791779424044,0.507492366482157,0.958933295004431,49.4229043325117,48.8217757957378,100.335492361392,0.840239999999991,1.67175778546711
122,GA,500,0,0.115435766184651,3.94418598402665,4.64235150199378,5.19760658095589,0.0674056902674009,0.00657727631074845,0.0159582170284738,0.00657727631074845,0.113343416142512,0.0685203081287785,0.0159582170284738,0.0685203081287785,0.0495362723034005,34.3432649217616,0.00338637661452168,0.0362,0,0.0692,0.01,0.203136,0.0997904,0.023302,0.0063786,0,0.235996,3.8,0.00673868,0.37515,0.0888888888888889,0,0.00628146,1.382,0,0.0661112,0.477386,0.345761666483293,0,1.44,12.1,0.4995,2.19,5.0784,2.49476,0.58255,0.159465,21.0035842293907,5.8999,95,0.168467,9.37875,0.41875,2.91300251256281,0.1570365,34.55,0.154861111111111,1.65278,11.93465,0.663542620071984,1,0.325032270570951,6.85490059604685e-08,0.355021858924853,1.63276703201205,0.346722442424389,0.877964643016063,0.437382911035942,0.0897190927538993,10.8926309164505,5.72752345947607,36.7058281819495,0.03980139721935,1.80456813489388,0.112645176114433,2.79748765035835e-14,0.0831445859145277,15.4309180351339,0.000435235678535388,1.29606487869952,3.36791779424044,0.416258136097572,0.958933295004431,52.2620571849992,228.462392071006,290.508443311315,0.840239999999991,1.67175778546711
122,GA,500,0,0.115435766184651,3.94418598402665,4.64235150199378,5.19760658095589,0.0674056902674009,0.00657727631074845,0.0159582170284738,0.00657727631074845,0.113343416142512,0.0685203081287785,0.0159582170284738,0.0685203081287785,0.0495362723034005,34.3432649217616,0.00338637661452285,0.0362,0,0.0692,0.01,0.203136,0.0997904,0.023302,0.0063786,0,0.235996,3.8,0.00673868,0.37515,0.0888888888888889,0,0.00628146,1.382,0,0.0661112,0.477386,0.345761666483293,0,1.44,12.1,0.4995,2.19,5.0784,2.49476,0.58255,0.159465,21.0035842293907,5.8999,95,0.168467,9.37875,0.41875,2.91300251256281,0.1570365,34.55,0.154861111111111,1.65278,11.93465,0.663542620071984,1,0.325032270570951,6.85490059604685e-08,0.355021858924853,1.63276703201205,0.346722442424389,0.877964643016063,0.437382911035942,0.0897190927538993,10.8926309164505,5.72752345947607,36.7058281819495,0.03980139721935,1.80456813489388,0.112645176114433,2.79748765035835e-15,0.0831445859145277,15.4309180351339,0.000435235678535388,1.29606487869952,3.36791779424044,0.416258136097572,0.958933295004431,52.2620571849992,228.462392071008,290.508443311317,0.840239999999991,1.67175778546711
122,GA,500,1,0.115435766184651,3.94418598402665,4.64235150199378,5.19760658095589,0.0674056902674009,0.00657727631074845,0.0159582170284738,0.00657727631074845,0.113343416142512,0.0685203081287785,0.0159582170284738,0.0685203081287785,0.0495362723034005,34.3432649217616,0.0575432391353227,0.0362,0,0.0692,0.01,0.203136,0.0997904,0.023302,0.0063786,0,0.235996,3.8,0.00673868,0.37515,0.0888888888888889,0,0.00628146,1.382,0,0.0661112,0.477386,0.345761666483293,0,1.44,12.1,0.4995,2.19,5.0784,2.49476,0.58255,0.159465,21.0035842293907,5.8999,95,0.168467,9.37875,0.41875,2.91300251256281,0.1570365,34.55,0.154861111111111,1.65278,11.93465,0.663542620071984,1,0.037761354590067,1.37299261608059e-14,0.106675703561767,0.84745896001386,0.387630001463128,0.348298741174201,0.49197397476715,0.033147257538677,5.73113781487763,0.949739540455731,14.926305971165,0.0192763124463403,4.41960985970513,0.273645436418042,2.07860579025522e-07,0.0134012083767732,10.5087260359772,0.0262250519838029,0.189665733937792,0.613353840789766,0.574096774166235,0.816708454841973,62.8910392979294,61.619173870988,138.339228312834,0.840239999999991,1.67175778546711
122,GA,500,0,0.115435766184651,3.94418598402665,4.64235150199378,5.19760658095589,0.0674056902674009,0.00657727631074845,0.0159582170284738,0.00657727631074845,0.113343416142512,0.0685203081287785,0.0159582170284738,0.0685203081287785,0.0495362723034005,34.3432649217616,0.00292306500170583,0.0362,0,0.0692,0.01,0.203136,0.0997904,0.023302,0.0063786,0,0.235996,3.8,0.00673868,0.37515,0.0888888888888889,0,0.00628146,1.382,0,0.0661112,0.477386,0.345761666483293,0,1.44,12.1,0.4995,2.19,5.0784,2.49476,0.58255,0.159465,21.0035842293907,5.8999,95,0.168467,9.37875,0.41875,2.91300251256281,0.1570365,34.55,0.154861111111111,1.65278,11.93465,0.663542620071984,1,0.325032270570951,6.85490059604685e-08,0.355021858924853,1.63276703201205,0.346722442424389,0.877964643016063,0.437382911035942,0.0897190927538993,10.8926309164505,5.72752345947607,36.7058281819495,0.03980139721935,1.80456813489388,0.112645176114433,2.79748765035835e-15,0.00831445859145277,15.4309180351339,0.000435235678535388,1.29606487869952,3.36791779424044,0.416258136097572,0.958933295004431,52.1270405054684,228.463590870985,290.374676770856,0.840239999999991,1.67175778546711
122,GA,500,1,0.115435766184651,3.94418598402665,4.64235150199378,5.19760658095589,0.0674056902674009,0.00657727631074845,0.0159582170284738,0.00657727631074845,0.113343416142512,0.0685203081287785,0.0159582170284738,0.0685203081287785,0.0495362723034005,34.3432649217616,0.0368472599890217,0.0362,0,0.0692,0.01,0.203136,0.0997904,0.023302,0.0063786,0,0.235996,3.8,0.00673868,0.37515,0.0888888888888889,0,0.00628146,1.382,0,0.0661112,0.477386,0.345761666483293,0,1.44,12.1,0.4995,2.19,5.0784,2.49476,0.58255,0.159465,21.0035842293907,5.8999,95,0.168467,9.37875,0.41875,2.91300251256281,0.1570365,34.55,0.154861111111111,1.65278,11.93465,0.663542620071984,1,1.02498647206923,6.85490059604685e-09,0.105703433808545,0.403940347586626,0.625214460662936,1.4598632802406,0.437382911035942,0.0897190927538993,6.31551340487285,0.847077203642985,15.8254897119093,0.0167603336271827,1.91973779390975,0.110816348482218,0.809494118959263,0.00768956438968787,1.74555154661108,0.00455641351503753,1.29606487869952,3.2580600864231,0.459244421647998,0.958933295004431,36.9564956645484,228.224920325131,274.955240221725,0.840239999999991,1.67175778546711
122,GA,500,1,0.115435766184651,3.94418598402665,4.64235150199378,5.19760658095589,0.0674056902674009,0.00657727631074845,0.0159582170284738,0.00657727631074845,0.113343416142512,0.0685203081287785,0.0159582170284738,0.0685203081287785,0.0495362723034005,34.3432649217616,0.011026047233343,0.0362,0,0.0692,0.01,0.203136,0.0997904,0.023302,0.0063786,0,0.235996,3.8,0.00673868,0.37515,0.0888888888888889,0,0.00628146,1.382,0,0.0661112,0.477386,0.345761666483293,0,1.44,12.1,0.4995,2.19,5.0784,2.49476,0.58255,0.159465,21.0035842293907,5.8999,95,0.168467,9.37875,0.41875,2.91300251256281,0.1570365,34.55,0.154861111111111,1.65278,11.93465,0.663542620071984,1,0.0511071195324601,1.37299261608059e-14,0.106675703561767,0.84745896001386,0.387630001463128,1.12395948825633,0.49197397476715,0.0576827980048167,0.833300095514468,5.2512445221487,14.926305971165,0.0192763124463403,4.41960985970513,0.21957546169713,6.58246702598952e-10,0.0134012083767732,10.5087260359772,0.0262250519838029,0.0995151236192236,8.01624434987282,0.574096774166235,0.816708454841973,37.5914999228041,64.4317956306631,116.483539363158,0.840239999999991,1.67175778546711
122,GA,500,0,0.115435766184651,3.94418598402665,4.64235150199378,5.19760658095589,0.0674056902674009,0.00657727631074845,0.0159582170284738,0.00657727631074845,0.113343416142512,0.0685203081287785,0.0159582170284738,0.0685203081287785,0.0495362723034005,34.3432649217616,0.0086262519672554,0.0362,0,0.0692,0.01,0.203136,0.0997904,0.023302,0.0063786,0,0.235996,3.8,0.00673868,0.37515,0.0888888888888889,0,0.00628146,1.382,0,0.0661112,0.477386,0.345761666483293,0,1.44,12.1,0.4995,2.19,5.0784,2.49476,0.58255,0.159465,21.0035842293907,5.8999,95,0.168467,9.37875,0.41875,2.91300251256281,0.1570365,34.55,0.154861111111111,1.65278,11.93465,0.663542620071984,1,0.238905237309986,7.2493608402609e-11,0.292157632485847,1.08322981141486,0.387630001463128,0.384668367206414,0.49197397476715,0.0291855606007309,1.32601343917181,5.29261034473503,87.5430398637238,0.0506118819857661,1.84258208254542,0.266801153593756,6.58246702598952e-11,0.0286726329341234,8.47494283828582,0.0706333987881192,0.995151236192236,0.747701747651489,0.393945878791352,0.816708454841973,50.2363327828143,53.6312025487744,115.90383289355,0.840239999999991,1.67175778546711
122,GA,500,1,0.115435766184651,3.94418598402665,4.64235150199378,5.19760658095589,0.0674056902674009,0.00657727631074845,0.0159582170284738,0.00657727631074845,0.113343416142512,0.0685203081287785,0.0159582170284738,0.0685203081287785,0.0495362723034005,34.3432649217616,0.0232750212810801,0.0362,0,0.0692,0.01,0.203136,0.0997904,0.023302,0.0063786,0,0.235996,3.8,0.00673868,0.37515,0.0888888888888889,0,0.00628146,1.382,0,0.0661112,0.477386,0.345761666483293,0,1.44,12.1,0.4995,2.19,5.0784,2.49476,0.58255,0.159465,21.0035842293907,5.8999,95,0.168467,9.37875,0.41875,2.91300251256281,0.1570365,34.55,0.154861111111111,1.65278,11.93465,0.663542620071984,1,0.037761354590067,2.99353288963675e-14,0.488772273996567,0.581320535117791,0.387630001463128,0.267164012730662,0.49197397476715,0.0521526063278319,1.32601343917181,4.22793056300528,14.926305971165,0.0506118819857661,3.88552556880721,0.21957546169713,6.58246702598952e-11,0.0286726329341234,12.8058992501938,2.76051304339214e-16,0.995151236192236,6.23048717306017,0.355751752726122,0.816708454841973,47.3290608878455,51.7434926791237,110.685197796133,0.840239999999991,1.67175778546711
122,GA,500,1,0.115435766184651,3.94418598402665,4.64235150199378,5.19760658095589,0.0674056902674009,0.00657727631074845,0.0159582170284738,0.00657727631074845,0.113343416142512,0.0685203081287785,0.0159582170284738,0.0685203081287785,0.0495362723034005,34.3432649217616,0.0246533167801862,0.0362,0,0.0692,0.01,0.203136,0.0997904,0.023302,0.0063786,0,0.235996,3.8,0.00673868,0.37515,0.0888888888888889,0,0.00628146,1.382,0,0.0661112,0.477386,0.345761666483293,0,1.44,12.1,0.4995,2.19,5.0784,2.49476,0.58255,0.159465,21.0035842293907,5.8999,95,0.168467,9.37875,0.41875,2.91300251256281,0.1570365,34.55,0.154861111111111,1.65278,11.93465,0.663542620071984,1,1.02498647206923,1.37299261608059e-14,0.106675703561767,0.403940347586626,1.07631198385574,1.4598632802406,0.437382911035942,0.0897190927538993,1.32601343917181,1.04379568744073,19.0835841950372,0.0592439704663513,4.41960985970513,0.110816348482218,0.809494118959263,0.0134012083767732,10.5087260359772,7.72067431985805e-12,0.189665733937792,2.09251736849333,0.362071569439416,0.816708454841973,51.2574919510556,50.4165968311606,112.988941567205,0.840239999999991,1.67175778546711
122,GA,500,1,0.115435766184651,3.94418598402665,4.64235150199378,5.19760658095589,0.0674056902674009,0.00657727631074845,0.0159582170284738,0.00657727631074845,0.113343416142512,0.0685203081287785,0.0159582170284738,0.0685203081287785,0.0495362723034005,34.3432649217616,0.0625111550186749,0.0362,0,0.0692,0.01,0.203136,0.0997904,0.023302,0.0063786,0,0.235996,3.8,0.00673868,0.37515,0.0888888888888889,0,0.00628146,1.382,0,0.0661112,0.477386,0.345761666483293,0,1.44,12.1,0.4995,2.19,5.0784,2.49476,0.58255,0.159465,21.0035842293907,5.8999,95,0.168467,9.37875,0.41875,2.91300251256281,0.1570365,34.55,0.154861111111111,1.65278,11.93465,0.663542620071984,1,0.846322127465164,4.4161967744314e-16,0.41552131248852,0.403940347586626,2.18743286033652,1.80056677002425,0.49197397476715,0.0811289049218722,7.56898553524094,5.44676079909891,41.3221113232482,0.0256621522506735,0.948584406495536,0.12647110200761,0.809494118959263,0.0134012083767732,5.06121960051148,0.0262250519838029,0.886649381973208,2.95551518941586,0.375849078759741,0.758511957981166,26.25837681575,62.700745762766,108.921207774471,0.840239999999991,1.67175778546711
122,GA,500,1,0.115435766184651,3.94418598402665,4.64235150199378,5.19760658095589,0.0674056902674009,0.00657727631074845,0.0159582170284738,0.00657727631074845,0.113343416142512,0.0685203081287785,0.0159582170284738,0.0685203081287785,0.0495362723034005,34.3432649217616,0.0524074488080594,0.0362,0,0.0692,0.01,0.203136,0.0997904,0.023302,0.0063786,0,0.235996,3.8,0.00673868,0.37515,0.0888888888888889,0,0.00628146,1.382,0,0.0661112,0.477386,0.345761666483293,0,1.44,12.1,0.4995,2.19,5.0784,2.49476,0.58255,0.159465,21.0035842293907,5.8999,95,0.168467,9.37875,0.41875,2.91300251256281,0.1570365,34.55,0.154861111111111,1.65278,11.93465,0.663542620071984,1,0.363479111087168,1.21817414375463e-12,0.379716216609904,0.403940347586626,0.392383297906186,0.634153152411786,0.206610743288249,0.0498617830554837,10.8926309164505,2.65936778838133,10.5575153830508,0.167603336271827,0.952210213392367,0.100920665904296,0.0125440359807552,0.00768956438968787,7.81229965863015,7.77325261877652e-10,0.263055755176134,7.88235131500522,0.459244421647998,0.668745151801258,36.5744477737122,66.6519368450977,136.24161794395,0.840239999999991,1.67175778546711
122,GA,500,0,0.115435766184651,3.94418598402665,4.64235150199378,5.19760658095589,0.0674056902674009,0.00657727631074845,0.0159582170284738,0.00657727631074845,0.113343416142512,0.0685203081287785,0.0159582170284738,0.0685203081287785,0.0495362723034005,34.3432649217616,0.0158160168614101,0.0362,0,0.0692,0.01,0.203136,0.0997904,0.023302,0.0063786,0,0.235996,3.8,0.00673868,0.37515,0.0888888888888889,0,0.00628146,1.382,0,0.0661112,0.477386,0.345761666483293,0,1.44,12.1,0.4995,2.19,5.0784,2.49476,0.58255,0.159465,21.0035842293907,5.8999,95,0.168467,9.37875,0.41875,2.91300251256281,0.1570365,34.55,0.154861111111111,1.65278,11.93465,0.663542620071984,1,0.966371224542811,0.0248236858420792,0.390952463826241,1.08322981141486,1.46371924524271,1.80056677002425,0.49197397476715,0.0430102186428343,4.61223596435795,3.10909340726647,14.926305971165,0.0256621522506735,0.948584406495536,0.21957546169713,0.366188288921789,0.03146311471895,2.33613507803012,0.0262250519838029,0.995151236192236,2.09887592765425,0.651892455960247,0.816708454841973,23.8245755279134,96.0100060684747,141.38183295468,0.840239999999991,1.67175778546711
122,GA,500,0,0.115435766184651,3.94418598402665,4.64235150199378,5.19760658095589,0.0674056902674009,0.00657727631074845,0.0159582170284738,0.00657727631074845,0.113343416142512,0.0685203081287785,0.0159582170284738,0.0685203081287785,0.0495362723034005,34.3432649217616,0.00446565792279927,0.0362,0,0.0692,0.01,0.203136,0.0997904,0.023302,0.0063786,0,0.235996,3.8,0.00673868,0.37515,0.0888888888888889,0,0.00628146,1.382,0,0.0661112,0.477386,0.345761666483293,0,1.44,12.1,0.4995,2.19,5.0784,2.49476,0.58255,0.159465,21.0035842293907,5.8999,95,0.168467,9.37875,0.41875,2.91300251256281,0.1570365,34.55,0.154861111111111,1.65278,11.93465,0.663542620071984,1,0.846322127465164,4.4161967744314e-16,0.33554204560074,0.0157587581807599,1.57579624320135,1.83864962567526,0.37644961902334,0.116941370040857,7.56898553524094,4.02519743812579,4.48230758670022,0.0277355553288218,0.377906075033301,0.12647110200761,5.32718694515354e-14,0.109879264853294,5.06121960051148,5.70149887400548e-19,1.5141658359006,1.91953957030621,0.612419483874119,0.758511957981166,35.4961607924755,174.419775730984,265.446096183363,0.840239999999991,1.67175778546711
122,GA,500,0,0.115435766184651,3.94418598402665,4.64235150199378,5.19760658095589,0.0674056902674009,0.00657727631074845,0.0159582170284738,0.00657727631074845,0.113343416142512,0.0685203081287785,0.0159582170284738,0.0685203081287785,0.0495362723034005,34.3432649217616,0.0126788261377261,0.0362,0,0.0692,0.01,0.203136,0.0997904,0.023302,0.0063786,0,0.235996,3.8,0.00673868,0.37515,0.0888888888888889,0,0.00628146,1.382,0,0.0661112,0.477386,0.345761666483293,0,1.44,12.1,0.4995,2.19,5.0784,2.49476,0.58255,0.159465,21.0035842293907,5.8999,95,0.168467,9.37875,0.41875,2.91300251256281,0.1570365,34.55,0.154861111111111,1.65278,11.93465,0.663542620071984,1,0.037761354590067,7.2493608402609e-11,0.187927874033532,1.08322981141486,1.51733358572729,1.12395948825633,0.49197397476715,0.116941370040857,6.0729948551954,5.72752345947607,14.926305971165,0.070392396599646,1.80456813489388,0.33351382135523,1.3569973354494e-08,0.0831445859145277,5.98284395911964,2.76051304339214e-16,0.995151236192236,2.45621530672174,0.355751752726122,0.816708454841973,27.9702111228282,80.1282503820806,126.081415809187,0.840239999999991,1.67175778546711
122,GA,500,0,0.115435766184651,3.94418598402665,4.64235150199378,5.19760658095589,0.0674056902674009,0.00657727631074845,0.0159582170284738,0.00657727631074845,0.113343416142512,0.0685203081287785,0.0159582170284738,0.0685203081287785,0.0495362723034005,34.3432649217616,0.00754704332906154,0.0362,0,0.0692,0.01,0.203136,0.0997904,0.023302,0.0063786,0,0.235996,3.8,0.00673868,0.37515,0.0888888888888889,0,0.00628146,1.382,0,0.0661112,0.477386,0.345761666483293,0,1.44,12.1,0.4995,2.19,5.0784,2.49476,0.58255,0.159465,21.0035842293907,5.8999,95,0.168467,9.37875,0.41875,2.91300251256281,0.1570365,34.55,0.154861111111111,1.65278,11.93465,0.663542620071984,1,0.508871063422381,1.37299261608059e-14,0.106675703561767,1.08322981141486,0.374289070832957,0.882600469421692,0.49197397476715,0.0182177042265205,3.27346768517959,0.512485638195356,29.8814900960205,0.0168368221923206,7.64120532859623,0.100114832399319,6.58246702598952e-11,0.048471069776101,7.07573438608025,0.0262250519838029,0.0672498050960735,1.3464119620812,0.425376434642763,0.816708454841973,36.9257228522742,64.6785530235863,116.119898742251,0.840239999999991,1.67175778546711
122,GA,500,1,0.115435766184651,3.94418598402665,4.64235150199378,5.19760658095589,0.0674056902674009,0.00657727631074845,0.0159582170284738,0.00657727631074845,0.113343416142512,0.0685203081287785,0.0159582170284738,0.0685203081287785,0.0495362723034005,34.3432649217616,0.046665005085035,0.0362,0,0.0692,0.01,0.203136,0.0997904,0.023302,0.0063786,0,0.235996,3.8,0.00673868,0.37515,0.0888888888888889,0,0.00628146,1.382,0,0.0661112,0.477386,0.345761666483293,0,1.44,12.1,0.4995,2.19,5.0784,2.49476,0.58255,0.159465,21.0035842293907,5.8999,95,0.168467,9.37875,0.41875,2.91300251256281,0.1570365,34.55,0.154861111111111,1.65278,11.93465,0.663542620071984,1,0.744467503747806,3.80772740021238e-19,0.0743581957801286,0.0131657833636732,0.346722442424389,1.0427851361232,0.369990044881856,0.0897190927538993,10.8926309164505,4.58086460011602,16.942540576199,0.03980139721935,0.952210213392367,0.112645176114433,2.9644168538526e-05,0.00768956438968787,11.1920071228968,9.72797905625576e-20,0.465313113222956,1.02973372027796,0.516084162380898,0.958933295004431,43.3596302786156,97.2314377389793,144.755043541986,0.840239999999991,1.67175778546711
122,GA,500,0,0.115435766184651,3.94418598402665,4.64235150199378,5.19760658095589,0.0674056902674009,0.00657727631074845,0.0159582170284738,0.00657727631074845,0.113343416142512,0.0685203081287785,0.0159582170284738,0.0685203081287785,0.0495362723034005,34.3432649217616,0.00620786578951213,0.0362,0,0.0692,0.01,0.203136,0.0997904,0.023302,0.0063786,0,0.235996,3.8,0.00673868,0.37515,0.0888888888888889,0,0.00628146,1.382,0,0.0661112,0.477386,0.345761666483293,0,1.44,12.1,0.4995,2.19,5.0784,2.49476,0.58255,0.159465,21.0035842293907,5.8999,95,0.168467,9.37875,0.41875,2.91300251256281,0.1570365,34.55,0.154861111111111,1.65278,11.93465,0.663542620071984,1,1.35605609496206,1.64869649545343e-06,0.319039547719435,1.08322981141486,0.507931406769115,1.12395948825633,0.49197397476715,0.116941370040857,4.31108874464091,0.75291337162617,9.46747813167914,0.0506118819857661,3.88552556880721,0.21957546169713,8.75924424912879e-06,0.0286726329341234,1.82007944903565,2.68987655158522e-11,0.995151236192236,6.84064993123488,0.369146955385249,0.816708454841973,32.5252442394997,210.052496143762,289.719221966112,0.840239999999991,1.67175778546711
122,GA,500,0,0.115435766184651,3.94418598402665,4.64235150199378,5.19760658095589,0.0674056902674009,0.00657727631074845,0.0159582170284738,0.00657727631074845,0.113343416142512,0.0685203081287785,0.0159582170284738,0.0685203081287785,0.0495362723034005,34.3432649217616,0.00370151997104444,0.0362,0,0.0692,0.01,0.203136,0.0997904,0.023302,0.0063786,0,0.235996,3.8,0.00673868,0.37515,0.0888888888888889,0,0.00628146,1.382,0,0.0661112,0.477386,0.345761666483293,0,1.44,12.1,0.4995,2.19,5.0784,2.49476,0.58255,0.159465,21.0035842293907,5.8999,95,0.168467,9.37875,0.41875,2.91300251256281,0.1570365,34.55,0.154861111111111,1.65278,11.93465,0.663542620071984,1,0.325032270570951,6.85490059604685e-08,0.48955750390164,1.63276703201205,0.346722442424389,0.144453019640703,0.437382911035942,0.0170207200163719,10.8926309164505,5.72752345947607,10.883806789521,0.03980139721935,3.88689267312759,0.112645176114433,2.79748765035835e-15,0.0831445859145277,9.33660336753228,5.39721923830967e-15,0.0723912663748611,3.36791779424044,0.553001615198793,0.958933295004431,24.4459231945767,106.145264079543,135.136901005554,0.840239999999991,1.67175778546711
122,GA,500,1,0.115435766184651,3.94418598402665,4.64235150199378,5.19760658095589,0.0674056902674009,0.00657727631074845,0.0159582170284738,0.00657727631074845,0.113343416142512,0.0685203081287785,0.0159582170284738,0.0685203081287785,0.0495362723034005,34.3432649217616,0.0555328854784336,0.0362,0,0.0692,0.01,0.203136,0.0997904,0.023302,0.0063786,0,0.235996,3.8,0.00673868,0.37515,0.0888888888888889,0,0.00628146,1.382,0,0.0661112,0.477386,0.345761666483293,0,1.44,12.1,0.4995,2.19,5.0784,2.49476,0.58255,0.159465,21.0035842293907,5.8999,95,0.168467,9.37875,0.41875,2.91300251256281,0.1570365,34.55,0.154861111111111,1.65278,11.93465,0.663542620071984,1,0.0826508229423913,1.64965493151787,0.165280732967519,0.131657833636732,0.346722442424389,0.650252352164991,0.369990044881856,0.0897190927538993,10.8926309164505,4.58086460011602,50.0106191832684,0.03980139721935,0.548853786432847,0.187322510249423,2.95557144860538e-08,0.00768956438968787,3.29361233264344,2.41353602099051e-18,0.465313113222956,1.02973372027796,0.383782942356976,0.958933295004431,25.7460402068482,177.90937320711,211.274454053703,0.840239999999991,1.67175778546711
122,GA,500,1,0.115435766184651,3.94418598402665,4.64235150199378,5.19760658095589,0.0674056902674009,0.00657727631074845,0.0159582170284738,0.00657727631074845,0.113343416142512,0.0685203081287785,0.0159582170284738,0.0685203081287785,0.0495362723034005,34.3432649217616,0.0362591821888013,0.0362,0,0.0692,0.01,0.203136,0.0997904,0.023302,0.0063786,0,0.235996,3.8,0.00673868,0.37515,0.0888888888888889,0,0.00628146,1.382,0,0.0661112,0.477386,0.345761666483293,0,1.44,12.1,0.4995,2.19,5.0784,2.49476,0.58255,0.159465,21.0035842293907,5.8999,95,0.168467,9.37875,0.41875,2.91300251256281,0.1570365,34.55,0.154861111111111,1.65278,11.93465,0.663542620071984,1,0.325032270570951,6.85490059604685e-08,0.355021858924853,1.63276703201205,0.346722442424389,0.877964643016063,0.437382911035942,0.0897190927538993,1.08926309164505,5.72752345947607,36.7058281819495,0.03980139721935,1.80456813489388,0.112645176114433,2.79748765035835e-15,0.0831445859145277,1.54309180351339,0.000435235678535388,1.29606487869952,3.36791779424044,0.416258136097572,0.958933295004431,36.9343232235697,228.318828437095,275.030997545468,0.840239999999991,1.67175778546711
122,GA,500,1,0.115435766184651,3.94418598402665,4.64235150199378,5.19760658095589,0.0674056902674009,0.00657727631074845,0.0159582170284738,0.00657727631074845,0.113343416142512,0.0685203081287785,0.0159582170284738,0.0685203081287785,0.0495362723034005,34.3432649217616,0.0365360107332233,0.0362,0,0.0692,0.01,0.203136,0.0997904,0.023302,0.0063786,0,0.235996,3.8,0.00673868,0.37515,0.0888888888888889,0,0.00628146,1.382,0,0.0661112,0.477386,0.345761666483293,0,1.44,12.1,0.4995,2.19,5.0784,2.49476,0.58255,0.159465,21.0035842293907,5.8999,95,0.168467,9.37875,0.41875,2.91300251256281,0.1570365,34.55,0.154861111111111,1.65278,11.93465,0.663542620071984,1,0.325032270570951,6.85490059604685e-08,0.355021858924853,1.63276703201205,0.346722442424389,0.877964643016063,0.437382911035942,0.0897190927538993,1.08926309164505,5.72752345947607,36.7058281819495,0.03980139721935,1.80456813489388,0.112645176114433,2.79748765035835e-14,0.0831445859145277,1.54309180351339,4.35235678535388e-05,1.29606487869952,3.36791779424044,0.416258136097572,0.958933295004431,36.9693042680602,228.614583158165,275.374399126206,0.840239999999991,1.67175778546711
122,GA,500,1,0.115435766184651,3.94418598402665,4.64235150199378,5.19760658095589,0.0674056902674009,0.00657727631074845,0.0159582170284738,0.00657727631074845,0.113343416142512,0.0685203081287785,0.0159582170284738,0.0685203081287785,0.0495362723034005,34.3432649217616,0.0365360107332248,0.0362,0,0.0692,0.01,0.203136,0.0997904,0.023302,0.0063786,0,0.235996,3.8,0.00673868,0.37515,0.0888888888888889,0,0.00628146,1.382,0,0.0661112,0.477386,0.345761666483293,0,1.44,12.1,0.4995,2.19,5.0784,2.49476,0.58255,0.159465,21.0035842293907,5.8999,95,0.168467,9.37875,0.41875,2.91300251256281,0.1570365,34.55,0.154861111111111,1.65278,11.93465,0.663542620071984,1,0.325032270570951,6.85490059604685e-08,0.355021858924853,1.63276703201205,0.346722442424389,0.877964643016063,0.437382911035942,0.0897190927538993,1.08926309164505,5.72752345947607,36.7058281819495,0.03980139721935,1.80456813489388,0.112645176114433,2.79748765035835e-15,0.0831445859145277,1.54309180351339,4.35235678535388e-05,1.29606487869952,3.36791779424044,0.416258136097572,0.958933295004431,36.9693042680605,228.614583158167,275.374399126208,0.840239999999991,1.67175778546711
122,GA,500,0,0.115435766184651,3.94418598402665,4.64235150199378,5.19760658095589,0.0674056902674009,0.00657727631074845,0.0159582170284738,0.00657727631074845,0.113343416142512,0.0685203081287785,0.0159582170284738,0.0685203081287785,0.0495362723034005,34.3432649217616,0.00139198526575154,0.0362,0,0.0692,0.01,0.203136,0.0997904,0.023302,0.0063786,0,0.235996,3.8,0.00673868,0.37515,0.0888888888888889,0,0.00628146,1.382,0,0.0661112,0.477386,0.345761666483293,0,1.44,12.1,0.4995,2.19,5.0784,2.49476,0.58255,0.159465,21.0035842293907,5.8999,95,0.168467,9.37875,0.41875,2.91300251256281,0.1570365,34.55,0.154861111111111,1.65278,11.93465,0.663542620071984,1,0.325032270570951,6.85490059604685e-08,0.379716216609904,0.0222245668912946,0.51199846290034,0.877964643016063,0.478204827909928,0.0897190927538993,6.1577802410474,4.58086460011602,15.0517195964132,0.0100891360571121,2.11150139264145,0.151108748495715,0.809494118959263,0.00768956438968787,1.42176403961312,3.97448770837526e-17,0.407822343390313,6.07119894852393,0.50273886769689,0.958933295004431,17.6384922136861,119.168830119522,141.91077553134,0.840239999999991,1.67175778546711
122,GA,500,0,0.115435766184651,3.94418598402665,4.64235150199378,5.19760658095589,0.0674056902674009,0.00657727631074845,0.0159582170284738,0.00657727631074845,0.113343416142512,0.0685203081287785,0.0159582170284738,0.0685203081287785,0.0495362723034005,34.3432649217616,4.43029974536509e-06,0.0362,0,0.0692,0.01,0.203136,0.0997904,0.023302,0.0063786,0,0.235996,3.8,0.00673868,0.37515,0.0888888888888889,0,0.00628146,1.382,0,0.0661112,0.477386,0.345761666483293,0,1.44,12.1,0.4995,2.19,5.0784,2.49476,0.58255,0.159465,21.0035842293907,5.8999,95,0.168467,9.37875,0.41875,2.91300251256281,0.1570365,34.55,0.154861111111111,1.65278,11.93465,0.663542620071984,1,0.433194100463836,4.47351539916501e-09,0.362590345644056,0.013204287405372,0.546210626633476,0.882600469421692,0.0765947091596555,0.0182177042265205,3.27346768517959,1.10872920168068,18.6319240205256,0.0300879951913333,7.45983079621958,0.100114832399319,0.000906916338668913,0.028198473117157,7.07573438608025,0.00109693314538489,0.468223357555741,1.3464119620812,0.42448203057904,0.632853129047209,18.6347258393078,145.499089877527,248.544452439827,0.840239999999991,1.67175778546711
122,GA,500,0,0.115435766184651,3.94418598402665,4.64235150199378,5.19760658095589,0.0674056902674009,0.00657727631074845,0.0159582170284738,0.00657727631074845,0.113343416142512,0.0685203081287785,0.0159582170284738,0.0685203081287785,0.0495362723034005,34.3432649217616,2.08530189826501e-34,0.0362,0,0.0692,0.01,0.203136,0.0997904,0.023302,0.0063786,0,0.235996,3.8,0.00673868,0.37515,0.0888888888888889,0,0.00628146,1.382,0,0.0661112,0.477386,0.345761666483293,0,1.44,12.1,0.4995,2.19,5.0784,2.49476,0.58255,0.159465,21.0035842293907,5.8999,95,0.168467,9.37875,0.41875,2.91300251256281,0.1570365,34.55,0.154861111111111,1.65278,11.93465,0.663542620071984,1,0.0853435545922276,2.19790077392143e-06,0.232758233128798,0.0942329745184752,0.507904429351846,0.162277077659633,0.119032719623187,0.010909981276818,1.73926303284627,2.34847373510263,70.6775983787972,0.00855392770788114,0.796293947417947,0.156392545948385,3.90892344875103e-12,0.0159438798001774,3.38514462012216,3.88310360792274e-05,0.133284803964768,3.70088747963963,0.455254030659654,0.219535423571006,31.6806247541394,23.9493357713476,140.771610535764,0.840239999999991,1.67175778546711
122,GA,500,0,0.115435766184651,3.94418598402665,4.64235150199378,5.19760658095589,0.0674056902674009,0.00657727631074845,0.0159582170284738,0.00657727631074845,0.113343416142512,0.0685203081287785,0.0159582170284738,0.0685203081287785,0.0495362723034005,34.3432649217616,2.77489106798735e-34,0.0362,0,0.0692,0.01,0.203136,0.0997904,0.023302,0.0063786,0,0.235996,3.8,0.00673868,0.37515,0.0888888888888889,0,0.00628146,1.382,0,0.0661112,0.477386,0.345761666483293,0,1.44,12.1,0.4995,2.19,5.0784,2.49476,0.58255,0.159465,21.0035842293907,5.8999,95,0.168467,9.37875,0.41875,2.91300251256281,0.1570365,34.55,0.154861111111111,1.65278,11.93465,0.663542620071984,1,0.0853435545922276,2.19790077392143e-05,0.232758233128798,0.0942329745184752,0.507904429351846,0.162277077659633,0.119032719623187,0.010909981276818,1.73926303284627,2.34847373510263,70.6775983787972,0.00855392770788114,0.796293947417947,0.156392545948385,3.90892344875103e-12,0.0159438798001774,3.38514462012216,3.88310360792274e-05,0.133284803964768,3.70088747963963,0.455254030659654,0.219535423571006,31.6807330435726,23.9499796820103,140.774651885622,0.840239999999991,1.67175778546711
122,GA,500,0,0.115435766184651,3.94418598402665,4.64235150199378,5.19760658095589,0.0674056902674009,0.00657727631074845,0.0159582170284738,0.00657727631074845,0.113343416142512,0.0685203081287785,0.0159582170284738,0.0685203081287785,0.0495362723034005,34.3432649217616,2.77489106798735e-34,0.0362,0,0.0692,0.01,0.203136,0.0997904,0.023302,0.0063786,0,0.235996,3.8,0.00673868,0.37515,0.0888888888888889,0,0.00628146,1.382,0,0.0661112,0.477386,0.345761666483293,0,1.44,12.1,0.4995,2.19,5.0784,2.49476,0.58255,0.159465,21.0035842293907,5.8999,95,0.168467,9.37875,0.41875,2.91300251256281,0.1570365,34.55,0.154861111111111,1.65278,11.93465,0.663542620071984,1,0.0853435545922276,2.19790077392143e-05,0.232758233128798,0.0942329745184752,0.507904429351846,0.162277077659633,0.119032719623187,0.010909981276818,1.73926303284627,2.34847373510263,70.6775983787972,0.00855392770788114,0.796293947417947,0.156392545948385,3.90892344875103e-12,0.0159438798001774,3.38514462012216,3.88310360792274e-05,0.133284803964768,3.70088747963963,0.455254030659654,0.219535423571006,31.6807330435726,23.9499796820103,140.774651885622,0.840239999999991,1.67175778546711
122,GA,500,0,0.115435766184651,3.94418598402665,4.64235150199378,5.19760658095589,0.0674056902674009,0.00657727631074845,0.0159582170284738,0.00657727631074845,0.113343416142512,0.0685203081287785,0.0159582170284738,0.0685203081287785,0.0495362723034005,34.3432649217616,3.33907359580378e-23,0.0362,0,0.0692,0.01,0.203136,0.0997904,0.023302,0.0063786,0,0.235996,3.8,0.00673868,0.37515,0.0888888888888889,0,0.00628146,1.382,0,0.0661112,0.477386,0.345761666483293,0,1.44,12.1,0.4995,2.19,5.0784,2.49476,0.58255,0.159465,21.0035842293907,5.8999,95,0.168467,9.37875,0.41875,2.91300251256281,0.1570365,34.55,0.154861111111111,1.65278,11.93465,0.663542620071984,1,0.451534635024411,4.47351539916501e-10,0.102171066598616,0.0464256661397385,1.79953652234916,0.978296523599357,0.228774577382109,0.0182177042265205,5.79114631779105,1.4682924698538,8.66618687481681,0.0168368221923206,0.441490383078545,0.100114832399319,0.000906916338668913,0.134990000124737,7.07573438608025,0.00049968986982028,0.468223357555741,1.3464119620812,0.425376434642763,0.246699470011578,61.6977305827375,18.4123851396457,136.332609769067,0.840239999999991,1.67175778546711
122,GA,500,0,0.115435766184651,3.94418598402665,4.64235150199378,5.19760658095589,0.0674056902674009,0.00657727631074845,0.0159582170284738,0.00657727631074845,0.113343416142512,0.0685203081287785,0.0159582170284738,0.0685203081287785,0.0495362723034005,34.3432649217616,3.33907359580378e-23,0.0362,0,0.0692,0.01,0.203136,0.0997904,0.023302,0.0063786,0,0.235996,3.8,0.00673868,0.37515,0.0888888888888889,0,0.00628146,1.382,0,0.0661112,0.477386,0.345761666483293,0,1.44,12.1,0.4995,2.19,5.0784,2.49476,0.58255,0.159465,21.0035842293907,5.8999,95,0.168467,9.37875,0.41875,2.91300251256281,0.1570365,34.55,0.154861111111111,1.65278,11.93465,0.663542620071984,1,0.451534635024411,4.47351539916501e-10,0.102171066598616,0.0464256661397385,1.79953652234916,0.978296523599357,0.228774577382109,0.0182177042265205,5.79114631779105,1.4682924698538,8.66618687481681,0.0168368221923206,0.441490383078545,0.100114832399319,0.000906916338668913,0.134990000124737,7.07573438608025,0.00049968986982028,0.468223357555741,1.3464119620812,0.425376434642763,0.246699470011578,61.6977305827375,18.4123851396457,136.332609769067,0.840239999999991,1.67175778546711
122,GA,500,0,0.115435766184651,3.94418598402665,4.64235150199378,5.19760658095589,0.0674056902674009,0.00657727631074845,0.0159582170284738,0.00657727631074845,0.113343416142512,0.0685203081287785,0.0159582170284738,0.0685203081287785,0.0495362723034005,34.3432649217616,3.33907359580378e-23,0.0362,0,0.0692,0.01,0.203136,0.0997904,0.023302,0.0063786,0,0.235996,3.8,0.00673868,0.37515,0.0888888888888889,0,0.00628146,1.382,0,0.0661112,0.477386,0.345761666483293,0,1.44,12.1,0.4995,2.19,5.0784,2.49476,0.58255,0.159465,21.0035842293907,5.8999,95,0.168467,9.37875,0.41875,2.91300251256281,0.1570365,34.55,0.154861111111111,1.65278,11.93465,0.663542620071984,1,0.451534635024411,4.47351539916501e-10,0.102171066598616,0.0464256661397385,1.79953652234916,0.978296523599357,0.228774577382109,0.0182177042265205,5.79114631779105,1.4682924698538,8.66618687481681,0.0168368221923206,0.441490383078545,0.100114832399319,0.000906916338668913,0.134990000124737,7.07573438608025,0.00049968986982028,0.468223357555741,1.3464119620812,0.425376434642763,0.246699470011578,61.6977305827375,18.4123851396457,136.332609769067,0.840239999999991,1.67175778546711
122,GA,500,0,0.115435766184651,3.94418598402665,4.64235150199378,5.19760658095589,0.0674056902674009,0.00657727631074845,0.0159582170284738,0.00657727631074845,0.113343416142512,0.0685203081287785,0.0159582170284738,0.0685203081287785,0.0495362723034005,34.3432649217616,0.00147279300223934,0.0362,0,0.0692,0.01,0.203136,0.0997904,0.023302,0.0063786,0,0.235996,3.8,0.00673868,0.37515,0.0888888888888889,0,0.00628146,1.382,0,0.0661112,0.477386,0.345761666483293,0,1.44,12.1,0.4995,2.19,5.0784,2.49476,0.58255,0.159465,21.0035842293907,5.8999,95,0.168467,9.37875,0.41875,2.91300251256281,0.1570365,34.55,0.154861111111111,1.65278,11.93465,0.663542620071984,1,0.037761354590067,1.91125428144723e-19,0.216957446744482,1.34836118321826,1.76532966397226,0.634153152411786,0.348417813679724,0.0498617830554837,3.14134904270369,0.909002146579157,12.6823436999435,0.0506118819857661,5.28140344196068,0.238672266017181,0.0125440359807552,0.0449328227495189,13.4180473057899,7.02895147309174e-12,0.746671937170596,0.984231384450645,0.562640894229742,0.816708454841973,54.093384240973,99.598994654436,176.045096708193,0.840239999999991,1.67175778546711
122,GA,500,1,0.115435766184651,3.94418598402665,4.64235150199378,5.19760658095589,0.0674056902674009,0.00657727631074845,0.0159582170284738,0.00657727631074845,0.113343416142512,0.0685203081287785,0.0159582170284738,0.0685203081287785,0.0495362723034005,34.3432649217616,0.0354209774930741,0.0362,0,0.0692,0.01,0.203136,0.0997904,0.023302,0.0063786,0,0.235996,3.8,0.00673868,0.37515,0.0888888888888889,0,0.00628146,1.382,0,0.0661112,0.477386,0.345761666483293,0,1.44,12.1,0.4995,2.19,5.0784,2.49476,0.58255,0.159465,21.0035842293907,5.8999,95,0.168467,9.37875,0.41875,2.91300251256281,0.1570365,34.55,0.154861111111111,1.65278,11.93465,0.663542620071984,1,0.287863162330782,7.2493608402609e-11,0.33554204560074,0.4164731485066,0.387630001463128,1.12395948825633,0.49197397476715,0.116941370040857,1.32601343917181,0.86975064501522,14.926305971165,0.0506118819857661,4.41960985970513,0.21957546169713,6.58246702598952e-11,0.0286726329341234,8.47494283828582,2.56679370224842e-21,0.0995151236192236,6.57989961638323,0.355751752726122,0.816708454841973,46.0417452280222,79.1891137011334,143.003045471272,0.840239999999991,1.67175778546711
122,GA,500,0,0.115435766184651,3.94418598402665,4.64235150199378,5.19760658095589,0.0674056902674009,0.00657727631074845,0.0159582170284738,0.00657727631074845,0.113343416142512,0.0685203081287785,0.0159582170284738,0.0685203081287785,0.0495362723034005,34.3432649217616,0.000142443016636705,0.0362,0,0.0692,0.01,0.203136,0.0997904,0.023302,0.0063786,0,0.235996,3.8,0.00673868,0.37515,0.0888888888888889,0,0.00628146,1.382,0,0.0661112,0.477386,0.345761666483293,0,1.44,12.1,0.4995,2.19,5.0784,2.49476,0.58255,0.159465,21.0035842293907,5.8999,95,0.168467,9.37875,0.41875,2.91300251256281,0.1570365,34.55,0.154861111111111,1.65278,11.93465,0.663542620071984,1,0.037761354590067,1.01575353823747e-10,0.33554204560074,1.42275540358593,1.14934849028098,1.12395948825633,0.49197397476715,0.0762888407553339,1.32601343917181,0.86975064501522,14.926305971165,0.0506118819857661,3.77906075033301,0.286025260217099,6.58246702598952e-11,0.0286726329341234,8.47494283828582,1.09348526756866e-12,0.0995151236192236,1.91953957030621,0.355751752726122,0.816708454841973,50.8003486799138,103.589259595549,177.637849848666,0.840239999999991,1.67175778546711
122,GA,500,0,0.115435766184651,3.94418598402665,4.64235150199378,5.19760658095589,0.0674056902674009,0.00657727631074845,0.0159582170284738,0.00657727631074845,0.113343416142512,0.0685203081287785,0.0159582170284738,0.0685203081287785,0.0495362723034005,34.3432649217616,0.000939475212935719,0.0362,0,0.0692,0.01,0.203136,0.0997904,0.023302,0.0063786,0,0.235996,3.8,0.00673868,0.37515,0.0888888888888889,0,0.00628146,1.382,0,0.0661112,0.477386,0.345761666483293,0,1.44,12.1,0.4995,2.19,5.0784,2.49476,0.58255,0.159465,21.0035842293907,5.8999,95,0.168467,9.37875,0.41875,2.91300251256281,0.1570365,34.55,0.154861111111111,1.65278,11.93465,0.663542620071984,1,0.37761354590067,1.37299261608059e-14,0.106675703561767,1.08322981141486,0.387630001463128,1.12395948825633,0.41732765724745,0.14687482971743,1.32601343917181,1.04379568744073,5.98824209110219,0.0648923444862926,4.41960985970513,0.112671916743538,2.07860579025522e-08,0.0134012083767732,10.5087260359772,0.00262250519838029,0.189665733937792,2.09251736849333,0.369146955385249,0.816708454841973,50.760810358184,133.789339410483,214.576108972143,0.840239999999991,1.67175778546711
122,GA,500,1,0.115435766184651,3.94418598402665,4.64235150199378,5.19760658095589,0.0674056902674009,0.00657727631074845,0.0159582170284738,0.00657727631074845,0.113343416142512,0.0685203081287785,0.0159582170284738,0.0685203081287785,0.0495362723034005,34.3432649217616,0.0246157556563305,0.0362,0,0.0692,0.01,0.203136,0.0997904,0.023302,0.0063786,0,0.235996,3.8,0.00673868,0.37515,0.0888888888888889,0,0.00628146,1.382,0,0.0661112,0.477386,0.345761666483293,0,1.44,12.1,0.4995,2.19,5.0784,2.49476,0.58255,0.159465,21.0035842293907,5.8999,95,0.168467,9.37875,0.41875,2.91300251256281,0.1570365,34.55,0.154861111111111,1.65278,11.93465,0.663542620071984,1,0.37761354590067,5.8560023495594e-16,0.283075628844445,0.403940347586626,0.387630001463128,0.599390440915207,0.41732765724745,0.0811289049218722,1.32601343917181,1.04379568744073,14.926305971165,0.00904302294383951,4.41960985970513,0.21957546169713,7.65805658500133e-16,0.0134012083767732,10.5087260359772,0.0262250519838029,0.189665733937792,3.36791779424044,0.459244421647998,0.816708454841973,52.9055254577565,153.16945827228,240.450367640047,0.840239999999991,1.67175778546711
122,GA,500,1,0.115435766184651,3.94418598402665,4.64235150199378,5.19760658095589,0.0674056902674009,0.00657727631074845,0.0159582170284738,0.00657727631074845,0.113343416142512,0.0685203081287785,0.0159582170284738,0.0685203081287785,0.0495362723034005,34.3432649217616,0.0135847576986076,0.0362,0,0.0692,0.01,0.203136,0.0997904,0.023302,0.0063786,0,0.235996,3.8,0.00673868,0.37515,0.0888888888888889,0,0.00628146,1.382,0,0.0661112,0.477386,0.345761666483293,0,1.44,12.1,0.4995,2.19,5.0784,2.49476,0.58255,0.159465,21.0035842293907,5.8999,95,0.168467,9.37875,0.41875,2.91300251256281,0.1570365,34.55,0.154861111111111,1.65278,11.93465,0.663542620071984,1,0.37761354590067,1.37299261608059e-14,0.106675703561767,1.08322981141486,1.65259867218287,0.877964643016063,0.41732765724745,0.0899131564015404,5.90790648835231,0.514095775517382,5.98824209110219,0.0648923444862926,1.15570663578898,0.112671916743538,0.000328494123625727,0.0831445859145277,4.70899666999124,0.000709651237225947,0.215874046111236,2.09251736849333,0.566236563537123,0.816708454841973,49.377273042429,99.5811861692759,171.307180317044,0.840239999999991,1.67175778546711
122,GA,500,1,0.115435766184651,3.94418598402665,4.64235150199378,5.19760658095589,0.0674056902674009,0.00657727631074845,0.0159582170284738,0.00657727631074845,0.113343416142512,0.0685203081287785,0.0159582170284738,0.0685203081287785,0.0495362723034005,34.3432649217616,0.068956899083474,0.0362,0,0.0692,0.01,0.203136,0.0997904,0.023302,0.0063786,0,0.235996,3.8,0.00673868,0.37515,0.0888888888888889,0,0.00628146,1.382,0,0.0661112,0.477386,0.345761666483293,0,1.44,12.1,0.4995,2.19,5.0784,2.49476,0.58255,0.159465,21.0035842293907,5.8999,95,0.168467,9.37875,0.41875,2.91300251256281,0.1570365,34.55,0.154861111111111,1.65278,11.93465,0.663542620071984,1,0.0433194100463836,1.01575353823747e-10,0.178078481620148,0.713253352272425,1.14934849028098,1.62039099555622,0.37644961902334,0.12125677610034,0.612778689654417,3.55390927023668,14.926305971165,0.0506118819857661,5.13153400797091,0.264282008785214,2.30791528101226e-07,0.0167948478932038,15.4309180351339,4.23135354067356e-05,0.468223357555741,4.91415052830041,0.612419483874119,0.958933295004431,47.4999361473584,111.951136299087,164.24542499658,0.840239999999991,1.67175778546711
122,GA,500,1,0.115435766184651,3.94418598402665,4.64235150199378,5.19760658095589,0.0674056902674009,0.00657727631074845,0.0159582170284738,0.00657727631074845,0.113343416142512,0.0685203081287785,0.0159582170284738,0.0685203081287785,0.0495362723034005,34.3432649217616,0.028565211840405,0.0362,0,0.0692,0.01,0.203136,0.0997904,0.023302,0.0063786,0,0.235996,3.8,0.00673868,0.37515,0.0888888888888889,0,0.00628146,1.382,0,0.0661112,0.477386,0.345761666483293,0,1.44,12.1,0.4995,2.19,5.0784,2.49476,0.58255,0.159465,21.0035842293907,5.8999,95,0.168467,9.37875,0.41875,2.91300251256281,0.1570365,34.55,0.154861111111111,1.65278,11.93465,0.663542620071984,1,0.325032270570951,6.85490059604685e-09,0.484352991439676,0.643520979294017,0.387630001463128,0.485466703817779,0.343850183933329,0.116941370040857,1.32601343917181,0.86975064501522,14.926305971165,0.0648923444862926,3.88552556880721,0.112671916743538,0.720582340436969,0.0286726329341234,8.47494283828582,4.24375451749881e-12,0.189665733937792,3.36791779424044,0.459244421647998,0.816708454841973,43.7629921982728,93.1869734629754,157.863651877382,0.840239999999991,1.67175778546711
122,GA,500,0,0.115435766184651,3.94418598402665,4.64235150199378,5.19760658095589,0.0674056902674009,0.00657727631074845,0.0159582170284738,0.00657727631074845,0.113343416142512,0.0685203081287785,0.0159582170284738,0.0685203081287785,0.0495362723034005,34.3432649217616,0.005398879603413,0.0362,0,0.0692,0.01,0.203136,0.0997904,0.023302,0.0063786,0,0.235996,3.8,0.00673868,0.37515,0.0888888888888889,0,0.00628146,1.382,0,0.0661112,0.477386,0.345761666483293,0,1.44,12.1,0.4995,2.19,5.0784,2.49476,0.58255,0.159465,21.0035842293907,5.8999,95,0.168467,9.37875,0.41875,2.91300251256281,0.1570365,34.55,0.154861111111111,1.65278,11.93465,0.663542620071984,1,1.28546080185,1.37299261608059e-14,0.33554204560074,1.08322981141486,0.387630001463128,1.12395948825633,0.453194669911342,0.0130068322654442,5.07103231405381,0.542593604765535,14.926305971165,0.0199175197130509,1.72395307910794,0.141579085901488,6.58246702598952e-11,0.00851853165735287,7.6076673932228,0.00229675354763269,0.619789626045754,1.520709874815,0.582374958445711,0.816708454841973,56.4594246499236,111.460134971711,192.934239268168,0.840239999999991,1.67175778546711
122,GA,500,1,0.115435766184651,3.94418598402665,4.64235150199378,5.19760658095589,0.0674056902674009,0.00657727631074845,0.0159582170284738,0.00657727631074845,0.113343416142512,0.0685203081287785,0.0159582170284738,0.0685203081287785,0.0495362723034005,34.3432649217616,0.0254309006185772,0.0362,0,0.0692,0.01,0.203136,0.0997904,0.023302,0.0063786,0,0.235996,3.8,0.00673868,0.37515,0.0888888888888889,0,0.00628146,1.382,0,0.0661112,0.477386,0.345761666483293,0,1.44,12.1,0.4995,2.19,5.0784,2.49476,0.58255,0.159465,21.0035842293907,5.8999,95,0.168467,9.37875,0.41875,2.91300251256281,0.1570365,34.55,0.154861111111111,1.65278,11.93465,0.663542620071984,1,0.846322127465164,4.4161967744314e-16,0.302916684563202,1.08322981141486,0.387630001463128,0.855711087738488,0.447718646133985,0.0517588981639037,1.32601343917181,5.44676079909891,37.3832130452404,0.0648923444862926,4.41960985970513,0.104483039259776,2.27825509418121e-11,0.0110275043040882,10.5087260359772,0.00979718785011584,0.251676170943088,1.1875174483351,0.574096774166235,0.816708454841973,34.8755683147526,95.2034159042692,151.445214851215,0.840239999999991,1.67175778546711
122,GA,500,0,0.115435766184651,3.94418598402665,4.64235150199378,5.19760658095589,0.0674056902674009,0.00657727631074845,0.0159582170284738,0.00657727631074845,0.113343416142512,0.0685203081287785,0.0159582170284738,0.0685203081287785,0.0495362723034005,34.3432649217616,0.00158546945053456,0.0362,0,0.0692,0.01,0.203136,0.0997904,0.023302,0.0063786,0,0.235996,3.8,0.00673868,0.37515,0.0888888888888889,0,0.00628146,1.382,0,0.0661112,0.477386,0.345761666483293,0,1.44,12.1,0.4995,2.19,5.0784,2.49476,0.58255,0.159465,21.0035842293907,5.8999,95,0.168467,9.37875,0.41875,2.91300251256281,0.1570365,34.55,0.154861111111111,1.65278,11.93465,0.663542620071984,1,0.325032270570951,6.85490059604685e-09,0.106675703561767,1.08322981141486,0.387630001463128,1.12395948825633,0.437382911035942,0.14687482971743,1.32601343917181,0.458086460011602,5.98824209110219,0.0648923444862926,4.41960985970513,0.112671916743538,2.07860579025522e-07,0.0134012083767732,10.5087260359772,0.0262250519838029,0.189665733937792,3.36791779424044,0.459244421647998,0.816708454841973,53.8984378832183,100.088214179609,176.44916401593,0.840239999999991,1.67175778546711
122,GA,500,1,0.115435766184651,3.94418598402665,4.64235150199378,5.19760658095589,0.0674056902674009,0.00657727631074845,0.0159582170284738,0.00657727631074845,0.113343416142512,0.0685203081287785,0.0159582170284738,0.0685203081287785,0.0495362723034005,34.3432649217616,0.0190924742177256,0.0362,0,0.0692,0.01,0.203136,0.0997904,0.023302,0.0063786,0,0.235996,3.8,0.00673868,0.37515,0.0888888888888889,0,0.00628146,1.382,0,0.0661112,0.477386,0.345761666483293,0,1.44,12.1,0.4995,2.19,5.0784,2.49476,0.58255,0.159465,21.0035842293907,5.8999,95,0.168467,9.37875,0.41875,2.91300251256281,0.1570365,34.55,0.154861111111111,1.65278,11.93465,0.663542620071984,1,0.966371224542811,1.95380467246724e-06,0.106675703561767,1.08322981141486,0.537354415707005,0.704849724000353,0.49197397476715,0.0430102186428343,1.32601343917181,0.377581296972491,14.926305971165,0.0648923444862926,0.44941934386744,0.112671916743538,6.58246702598952e-11,0.0134012083767732,2.84249104476916,0.0262250519838029,0.995151236192236,2.09251736849333,0.369146955385249,0.816708454841973,66.5204117110731,79.0601784617738,163.323840147566,0.840239999999991,1.67175778546711
122,GA,500,1,0.115435766184651,3.94418598402665,4.64235150199378,5.19760658095589,0.0674056902674009,0.00657727631074845,0.0159582170284738,0.00657727631074845,0.113343416142512,0.0685203081287785,0.0159582170284738,0.0685203081287785,0.0495362723034005,34.3432649217616,0.0124881157670046,0.0362,0,0.0692,0.01,0.203136,0.0997904,0.023302,0.0063786,0,0.235996,3.8,0.00673868,0.37515,0.0888888888888889,0,0.00628146,1.382,0,0.0661112,0.477386,0.345761666483293,0,1.44,12.1,0.4995,2.19,5.0784,2.49476,0.58255,0.159465,21.0035842293907,5.8999,95,0.168467,9.37875,0.41875,2.91300251256281,0.1570365,34.55,0.154861111111111,1.65278,11.93465,0.663542620071984,1,0.037761354590067,7.2493608402609e-11,0.33554204560074,0.84745896001386,0.387630001463128,0.112395948825633,0.49197397476715,0.116941370040857,1.32601343917181,0.86975064501522,14.926305971165,0.0506118819857661,3.88552556880721,0.21957546169713,3.81234982264063e-15,0.0286726329341234,8.47494283828582,2.56679370224842e-21,0.0995151236192236,6.57989961638323,0.355751752726122,0.816708454841973,50.8885814839834,92.9638440739393,164.716035482763,0.840239999999991,1.67175778546711
122,GA,500,1,0.115435766184651,3.94418598402665,4.64235150199378,5.19760658095589,0.0674056902674009,0.00657727631074845,0.0159582170284738,0.00657727631074845,0.113343416142512,0.0685203081287785,0.0159582170284738,0.0685203081287785,0.0495362723034005,34.3432649217616,0.0241244557652009,0.0362,0,0.0692,0.01,0.203136,0.0997904,0.023302,0.0063786,0,0.235996,3.8,0.00673868,0.37515,0.0888888888888889,0,0.00628146,1.382,0,0.0661112,0.477386,0.345761666483293,0,1.44,12.1,0.4995,2.19,5.0784,2.49476,0.58255,0.159465,21.0035842293907,5.8999,95,0.168467,9.37875,0.41875,2.91300251256281,0.1570365,34.55,0.154861111111111,1.65278,11.93465,0.663542620071984,1,0.0364773007124725,7.2493608402609e-11,0.175568746341126,0.548611476968481,0.365120411627262,2.22731895760549,0.49197397476715,0.121081881445505,6.0729948551954,0.75955891183756,14.926305971165,0.019650370623051,3.88552556880721,0.146977928848924,0.0342583044615642,0.0278347340890146,5.33800630674243,2.3987064347067e-11,0.207128414256045,0.787016734413597,0.355751752726122,0.816708454841973,53.5753249998338,109.087871294121,187.145475580959,0.840239999999991,1.67175778546711
122,GA,500,1,0.115435766184651,3.94418598402665,4.64235150199378,5.19760658095589,0.0674056902674009,0.00657727631074845,0.0159582170284738,0.00657727631074845,0.113343416142512,0.0685203081287785,0.0159582170284738,0.0685203081287785,0.0495362723034005,34.3432649217616,0.0403962654784858,0.0362,0,0.0692,0.01,0.203136,0.0997904,0.023302,0.0063786,0,0.235996,3.8,0.00673868,0.37515,0.0888888888888889,0,0.00628146,1.382,0,0.0661112,0.477386,0.345761666483293,0,1.44,12.1,0.4995,2.19,5.0784,2.49476,0.58255,0.159465,21.0035842293907,5.8999,95,0.168467,9.37875,0.41875,2.91300251256281,0.1570365,34.55,0.154861111111111,1.65278,11.93465,0.663542620071984,1,0.037761354590067,6.85490059604685e-08,0.379716216609904,1.08322981141486,0.387630001463128,1.12395948825633,0.437382911035942,0.0577263879409969,1.32601343917181,1.04379568744073,5.98824209110219,0.03980139721935,5.74951642081302,0.264282008785214,0.809494118959263,0.0134012083767732,19.4665839831213,4.23135354067356e-06,1.29606487869952,3.36791779424044,0.617038772445126,0.816708454841973,63.6657304102376,73.2079897870758,153.30358018766,0.840239999999991,1.67175778546711
122,GA,500,0,0.115435766184651,3.94418598402665,4.64235150199378,5.19760658095589,0.0674056902674009,0.00657727631074845,0.0159582170284738,0.00657727631074845,0.113343416142512,0.0685203081287785,0.0159582170284738,0.0685203081287785,0.0495362723034005,34.3432649217616,0.00378986308988241,0.0362,0,0.0692,0.01,0.203136,0.0997904,0.023302,0.0063786,0,0.235996,3.8,0.00673868,0.37515,0.0888888888888889,0,0.00628146,1.382,0,0.0661112,0.477386,0.345761666483293,0,1.44,12.1,0.4995,2.19,5.0784,2.49476,0.58255,0.159465,21.0035842293907,5.8999,95,0.168467,9.37875,0.41875,2.91300251256281,0.1570365,34.55,0.154861111111111,1.65278,11.93465,0.663542620071984,1,0.582683501613331,4.24768382833096e-15,0.239919977357982,1.08322981141486,0.387630001463128,0.558146291259839,0.49197397476715,0.116941370040857,1.32601343917181,1.44873097982681,6.85502581168269,0.0506118819857661,3.88552556880721,0.21957546169713,6.58246702598952e-11,0.0286726329341234,11.7048172577826,0.0262250519838029,0.995151236192236,8.61789905600272,0.355751752726122,0.816708454841973,60.7391757499719,133.585129961911,224.304434772249,0.840239999999991,1.67175778546711
122,GA,500,0,0.115435766184651,3.94418598402665,4.64235150199378,5.19760658095589,0.0674056902674009,0.00657727631074845,0.0159582170284738,0.00657727631074845,0.113343416142512,0.0685203081287785,0.0159582170284738,0.0685203081287785,0.0495362723034005,34.3432649217616,0.0146803729039193,0.0362,0,0.0692,0.01,0.203136,0.0997904,0.023302,0.0063786,0,0.235996,3.8,0.00673868,0.37515,0.0888888888888889,0,0.00628146,1.382,0,0.0661112,0.477386,0.345761666483293,0,1.44,12.1,0.4995,2.19,5.0784,2.49476,0.58255,0.159465,21.0035842293907,5.8999,95,0.168467,9.37875,0.41875,2.91300251256281,0.1570365,34.55,0.154861111111111,1.65278,11.93465,0.663542620071984,1,0.0579336716891335,3.93122029552588e-11,0.33554204560074,1.08322981141486,0.387630001463128,1.12395948825633,0.49197397476715,0.116941370040857,1.32601343917181,1.10872920168068,31.3663113448301,0.0506118819857661,1.92552046209526,0.21957546169713,4.42154207855395e-11,0.0286726329341234,8.47494283828582,0.00262250519838029,0.0995151236192236,8.61789905600272,0.463918869409394,0.816708454841973,74.9141797611897,109.780999020206,209.333014743677,0.840239999999991,1.67175778546711
122,GA,500,1,0.115435766184651,3.94418598402665,4.64235150199378,5.19760658095589,0.0674056902674009,0.00657727631074845,0.0159582170284738,0.00657727631074845,0.113343416142512,0.0685203081287785,0.0159582170284738,0.0685203081287785,0.0495362723034005,34.3432649217616,0.0291003102532914,0.0362,0,0.0692,0.01,0.203136,0.0997904,0.023302,0.0063786,0,0.235996,3.8,0.00673868,0.37515,0.0888888888888889,0,0.00628146,1.382,0,0.0661112,0.477386,0.345761666483293,0,1.44,12.1,0.4995,2.19,5.0784,2.49476,0.58255,0.159465,21.0035842293907,5.8999,95,0.168467,9.37875,0.41875,2.91300251256281,0.1570365,34.55,0.154861111111111,1.65278,11.93465,0.663542620071984,1,0.421025277896397,7.2493608402609e-11,0.33554204560074,0.169706618292186,0.387630001463128,0.408941158666186,0.206610743288249,0.116941370040857,1.32601343917181,0.86975064501522,9.78893295824141,0.0491137450021722,3.88552556880721,0.21957546169713,7.10870042973419e-11,0.0286726329341234,8.47494283828582,0.00262250519838029,0.0995151236192236,8.61789905600272,0.355751752726122,0.816708454841973,41.9457280885251,162.10177475336,240.427541019831,0.840239999999991,1.67175778546711
122,GA,500,1,0.115435766184651,3.94418598402665,4.64235150199378,5.19760658095589,0.0674056902674009,0.00657727631074845,0.0159582170284738,0.00657727631074845,0.113343416142512,0.0685203081287785,0.0159582170284738,0.0685203081287785,0.0495362723034005,34.3432649217616,0.0787258343590102,0.0362,0,0.0692,0.01,0.203136,0.0997904,0.023302,0.0063786,0,0.235996,3.8,0.00673868,0.37515,0.0888888888888889,0,0.00628146,1.382,0,0.0661112,0.477386,0.345761666483293,0,1.44,12.1,0.4995,2.19,5.0784,2.49476,0.58255,0.159465,21.0035842293907,5.8999,95,0.168467,9.37875,0.41875,2.91300251256281,0.1570365,34.55,0.154861111111111,1.65278,11.93465,0.663542620071984,1,0.037761354590067,6.85490059604685e-08,0.106675703561767,0.108322981141486,0.387630001463128,0.877964643016063,0.049197397476715,0.0811289049218722,1.32601343917181,5.72752345947607,36.7058281819495,0.0506118819857661,4.41960985970513,0.21957546169713,6.58246702598952e-11,0.0831445859145277,10.5087260359772,0.00262250519838029,0.0995151236192236,2.09251736849333,0.355751752726122,0.816708454841973,31.3643106282454,129.690128930964,190.160424666343,0.840239999999991,1.67175778546711
122,GA,500,1,0.115435766184651,3.94418598402665,4.64235150199378,5.19760658095589,0.0674056902674009,0.00657727631074845,0.0159582170284738,0.00657727631074845,0.113343416142512,0.0685203081287785,0.0159582170284738,0.0685203081287785,0.0495362723034005,34.3432649217616,0.0347926798612264,0.0362,0,0.0692,0.01,0.203136,0.0997904,0.023302,0.0063786,0,0.235996,3.8,0.00673868,0.37515,0.0888888888888889,0,0.00628146,1.382,0,0.0661112,0.477386,0.345761666483293,0,1.44,12.1,0.4995,2.19,5.0784,2.49476,0.58255,0.159465,21.0035842293907,5.8999,95,0.168467,9.37875,0.41875,2.91300251256281,0.1570365,34.55,0.154861111111111,1.65278,11.93465,0.663542620071984,1,0.335473950630249,2.52234108540636e-14,0.236230025395625,0.955776990017137,0.346722442424389,1.13749708476121,0.437382911035942,0.0897190927538993,10.8926309164505,5.72752345947607,9.0217710656613,0.03980139721935,1.70561397407679,0.236305113431705,4.11832568700418e-18,0.00831445859145277,15.4309180351339,9.72797905625576e-20,0.189438796146866,1.79322779311319,0.459244421647998,0.958933295004431,50.5598775472901,151.008085437224,208.034945129052,0.840239999999991,1.67175778546711
122,GA,500,0,0.115435766184651,3.94418598402665,4.64235150199378,5.19760658095589,0.0674056902674009,0.00657727631074845,0.0159582170284738,0.00657727631074845,0.113343416142512,0.0685203081287785,0.0159582170284738,0.0685203081287785,0.0495362723034005,34.3432649217616,0,0.0362,0,0.0692,0.01,0.203136,0.0997904,0.023302,0.0063786,0,0.235996,3.8,0.00673868,0.37515,0.0888888888888889,0,0.00628146,1.382,0,0.0661112,0.477386,0.345761666483293,0,1.44,12.1,0.4995,2.19,5.0784,2.49476,0.58255,0.159465,21.0035842293907,5.8999,95,0.168467,9.37875,0.41875,2.91300251256281,0.1570365,34.55,0.154861111111111,1.65278,11.93465,0.663542620071984,1,0.037761354590067,7.2493608402609e-11,0.33554204560074,1.08322981141486,0.387630001463128,1.12395948825633,0.49197397476715,0.116941370040857,1.32601343917181,0.86975064501522,14.926305971165,0.0506118819857661,3.88552556880721,0.21957546169713,6.58246702598952e-11,0.0286726329341234,8.47494283828582,0.0262250519838029,0.995151236192236,8.61789905600272,0.355751752726122,0.816708454841973,51.0174337360605,102.866483563477,176.969948312857,0.840239999999991,1.67175778546711
122,GA,500,0,0.115435766184651,3.94418598402665,4.64235150199378,5.19760658095589,0.0674056902674009,0.00657727631074845,0.0159582170284738,0.00657727631074845,0.113343416142512,0.0685203081287785,0.0159582170284738,0.0685203081287785,0.0495362723034005,34.3432649217616,0.0199371440030641,0.0362,0,0.0692,0.01,0.203136,0.0997904,0.023302,0.0063786,0,0.235996,3.8,0.00673868,0.37515,0.0888888888888889,0,0.00628146,1.382,0,0.0661112,0.477386,0.345761666483293,0,1.44,12.1,0.4995,2.19,5.0784,2.49476,0.58255,0.159465,21.0035842293907,5.8999,95,0.168467,9.37875,0.41875,2.91300251256281,0.1570365,34.55,0.154861111111111,1.65278,11.93465,0.663542620071984,1,0.582683501613331,2.56744490008092e-13,0.188172458408023,0.84745896001386,0.387630001463128,1.12395948825633,0.49197397476715,0.0576827980048167,8.39794733154318,0.38665908947302,7.77088348319876,0.0322242209876462,4.41960985970513,0.180384065676799,6.58246702598952e-11,0.0286726329341234,8.47494283828582,1.38695515175163e-19,0.0762171760856114,1.96910767623804,0.42448203057904,0.816708454841973,70.3648670746498,103.862023072819,197.536347248583,0.840239999999991,1.67175778546711
122,GA,500,1,0.115435766184651,3.94418598402665,4.64235150199378,5.19760658095589,0.0674056902674009,0.00657727631074845,0.0159582170284738,0.00657727631074845,0.113343416142512,0.0685203081287785,0.0159582170284738,0.0685203081287785,0.0495362723034005,34.3432649217616,0.0315251280183793,0.0362,0,0.0692,0.01,0.203136,0.0997904,0.023302,0.0063786,0,0.235996,3.8,0.00673868,0.37515,0.0888888888888889,0,0.00628146,1.382,0,0.0661112,0.477386,0.345761666483293,0,1.44,12.1,0.4995,2.19,5.0784,2.49476,0.58255,0.159465,21.0035842293907,5.8999,95,0.168467,9.37875,0.41875,2.91300251256281,0.1570365,34.55,0.154861111111111,1.65278,11.93465,0.663542620071984,1,0.37761354590067,7.2493608402609e-11,0.33554204560074,1.08322981141486,0.387630001463128,1.12395948825633,0.49197397476715,0.116941370040857,13.2601343917181,0.86975064501522,14.926305971165,0.0506118819857661,3.88552556880721,0.21957546169713,6.58246702598952e-11,0.0286726329341234,8.47494283828582,0.0262250519838029,0.995151236192236,8.61789905600272,0.355751752726122,0.816708454841973,67.0743545772913,132.229256056863,228.979444787785,0.840239999999991,1.67175778546711
122,GA,500,1,0.115435766184651,3.94418598402665,4.64235150199378,5.19760658095589,0.0674056902674009,0.00657727631074845,0.0159582170284738,0.00657727631074845,0.113343416142512,0.0685203081287785,0.0159582170284738,0.0685203081287785,0.0495362723034005,34.3432649217616,0.0182732203735401,0.0362,0,0.0692,0.01,0.203136,0.0997904,0.023302,0.0063786,0,0.235996,3.8,0.00673868,0.37515,0.0888888888888889,0,0.00628146,1.382,0,0.0661112,0.477386,0.345761666483293,0,1.44,12.1,0.4995,2.19,5.0784,2.49476,0.58255,0.159465,21.0035842293907,5.8999,95,0.168467,9.37875,0.41875,2.91300251256281,0.1570365,34.55,0.154861111111111,1.65278,11.93465,0.663542620071984,1,1.02498647206923,6.85490059604685e-09,0.106675703561767,0.403940347586626,0.374289070832957,1.02099603855866,0.49197397476715,0.0897190927538993,5.0164151770343,0.847077203642985,15.8254897119093,0.0481444305343451,4.41960985970513,0.110816348482218,0.809494118959263,0.121417845926654,8.33768186817541,0.00455641351503753,1.29606487869952,0.68839903158064,0.459244421647998,0.958933295004431,55.0971018791114,90.4618094901141,149.432974834379,0.840239999999991,1.67175778546711
122,GA,500,1,0.115435766184651,3.94418598402665,4.64235150199378,5.19760658095589,0.0674056902674009,0.00657727631074845,0.0159582170284738,0.00657727631074845,0.113343416142512,0.0685203081287785,0.0159582170284738,0.0685203081287785,0.0495362723034005,34.3432649217616,0.0254408926624862,0.0362,0,0.0692,0.01,0.203136,0.0997904,0.023302,0.0063786,0,0.235996,3.8,0.00673868,0.37515,0.0888888888888889,0,0.00628146,1.382,0,0.0661112,0.477386,0.345761666483293,0,1.44,12.1,0.4995,2.19,5.0784,2.49476,0.58255,0.159465,21.0035842293907,5.8999,95,0.168467,9.37875,0.41875,2.91300251256281,0.1570365,34.55,0.154861111111111,1.65278,11.93465,0.663542620071984,1,0.325032270570951,4.47351539916501e-10,0.102171066598616,1.08322981141486,0.387630001463128,1.12395948825633,0.49197397476715,0.0811289049218722,1.32601343917181,0.86975064501522,14.926305971165,0.0506118819857661,4.41960985970513,0.21957546169713,6.58246702598952e-11,0.0286726329341234,8.47494283828582,0.0262250519838029,0.995151236192236,8.61789905600272,0.355751752726122,0.816708454841973,44.7654197874955,85.0955292907157,148.95869559628,0.840239999999991,1.67175778546711
122,GA,500,1,0.115435766184651,3.94418598402665,4.64235150199378,5.19760658095589,0.0674056902674009,0.00657727631074845,0.0159582170284738,0.00657727631074845,0.113343416142512,0.0685203081287785,0.0159582170284738,0.0685203081287785,0.0495362723034005,34.3432649217616,0.0182996129312489,0.0362,0,0.0692,0.01,0.203136,0.0997904,0.023302,0.0063786,0,0.235996,3.8,0.00673868,0.37515,0.0888888888888889,0,0.00628146,1.382,0,0.0661112,0.477386,0.345761666483293,0,1.44,12.1,0.4995,2.19,5.0784,2.49476,0.58255,0.159465,21.0035842293907,5.8999,95,0.168467,9.37875,0.41875,2.91300251256281,0.1570365,34.55,0.154861111111111,1.65278,11.93465,0.663542620071984,1,0.937600931456682,4.24768382833096e-15,0.102171066598616,0.84745896001386,0.387630001463128,0.882600469421692,0.49197397476715,0.0454726069422871,7.57890057586727,1.44873097982681,14.926305971165,0.0192763124463403,4.41960985970513,0.21957546169713,0.000906916338668913,0.0175322492207075,7.07573438608025,2.56679370224842e-21,0.0844298921068291,1.3464119620812,0.438592212685462,0.816708454841973,42.6103447336952,145.542084593179,220.816023553734,0.840239999999991,1.67175778546711
122,GA,500,1,0.115435766184651,3.94418598402665,4.64235150199378,5.19760658095589,0.0674056902674009,0.00657727631074845,0.0159582170284738,0.00657727631074845,0.113343416142512,0.0685203081287785,0.0159582170284738,0.0685203081287785,0.0495362723034005,34.3432649217616,0.0487886502601799,0.0362,0,0.0692,0.01,0.203136,0.0997904,0.023302,0.0063786,0,0.235996,3.8,0.00673868,0.37515,0.0888888888888889,0,0.00628146,1.382,0,0.0661112,0.477386,0.345761666483293,0,1.44,12.1,0.4995,2.19,5.0784,2.49476,0.58255,0.159465,21.0035842293907,5.8999,95,0.168467,9.37875,0.41875,2.91300251256281,0.1570365,34.55,0.154861111111111,1.65278,11.93465,0.663542620071984,1,0.037761354590067,7.2493608402609e-11,0.33554204560074,1.08322981141486,0.387630001463128,1.12395948825633,0.49197397476715,0.0811289049218722,1.32601343917181,5.12485638195356,25.4442697678591,0.0506118819857661,3.88552556880721,0.21957546169713,6.58246702598952e-11,0.0286726329341234,16.8612041775535,0.0262250519838029,0.0672498050960735,4.09456305560179,0.355751752726122,0.816708454841973,61.0033202302376,68.9302982421411,145.403448370797,0.840239999999991,1.67175778546711
122,GA,500,0,0.115435766184651,3.94418598402665,4.64235150199378,5.19760658095589,0.0674056902674009,0.00657727631074845,0.0159582170284738,0.00657727631074845,0.113343416142512,0.0685203081287785,0.0159582170284738,0.0685203081287785,0.0495362723034005,34.3432649217616,0.00353593664067154,0.0362,0,0.0692,0.01,0.203136,0.0997904,0.023302,0.0063786,0,0.235996,3.8,0.00673868,0.37515,0.0888888888888889,0,0.00628146,1.382,0,0.0661112,0.477386,0.345761666483293,0,1.44,12.1,0.4995,2.19,5.0784,2.49476,0.58255,0.159465,21.0035842293907,5.8999,95,0.168467,9.37875,0.41875,2.91300251256281,0.1570365,34.55,0.154861111111111,1.65278,11.93465,0.663542620071984,1,0.0974935905963451,1.01575353823747e-10,0.199750355576975,1.08322981141486,0.387630001463128,0.484065406378736,0.580922548533809,0.116941370040857,1.32601343917181,0.479429406634163,14.926305971165,0.0648923444862926,4.41960985970513,0.21957546169713,4.32235117954972e-08,0.00764469950633358,9.24267944991553,1.21434944702516e-09,0.995151236192236,2.09251736849333,0.355751752726122,0.816708454841973,56.5530645914786,75.3556033055322,148.820510653504,0.840239999999991,1.67175778546711
122,GA,500,0,0.115435766184651,3.94418598402665,4.64235150199378,5.19760658095589,0.0674056902674009,0.00657727631074845,0.0159582170284738,0.00657727631074845,0.113343416142512,0.0685203081287785,0.0159582170284738,0.0685203081287785,0.0495362723034005,34.3432649217616,0.0189568021927659,0.0362,0,0.0692,0.01,0.203136,0.0997904,0.023302,0.0063786,0,0.235996,3.8,0.00673868,0.37515,0.0888888888888889,0,0.00628146,1.382,0,0.0661112,0.477386,0.345761666483293,0,1.44,12.1,0.4995,2.19,5.0784,2.49476,0.58255,0.159465,21.0035842293907,5.8999,95,0.168467,9.37875,0.41875,2.91300251256281,0.1570365,34.55,0.154861111111111,1.65278,11.93465,0.663542620071984,1,0.0586054674112896,0.00612983746815601,0.106675703561767,1.08322981141486,1.65259867218287,0.833025759564678,0.319397707723818,0.0182177042265205,5.90790648835231,1.10872920168068,6.61284267018736,0.0175983574916259,4.83097893023621,0.368925799606527,0.0144425287381279,0.048471069776101,6.13049498337991,9.44481353917248e-11,1.50114006656533,1.3464119620812,0.410186622671693,0.816708454841973,35.1915877035273,87.6062085224438,142.459007310926,0.840239999999991,1.67175778546711
122,GA,500,1,0.115435766184651,3.94418598402665,4.64235150199378,5.19760658095589,0.0674056902674009,0.00657727631074845,0.0159582170284738,0.00657727631074845,0.113343416142512,0.0685203081287785,0.0159582170284738,0.0685203081287785,0.0495362723034005,34.3432649217616,0.0333178765745408,0.0362,0,0.0692,0.01,0.203136,0.0997904,0.023302,0.0063786,0,0.235996,3.8,0.00673868,0.37515,0.0888888888888889,0,0.00628146,1.382,0,0.0661112,0.477386,0.345761666483293,0,1.44,12.1,0.4995,2.19,5.0784,2.49476,0.58255,0.159465,21.0035842293907,5.8999,95,0.168467,9.37875,0.41875,2.91300251256281,0.1570365,34.55,0.154861111111111,1.65278,11.93465,0.663542620071984,1,0.037761354590067,0.0801360425467191,0.359405439341807,1.08322981141486,0.387630001463128,0.877964643016063,0.465398182006067,0.116941370040857,1.32601343917181,0.86975064501522,41.0765181656135,0.03980139721935,4.62808564748371,0.142150953110689,6.58246702598952e-12,0.0286726329341234,15.4309180351339,1.12582065818624e-10,0.0931956332221361,6.30713884934854,0.480963683397137,0.816708454841973,66.4824879773927,147.489727191899,247.072913260105,0.840239999999991,1.67175778546711
122,GA,500,1,0.115435766184651,3.94418598402665,4.64235150199378,5.19760658095589,0.0674056902674009,0.00657727631074845,0.0159582170284738,0.00657727631074845,0.113343416142512,0.0685203081287785,0.0159582170284738,0.0685203081287785,0.0495362723034005,34.3432649217616,0.0451383434892873,0.0362,0,0.0692,0.01,0.203136,0.0997904,0.023302,0.0063786,0,0.235996,3.8,0.00673868,0.37515,0.0888888888888889,0,0.00628146,1.382,0,0.0661112,0.477386,0.345761666483293,0,1.44,12.1,0.4995,2.19,5.0784,2.49476,0.58255,0.159465,21.0035842293907,5.8999,95,0.168467,9.37875,0.41875,2.91300251256281,0.1570365,34.55,0.154861111111111,1.65278,11.93465,0.663542620071984,1,0.410149823864621,2.04595178831652e-10,0.106675703561767,0.0250637608020788,0.387630001463128,0.19851746852343,0.0561075111384926,0.0107654113132253,1.32601343917181,2.36585782830301,4.48230758670022,0.108362198853306,3.17679634748729,0.12647110200761,0.0126020088799756,0.0134012083767732,11.0295799049202,5.70149887400548e-19,0.989112365061969,2.09251736849333,0.369146955385249,0.785102183241887,46.1390029596629,114.858701524714,192.436776646182,0.840239999999991,1.67175778546711
122,GA,500,1,0.115435766184651,3.94418598402665,4.64235150199378,5.19760658095589,0.0674056902674009,0.00657727631074845,0.0159582170284738,0.00657727631074845,0.113343416142512,0.0685203081287785,0.0159582170284738,0.0685203081287785,0.0495362723034005,34.3432649217616,0.0451358012542579,0.0362,0,0.0692,0.01,0.203136,0.0997904,0.023302,0.0063786,0,0.235996,3.8,0.00673868,0.37515,0.0888888888888889,0,0.00628146,1.382,0,0.0661112,0.477386,0.345761666483293,0,1.44,12.1,0.4995,2.19,5.0784,2.49476,0.58255,0.159465,21.0035842293907,5.8999,95,0.168467,9.37875,0.41875,2.91300251256281,0.1570365,34.55,0.154861111111111,1.65278,11.93465,0.663542620071984,1,0.037761354590067,1.37299261608059e-14,0.33554204560074,1.08322981141486,0.387630001463128,1.12395948825633,0.49197397476715,0.116941370040857,1.32601343917181,0.86975064501522,14.926305971165,0.0506118819857661,3.88552556880721,0.21957546169713,6.58246702598952e-11,0.0134012083767732,10.5087260359772,0.0262250519838029,0.995151236192236,2.09251736849333,0.355751752726122,0.816708454841973,59.9896564880633,103.297021209438,186.469333044645,0.840239999999991,1.67175778546711
122,GA,500,0,0.115435766184651,3.94418598402665,4.64235150199378,5.19760658095589,0.0674056902674009,0.00657727631074845,0.0159582170284738,0.00657727631074845,0.113343416142512,0.0685203081287785,0.0159582170284738,0.0685203081287785,0.0495362723034005,34.3432649217616,0.00583603969008787,0.0362,0,0.0692,0.01,0.203136,0.0997904,0.023302,0.0063786,0,0.235996,3.8,0.00673868,0.37515,0.0888888888888889,0,0.00628146,1.382,0,0.0661112,0.477386,0.345761666483293,0,1.44,12.1,0.4995,2.19,5.0784,2.49476,0.58255,0.159465,21.0035842293907,5.8999,95,0.168467,9.37875,0.41875,2.91300251256281,0.1570365,34.55,0.154861111111111,1.65278,11.93465,0.663542620071984,1,0.144669546263794,1.37299261608059e-14,0.151225355337553,1.08322981141486,3.29632691940796,0.599390440915207,0.447718646133985,0.012160632507191,1.32601343917181,0.512485638195356,32.9528002792937,0.0167603336271827,4.41960985970513,0.307394049299377,0.000107204888747191,0.0299904926648725,10.5087260359772,0.00163073621685784,1.1779586870641,2.09251736849333,0.484668364391721,0.816708454841973,53.9290829582815,59.3395637057489,126.586055411482,0.840239999999991,1.67175778546711
122,GA,500,0,0.115435766184651,3.94418598402665,4.64235150199378,5.19760658095589,0.0674056902674009,0.00657727631074845,0.0159582170284738,0.00657727631074845,0.113343416142512,0.0685203081287785,0.0159582170284738,0.0685203081287785,0.0495362723034005,34.3432649217616,0.00671474843863842,0.0362,0,0.0692,0.01,0.203136,0.0997904,0.023302,0.0063786,0,0.235996,3.8,0.00673868,0.37515,0.0888888888888889,0,0.00628146,1.382,0,0.0661112,0.477386,0.345761666483293,0,1.44,12.1,0.4995,2.19,5.0784,2.49476,0.58255,0.159465,21.0035842293907,5.8999,95,0.168467,9.37875,0.41875,2.91300251256281,0.1570365,34.55,0.154861111111111,1.65278,11.93465,0.663542620071984,1,0.0511071195324601,1.07963681788823e-08,0.187605371282888,0.84745896001386,0.387630001463128,0.541785039407416,0.49197397476715,0.116911216813001,1.86412874473012,1.0871817428828,16.0670850933887,0.0345303262485025,4.41960985970513,0.130954260483667,0.109181512313709,0.048471069776101,5.14787604449397,4.6252773694813e-06,0.131666285412128,5.65022835734913,0.425376434642763,0.816708454841973,33.354869054767,102.316524097757,158.633998334205,0.840239999999991,1.67175778546711
122,GA,500,1,0.115435766184651,3.94418598402665,4.64235150199378,5.19760658095589,0.0674056902674009,0.00657727631074845,0.0159582170284738,0.00657727631074845,0.113343416142512,0.0685203081287785,0.0159582170284738,0.0685203081287785,0.0495362723034005,34.3432649217616,0.106570575040882,0.0362,0,0.0692,0.01,0.203136,0.0997904,0.023302,0.0063786,0,0.235996,3.8,0.00673868,0.37515,0.0888888888888889,0,0.00628146,1.382,0,0.0661112,0.477386,0.345761666483293,0,1.44,12.1,0.4995,2.19,5.0784,2.49476,0.58255,0.159465,21.0035842293907,5.8999,95,0.168467,9.37875,0.41875,2.91300251256281,0.1570365,34.55,0.154861111111111,1.65278,11.93465,0.663542620071984,1,0.363479111087168,1.21817414375463e-12,0.276818947647058,1.07810250019093,0.392383297906186,0.354276332546625,0.537641724503813,0.0605739261934755,4.52864709860439,0.50401250279949,10.5575153830508,0.0274926394212887,5.62014338701246,0.164583134885912,0.00156043204089122,0.0644846473398506,5.06121960051148,2.28734501194676e-21,0.0838624901609079,9.61041520731134,0.532499222619361,0.668745151801258,34.4575130558794,94.8315512923064,176.262729941383,0.840239999999991,1.67175778546711
122,GA,500,1,0.115435766184651,3.94418598402665,4.64235150199378,5.19760658095589,0.0674056902674009,0.00657727631074845,0.0159582170284738,0.00657727631074845,0.113343416142512,0.0685203081287785,0.0159582170284738,0.0685203081287785,0.0495362723034005,34.3432649217616,0.0854336171996519,0.0362,0,0.0692,0.01,0.203136,0.0997904,0.023302,0.0063786,0,0.235996,3.8,0.00673868,0.37515,0.0888888888888889,0,0.00628146,1.382,0,0.0661112,0.477386,0.345761666483293,0,1.44,12.1,0.4995,2.19,5.0784,2.49476,0.58255,0.159465,21.0035842293907,5.8999,95,0.168467,9.37875,0.41875,2.91300251256281,0.1570365,34.55,0.154861111111111,1.65278,11.93465,0.663542620071984,1,0.418711984104021,0.000181454098040417,0.102171066598616,0.013204287405372,0.346722442424389,0.408941158666186,0.342180248334203,0.0897190927538993,4.28443874522958,1.10872920168068,6.32063676235203,0.0168368221923206,2.65320590739658,0.131456501063468,4.09125311671877e-11,0.0163837528946198,5.51762961523807,2.13209485737777e-17,0.236180858169417,1.3464119620812,0.413214956667172,0.958933295004431,44.6286477834387,131.294049697198,181.545418096009,0.840239999999991,1.67175778546711
122,GA,500,1,0.115435766184651,3.94418598402665,4.64235150199378,5.19760658095589,0.0674056902674009,0.00657727631074845,0.0159582170284738,0.00657727631074845,0.113343416142512,0.0685203081287785,0.0159582170284738,0.0685203081287785,0.0495362723034005,34.3432649217616,0.0058955813705443,0.0362,0,0.0692,0.01,0.203136,0.0997904,0.023302,0.0063786,0,0.235996,3.8,0.00673868,0.37515,0.0888888888888889,0,0.00628146,1.382,0,0.0661112,0.477386,0.345761666483293,0,1.44,12.1,0.4995,2.19,5.0784,2.49476,0.58255,0.159465,21.0035842293907,5.8999,95,0.168467,9.37875,0.41875,2.91300251256281,0.1570365,34.55,0.154861111111111,1.65278,11.93465,0.663542620071984,1,0.0364773007124725,6.73875635045007e-14,0.106675703561767,1.63276703201205,1.63571508964065,0.810030563541647,0.322086517737918,0.0142119646540096,1.32601343917181,1.04379568744073,78.5772389876033,0.070392396599646,3.78959034285029,0.228676870068848,2.07860579025522e-07,0.0277052481019317,10.5087260359772,9.35531073493517e-19,0.77677538638401,2.09251736849333,0.350516655429757,0.816708454841973,50.4813839567601,74.9967533396241,142.309444380275,0.840239999999991,1.67175778546711
122,GA,500,0,0.115435766184651,3.94418598402665,4.64235150199378,5.19760658095589,0.0674056902674009,0.00657727631074845,0.0159582170284738,0.00657727631074845,0.113343416142512,0.0685203081287785,0.0159582170284738,0.0685203081287785,0.0495362723034005,34.3432649217616,0.00596475883281603,0.0362,0,0.0692,0.01,0.203136,0.0997904,0.023302,0.0063786,0,0.235996,3.8,0.00673868,0.37515,0.0888888888888889,0,0.00628146,1.382,0,0.0661112,0.477386,0.345761666483293,0,1.44,12.1,0.4995,2.19,5.0784,2.49476,0.58255,0.159465,21.0035842293907,5.8999,95,0.168467,9.37875,0.41875,2.91300251256281,0.1570365,34.55,0.154861111111111,1.65278,11.93465,0.663542620071984,1,0.298913784559426,7.2493608402609e-11,0.0992970926243071,1.08322981141486,0.387630001463128,1.12395948825633,0.392996055399228,0.035650116123515,1.32601343917181,0.86975064501522,7.20443948901466,0.00691796555832087,3.83341151906688,0.111092525552054,6.58246702598952e-11,0.0113725591382732,5.94425300234499,0.0262250519838029,0.0827235837654845,8.61789905600272,0.355751752726122,0.816708454841973,40.6371924916986,123.147366321776,191.422170401109,0.840239999999991,1.67175778546711
122,GA,500,0,0.115435766184651,3.94418598402665,4.64235150199378,5.19760658095589,0.0674056902674009,0.00657727631074845,0.0159582170284738,0.00657727631074845,0.113343416142512,0.0685203081287785,0.0159582170284738,0.0685203081287785,0.0495362723034005,34.3432649217616,0.0124592196573921,0.0362,0,0.0692,0.01,0.203136,0.0997904,0.023302,0.0063786,0,0.235996,3.8,0.00673868,0.37515,0.0888888888888889,0,0.00628146,1.382,0,0.0661112,0.477386,0.345761666483293,0,1.44,12.1,0.4995,2.19,5.0784,2.49476,0.58255,0.159465,21.0035842293907,5.8999,95,0.168467,9.37875,0.41875,2.91300251256281,0.1570365,34.55,0.154861111111111,1.65278,11.93465,0.663542620071984,1,0.037761354590067,1.37299261608059e-14,0.33554204560074,1.08322981141486,0.387630001463128,1.12395948825633,0.49197397476715,0.0811289049218722,1.32601343917181,0.86975064501522,14.926305971165,0.0648923444862926,4.41960985970513,0.21957546169713,6.58246702598952e-11,0.0134012083767732,8.47494283828582,0.0262250519838029,0.995151236192236,2.09251736849333,0.355751752726122,0.816708454841973,44.1147602291729,71.9840611145911,132.253998518948,0.840239999999991,1.67175778546711
122,GA,500,0,0.115435766184651,3.94418598402665,4.64235150199378,5.19760658095589,0.0674056902674009,0.00657727631074845,0.0159582170284738,0.00657727631074845,0.113343416142512,0.0685203081287785,0.0159582170284738,0.0685203081287785,0.0495362723034005,34.3432649217616,0.00852156418029466,0.0362,0,0.0692,0.01,0.203136,0.0997904,0.023302,0.0063786,0,0.235996,3.8,0.00673868,0.37515,0.0888888888888889,0,0.00628146,1.382,0,0.0661112,0.477386,0.345761666483293,0,1.44,12.1,0.4995,2.19,5.0784,2.49476,0.58255,0.159465,21.0035842293907,5.8999,95,0.168467,9.37875,0.41875,2.91300251256281,0.1570365,34.55,0.154861111111111,1.65278,11.93465,0.663542620071984,1,0.37761354590067,7.2493608402609e-11,0.33554204560074,1.19309889797858,0.537354415707005,0.226904213593357,0.49197397476715,0.0379154318429602,1.58866737449053,0.86975064501522,14.926305971165,0.030968733018311,5.55378800517113,0.206976526515512,1.11274637966745e-13,0.0286726329341234,8.47494283828582,0.0262250519838029,0.373279551113342,8.61789905600272,0.562640894229742,0.816708454841973,33.9740979932726,86.3500818539436,139.703482012753,0.840239999999991,1.67175778546711
122,GA,500,1,0.115435766184651,3.94418598402665,4.64235150199378,5.19760658095589,0.0674056902674009,0.00657727631074845,0.0159582170284738,0.00657727631074845,0.113343416142512,0.0685203081287785,0.0159582170284738,0.0685203081287785,0.0495362723034005,34.3432649217616,0.0239362535503327,0.0362,0,0.0692,0.01,0.203136,0.0997904,0.023302,0.0063786,0,0.235996,3.8,0.00673868,0.37515,0.0888888888888889,0,0.00628146,1.382,0,0.0661112,0.477386,0.345761666483293,0,1.44,12.1,0.4995,2.19,5.0784,2.49476,0.58255,0.159465,21.0035842293907,5.8999,95,0.168467,9.37875,0.41875,2.91300251256281,0.1570365,34.55,0.154861111111111,1.65278,11.93465,0.663542620071984,1,1.07189647759137,1.59204514368055e-14,0.248234390261142,0.0177701502548244,0.387630001463128,0.558146291259839,0.278813660129136,0.0124617448760258,1.32601343917181,4.73181536237833,6.85502581168269,0.01440828685009,3.15269127807942,0.21957546169713,1.07115121140168e-07,0.0214388373181574,14.5640352427889,1.38695515175163e-19,0.138142149229177,6.81305131267995,0.437494050546008,0.816708454841973,59.1892651120036,101.27224832836,183.189754794647,0.840239999999991,1.67175778546711
122,GA,500,1,0.115435766184651,3.94418598402665,4.64235150199378,5.19760658095589,0.0674056902674009,0.00657727631074845,0.0159582170284738,0.00657727631074845,0.113343416142512,0.0685203081287785,0.0159582170284738,0.0685203081287785,0.0495362723034005,34.3432649217616,0.0171922337848796,0.0362,0,0.0692,0.01,0.203136,0.0997904,0.023302,0.0063786,0,0.235996,3.8,0.00673868,0.37515,0.0888888888888889,0,0.00628146,1.382,0,0.0661112,0.477386,0.345761666483293,0,1.44,12.1,0.4995,2.19,5.0784,2.49476,0.58255,0.159465,21.0035842293907,5.8999,95,0.168467,9.37875,0.41875,2.91300251256281,0.1570365,34.55,0.154861111111111,1.65278,11.93465,0.663542620071984,1,0.37761354590067,6.85490059604685e-08,0.0735472698780457,1.08322981141486,0.346722442424389,1.90847932498148,0.49197397476715,0.0754440460041584,1.32601343917181,2.68137920718462,14.926305971165,0.0168368221923206,3.88552556880721,0.112645176114433,0.00153434864845817,0.0286726329341234,3.93332744630471,0.0262250519838029,0.995151236192236,8.61789905600272,0.355751752726122,0.816708454841973,33.5436234235211,163.652382581427,233.92404266761,0.840239999999991,1.67175778546711
122,GA,500,1,0.115435766184651,3.94418598402665,4.64235150199378,5.19760658095589,0.0674056902674009,0.00657727631074845,0.0159582170284738,0.00657727631074845,0.113343416142512,0.0685203081287785,0.0159582170284738,0.0685203081287785,0.0495362723034005,34.3432649217616,0.0558581621561583,0.0362,0,0.0692,0.01,0.203136,0.0997904,0.023302,0.0063786,0,0.235996,3.8,0.00673868,0.37515,0.0888888888888889,0,0.00628146,1.382,0,0.0661112,0.477386,0.345761666483293,0,1.44,12.1,0.4995,2.19,5.0784,2.49476,0.58255,0.159465,21.0035842293907,5.8999,95,0.168467,9.37875,0.41875,2.91300251256281,0.1570365,34.55,0.154861111111111,1.65278,11.93465,0.663542620071984,1,0.776894718984089,0.0124543907982777,0.466313665812949,0.0202100277015197,0.347021721172284,1.12005011622373,0.49197397476715,0.0576827980048167,11.6458973438373,1.44873097982681,14.8464970289946,0.01643690238027,4.37243085483907,0.229757236362411,3.81234982264063e-15,0.0133679491471668,8.25278733427784,2.7816843305407e-06,0.416217711912654,10.7425365444638,0.484755499573509,0.816708454841973,47.9142220958932,132.05557616227,209.606653929259,0.840239999999991,1.67175778546711
122,GA,500,1,0.115435766184651,3.94418598402665,4.64235150199378,5.19760658095589,0.0674056902674009,0.00657727631074845,0.0159582170284738,0.00657727631074845,0.113343416142512,0.0685203081287785,0.0159582170284738,0.0685203081287785,0.0495362723034005,34.3432649217616,0.00963006841582938,0.0362,0,0.0692,0.01,0.203136,0.0997904,0.023302,0.0063786,0,0.235996,3.8,0.00673868,0.37515,0.0888888888888889,0,0.00628146,1.382,0,0.0661112,0.477386,0.345761666483293,0,1.44,12.1,0.4995,2.19,5.0784,2.49476,0.58255,0.159465,21.0035842293907,5.8999,95,0.168467,9.37875,0.41875,2.91300251256281,0.1570365,34.55,0.154861111111111,1.65278,11.93465,0.663542620071984,1,0.0742597716784404,4.47351539916501e-10,0.312890732115484,0.0464256661397385,1.04701731310643,0.408941158666186,0.206610743288249,0.014746501426526,1.32601343917181,0.75291337162617,8.66618687481681,0.00755831142951199,1.95440780447051,0.21957546169713,0.000906916338668913,0.0199888979812656,5.91419560218526,8.34870088110521e-18,0.0767194750702304,6.71072127961484,0.425376434642763,0.816708454841973,50.9808373008452,69.9799271333175,136.666159545805,0.840239999999991,1.67175778546711
122,GA,500,1,0.115435766184651,3.94418598402665,4.64235150199378,5.19760658095589,0.0674056902674009,0.00657727631074845,0.0159582170284738,0.00657727631074845,0.113343416142512,0.0685203081287785,0.0159582170284738,0.0685203081287785,0.0495362723034005,34.3432649217616,0.0291154781816548,0.0362,0,0.0692,0.01,0.203136,0.0997904,0.023302,0.0063786,0,0.235996,3.8,0.00673868,0.37515,0.0888888888888889,0,0.00628146,1.382,0,0.0661112,0.477386,0.345761666483293,0,1.44,12.1,0.4995,2.19,5.0784,2.49476,0.58255,0.159465,21.0035842293907,5.8999,95,0.168467,9.37875,0.41875,2.91300251256281,0.1570365,34.55,0.154861111111111,1.65278,11.93465,0.663542620071984,1,0.37761354590067,1.37299261608059e-14,0.106675703561767,1.08322981141486,2.18743286033652,1.12395948825633,0.49197397476715,0.0811289049218722,7.56898553524094,1.04379568744073,5.98824209110219,0.0648923444862926,4.41960985970513,0.112671916743538,2.07860579025522e-08,0.0134012083767732,10.5087260359772,0.0262250519838029,0.886649381973208,2.95551518941586,0.375849078759741,0.816708454841973,71.9349757544404,65.979040373688,152.721503654968,0.840239999999991,1.67175778546711
122,GA,500,1,0.115435766184651,3.94418598402665,4.64235150199378,5.19760658095589,0.0674056902674009,0.00657727631074845,0.0159582170284738,0.00657727631074845,0.113343416142512,0.0685203081287785,0.0159582170284738,0.0685203081287785,0.0495362723034005,34.3432649217616,0.0234015514010033,0.0362,0,0.0692,0.01,0.203136,0.0997904,0.023302,0.0063786,0,0.235996,3.8,0.00673868,0.37515,0.0888888888888889,0,0.00628146,1.382,0,0.0661112,0.477386,0.345761666483293,0,1.44,12.1,0.4995,2.19,5.0784,2.49476,0.58255,0.159465,21.0035842293907,5.8999,95,0.168467,9.37875,0.41875,2.91300251256281,0.1570365,34.55,0.154861111111111,1.65278,11.93465,0.663542620071984,1,0.508871063422381,8.10806660247839e-17,0.102171066598616,1.08322981141486,0.546210626633476,0.348298741174201,0.49197397476715,0.0576827980048167,1.32601343917181,0.949739540455731,14.926305971165,0.0192763124463403,4.41960985970513,0.21957546169713,0.109181512313709,0.0134012083767732,7.07573438608025,0.00132390400816407,0.0672498050960735,1.3464119620812,0.355751752726122,0.816708454841973,41.2790714171733,104.392181227161,169.099691625348,0.840239999999991,1.67175778546711
122,GA,500,1,0.115435766184651,3.94418598402665,4.64235150199378,5.19760658095589,0.0674056902674009,0.00657727631074845,0.0159582170284738,0.00657727631074845,0.113343416142512,0.0685203081287785,0.0159582170284738,0.0685203081287785,0.0495362723034005,34.3432649217616,0.00761106383959387,0.0362,0,0.0692,0.01,0.203136,0.0997904,0.023302,0.0063786,0,0.235996,3.8,0.00673868,0.37515,0.0888888888888889,0,0.00628146,1.382,0,0.0661112,0.477386,0.345761666483293,0,1.44,12.1,0.4995,2.19,5.0784,2.49476,0.58255,0.159465,21.0035842293907,5.8999,95,0.168467,9.37875,0.41875,2.91300251256281,0.1570365,34.55,0.154861111111111,1.65278,11.93465,0.663542620071984,1,0.037761354590067,7.65445033465748e-16,0.33554204560074,1.08322981141486,1.1517193920821,1.12395948825633,0.49197397476715,0.0582962586775933,14.4869697039308,0.86975064501522,14.926305971165,0.0506118819857661,3.88552556880721,0.21957546169713,6.58246702598952e-11,0.0286726329341234,8.47494283828582,2.09645551761118e-20,0.0995151236192236,1.6210704715016,0.355751752726122,0.816708454841973,74.2383156427874,72.0959414422838,162.514543242554,0.840239999999991,1.67175778546711
122,GA,500,0,0.115435766184651,3.94418598402665,4.64235150199378,5.19760658095589,0.0674056902674009,0.00657727631074845,0.0159582170284738,0.00657727631074845,0.113343416142512,0.0685203081287785,0.0159582170284738,0.0685203081287785,0.0495362723034005,34.3432649217616,0.000339543441366762,0.0362,0,0.0692,0.01,0.203136,0.0997904,0.023302,0.0063786,0,0.235996,3.8,0.00673868,0.37515,0.0888888888888889,0,0.00628146,1.382,0,0.0661112,0.477386,0.345761666483293,0,1.44,12.1,0.4995,2.19,5.0784,2.49476,0.58255,0.159465,21.0035842293907,5.8999,95,0.168467,9.37875,0.41875,2.91300251256281,0.1570365,34.55,0.154861111111111,1.65278,11.93465,0.663542620071984,1,0.358206361542529,1.87155557796263e-13,0.0723951981865542,0.0229933030330901,0.387630001463128,1.04714924949363,0.138429272488987,0.099967047880005,4.36131697727161,2.30116306994066,46.7461529089356,0.0648923444862926,1.40413972209212,0.156580832822311,2.5172740249487e-12,0.130709165201374,7.17060294963519,7.81534577039293e-10,0.415791137865429,1.13252103693341,0.574096774166235,0.816708454841973,39.75186621443,94.2073432899551,155.101894405559,0.840239999999991,1.67175778546711
122,GA,500,1,0.115435766184651,3.94418598402665,4.64235150199378,5.19760658095589,0.0674056902674009,0.00657727631074845,0.0159582170284738,0.00657727631074845,0.113343416142512,0.0685203081287785,0.0159582170284738,0.0685203081287785,0.0495362723034005,34.3432649217616,0.0389671127534118,0.0362,0,0.0692,0.01,0.203136,0.0997904,0.023302,0.0063786,0,0.235996,3.8,0.00673868,0.37515,0.0888888888888889,0,0.00628146,1.382,0,0.0661112,0.477386,0.345761666483293,0,1.44,12.1,0.4995,2.19,5.0784,2.49476,0.58255,0.159465,21.0035842293907,5.8999,95,0.168467,9.37875,0.41875,2.91300251256281,0.1570365,34.55,0.154861111111111,1.65278,11.93465,0.663542620071984,1,0.037761354590067,7.2493608402609e-11,0.33554204560074,1.08322981141486,0.387630001463128,1.12395948825633,0.49197397476715,0.0576827980048167,1.32601343917181,0.86975064501522,6.85502581168269,0.0322242209876462,3.88552556880721,0.21957546169713,6.58246702598952e-11,0.0286726329341234,11.7048172577826,0.0262250519838029,0.995151236192236,8.61789905600272,0.42448203057904,0.816708454841973,61.9664198295563,88.7687527490518,170.657290142914,0.840239999999991,1.67175778546711
122,GA,500,1,0.115435766184651,3.94418598402665,4.64235150199378,5.19760658095589,0.0674056902674009,0.00657727631074845,0.0159582170284738,0.00657727631074845,0.113343416142512,0.0685203081287785,0.0159582170284738,0.0685203081287785,0.0495362723034005,34.3432649217616,0.0627926630541177,0.0362,0,0.0692,0.01,0.203136,0.0997904,0.023302,0.0063786,0,0.235996,3.8,0.00673868,0.37515,0.0888888888888889,0,0.00628146,1.382,0,0.0661112,0.477386,0.345761666483293,0,1.44,12.1,0.4995,2.19,5.0784,2.49476,0.58255,0.159465,21.0035842293907,5.8999,95,0.168467,9.37875,0.41875,2.91300251256281,0.1570365,34.55,0.154861111111111,1.65278,11.93465,0.663542620071984,1,0.037761354590067,1.37299261608059e-14,0.106675703561767,1.08322981141486,0.387630001463128,0.232082430664013,0.187523400691767,0.0182177042265205,1.32601343917181,0.24354591786479,4.69236588739212,0.0193224049118705,3.16870995685619,0.21957546169713,4.69012813422605e-07,0.023025696499879,10.5087260359772,3.00521754296498e-16,0.609209752803608,2.38904128415442,0.391854854437844,0.816708454841973,59.5567640385762,143.940821597786,235.801812984025,0.840239999999991,1.67175778546711
122,GA,500,1,0.115435766184651,3.94418598402665,4.64235150199378,5.19760658095589,0.0674056902674009,0.00657727631074845,0.0159582170284738,0.00657727631074845,0.113343416142512,0.0685203081287785,0.0159582170284738,0.0685203081287785,0.0495362723034005,34.3432649217616,0.132358557266443,0.0362,0,0.0692,0.01,0.203136,0.0997904,0.023302,0.0063786,0,0.235996,3.8,0.00673868,0.37515,0.0888888888888889,0,0.00628146,1.382,0,0.0661112,0.477386,0.345761666483293,0,1.44,12.1,0.4995,2.19,5.0784,2.49476,0.58255,0.159465,21.0035842293907,5.8999,95,0.168467,9.37875,0.41875,2.91300251256281,0.1570365,34.55,0.154861111111111,1.65278,11.93465,0.663542620071984,1,0.0364773007124725,8.25858541745726e-07,0.335996138903019,1.63276703201205,0.537354415707005,0.551785371879522,0.49197397476715,0.0897190927538993,15.6509497757883,5.72752345947607,36.7058281819495,0.0506118819857661,1.80456813489388,0.228676870068848,2.79748765035835e-15,0.0831445859145277,22.213497885223,1.49140727318104e-16,0.77677538638401,11.6120486010083,0.416258136097572,0.958933295004431,63.6912202446591,150.165976951488,220.288115705249,0.840239999999991,1.67175778546711
122,GA,500,1,0.115435766184651,3.94418598402665,4.64235150199378,5.19760658095589,0.0674056902674009,0.00657727631074845,0.0159582170284738,0.00657727631074845,0.113343416142512,0.0685203081287785,0.0159582170284738,0.0685203081287785,0.0495362723034005,34.3432649217616,0.0282918398669744,0.0362,0,0.0692,0.01,0.203136,0.0997904,0.023302,0.0063786,0,0.235996,3.8,0.00673868,0.37515,0.0888888888888889,0,0.00628146,1.382,0,0.0661112,0.477386,0.345761666483293,0,1.44,12.1,0.4995,2.19,5.0784,2.49476,0.58255,0.159465,21.0035842293907,5.8999,95,0.168467,9.37875,0.41875,2.91300251256281,0.1570365,34.55,0.154861111111111,1.65278,11.93465,0.663542620071984,1,0.508871063422381,1.37299261608059e-14,0.239919977357982,0.84745896001386,0.374289070832957,1.14085275216875,0.49197397476715,0.0811289049218722,0.833300095514468,5.2512445221487,14.926305971165,0.0367623215560257,4.41960985970513,0.21957546169713,3.81234982264063e-15,0.0134012083767732,10.5087260359772,0.00262250519838029,0.995151236192236,4.09456305560179,0.574096774166235,0.816708454841973,41.1196672316511,116.602547368149,183.890991168429,0.840239999999991,1.67175778546711
122,GA,500,1,0.115435766184651,3.94418598402665,4.64235150199378,5.19760658095589,0.0674056902674009,0.00657727631074845,0.0159582170284738,0.00657727631074845,0.113343416142512,0.0685203081287785,0.0159582170284738,0.0685203081287785,0.0495362723034005,34.3432649217616,0.0130831120488205,0.0362,0,0.0692,0.01,0.203136,0.0997904,0.023302,0.0063786,0,0.235996,3.8,0.00673868,0.37515,0.0888888888888889,0,0.00628146,1.382,0,0.0661112,0.477386,0.345761666483293,0,1.44,12.1,0.4995,2.19,5.0784,2.49476,0.58255,0.159465,21.0035842293907,5.8999,95,0.168467,9.37875,0.41875,2.91300251256281,0.1570365,34.55,0.154861111111111,1.65278,11.93465,0.663542620071984,1,0.037761354590067,7.2493608402609e-11,0.33554204560074,1.08322981141486,0.387630001463128,1.12395948825633,0.49197397476715,0.0576827980048167,1.32601343917181,1.44873097982681,14.926305971165,0.0192763124463403,4.41960985970513,0.21957546169713,6.58246702598952e-11,0.0175322492207075,11.7048172577826,2.56679370224842e-21,0.995151236192236,6.57989961638323,0.484755499573509,0.816708454841973,53.4300938188376,133.763936959009,217.214288981714,0.840239999999991,1.67175778546711
122,GA,500,0,0.115435766184651,3.94418598402665,4.64235150199378,5.19760658095589,0.0674056902674009,0.00657727631074845,0.0159582170284738,0.00657727631074845,0.113343416142512,0.0685203081287785,0.0159582170284738,0.0685203081287785,0.0495362723034005,34.3432649217616,0.00284334924921144,0.0362,0,0.0692,0.01,0.203136,0.0997904,0.023302,0.0063786,0,0.235996,3.8,0.00673868,0.37515,0.0888888888888889,0,0.00628146,1.382,0,0.0661112,0.477386,0.345761666483293,0,1.44,12.1,0.4995,2.19,5.0784,2.49476,0.58255,0.159465,21.0035842293907,5.8999,95,0.168467,9.37875,0.41875,2.91300251256281,0.1570365,34.55,0.154861111111111,1.65278,11.93465,0.663542620071984,1,0.120127584748758,0.00204935011711548,0.266914106798036,0.993793432652656,0.387630001463128,0.107081703415867,0.340058512919863,0.0474777271620073,4.42583847539578,0.395288597813374,14.926305971165,0.0745342926656598,3.41594589637063,0.113342972602483,3.81234982264063e-15,0.00706571592043422,5.01839726153836,5.86638191067177e-12,0.129861451664079,2.48405464878219,0.484755499573509,0.816708454841973,40.2065720890324,75.267950883835,132.366694146785,0.840239999999991,1.67175778546711
122,GA,500,1,0.115435766184651,3.94418598402665,4.64235150199378,5.19760658095589,0.0674056902674009,0.00657727631074845,0.0159582170284738,0.00657727631074845,0.113343416142512,0.0685203081287785,0.0159582170284738,0.0685203081287785,0.0495362723034005,34.3432649217616,0.0259100275233551,0.0362,0,0.0692,0.01,0.203136,0.0997904,0.023302,0.0063786,0,0.235996,3.8,0.00673868,0.37515,0.0888888888888889,0,0.00628146,1.382,0,0.0661112,0.477386,0.345761666483293,0,1.44,12.1,0.4995,2.19,5.0784,2.49476,0.58255,0.159465,21.0035842293907,5.8999,95,0.168467,9.37875,0.41875,2.91300251256281,0.1570365,34.55,0.154861111111111,1.65278,11.93465,0.663542620071984,1,0.433194100463836,0.000181454098040417,0.390952463826241,0.0186167452989518,0.523260486075412,0.408941158666186,0.465204278802283,0.0763305202193527,15.0965187607991,3.10909340726647,8.67052476680405,0.0161125607861036,4.53229957790865,0.112645176114433,4.11832568700418e-17,0.0140808520124243,14.568793489594,2.28734501194676e-21,0.468223357555741,2.73694831976921,0.507492366482157,0.958933295004431,52.6857456469638,138.132225482147,196.733539379591,0.840239999999991,1.67175778546711
122,GA,500,0,0.115435766184651,3.94418598402665,4.64235150199378,5.19760658095589,0.0674056902674009,0.00657727631074845,0.0159582170284738,0.00657727631074845,0.113343416142512,0.0685203081287785,0.0159582170284738,0.0685203081287785,0.0495362723034005,34.3432649217616,0.0181053785570002,0.0362,0,0.0692,0.01,0.203136,0.0997904,0.023302,0.0063786,0,0.235996,3.8,0.00673868,0.37515,0.0888888888888889,0,0.00628146,1.382,0,0.0661112,0.477386,0.345761666483293,0,1.44,12.1,0.4995,2.19,5.0784,2.49476,0.58255,0.159465,21.0035842293907,5.8999,95,0.168467,9.37875,0.41875,2.91300251256281,0.1570365,34.55,0.154861111111111,1.65278,11.93465,0.663542620071984,1,0.454292334734172,7.2493608402609e-10,0.33554204560074,1.68158318513407,0.74385858942658,2.00937162964127,0.447718646133985,0.0477255069577022,7.56898553524094,5.41815715449967,8.12730049000215,0.0506118819857661,1.5545462474136,0.209325886254112,6.58246702598952e-11,0.0712345254422837,8.47494283828582,3.66979876934221e-20,0.995151236192236,6.27013478833263,0.378537585475765,0.816708454841973,34.6108301376092,121.375723398181,183.226560363723,0.840239999999991,1.67175778546711
122,GA,500,0,0.115435766184651,3.94418598402665,4.64235150199378,5.19760658095589,0.0674056902674009,0.00657727631074845,0.0159582170284738,0.00657727631074845,0.113343416142512,0.0685203081287785,0.0159582170284738,0.0685203081287785,0.0495362723034005,34.3432649217616,0.00667797803674309,0.0362,0,0.0692,0.01,0.203136,0.0997904,0.023302,0.0063786,0,0.235996,3.8,0.00673868,0.37515,0.0888888888888889,0,0.00628146,1.382,0,0.0661112,0.477386,0.345761666483293,0,1.44,12.1,0.4995,2.19,5.0784,2.49476,0.58255,0.159465,21.0035842293907,5.8999,95,0.168467,9.37875,0.41875,2.91300251256281,0.1570365,34.55,0.154861111111111,1.65278,11.93465,0.663542620071984,1,0.037761354590067,0.00151436833643606,0.0839363855083583,1.39972485971381,0.343073685437772,1.12395948825633,0.151402380678573,0.0151141930675403,1.45903032674206,0.86975064501522,19.5376739892254,0.0526620969576673,2.44094768118634,0.21957546169713,6.58246702598952e-11,0.0908012699599541,7.19482285429526,0.00262250519838029,0.0995151236192236,1.92911371454151,0.574096774166235,0.816708454841973,39.1842897024347,144.190766930523,215.735378497546,0.840239999999991,1.67175778546711
122,GA,500,1,0.115435766184651,3.94418598402665,4.64235150199378,5.19760658095589,0.0674056902674009,0.00657727631074845,0.0159582170284738,0.00657727631074845,0.113343416142512,0.0685203081287785,0.0159582170284738,0.0685203081287785,0.0495362723034005,34.3432649217616,0.0234699102028985,0.0362,0,0.0692,0.01,0.203136,0.0997904,0.023302,0.0063786,0,0.235996,3.8,0.00673868,0.37515,0.0888888888888889,0,0.00628146,1.382,0,0.0661112,0.477386,0.345761666483293,0,1.44,12.1,0.4995,2.19,5.0784,2.49476,0.58255,0.159465,21.0035842293907,5.8999,95,0.168467,9.37875,0.41875,2.91300251256281,0.1570365,34.55,0.154861111111111,1.65278,11.93465,0.663542620071984,1,0.207668592789796,3.61600277846288e-07,0.102310749580713,1.08322981141486,0.374289070832957,0.907940817336472,0.49197397476715,0.0297278878607167,2.12274319735741,0.73696662959153,4.48230758670022,0.0142647376166364,2.64771948431208,0.12647110200761,0.000906916338668913,0.0134012083767732,8.51808847634785,0.00262250519838029,0.989112365061969,4.09456305560179,0.574096774166235,0.816708454841973,61.0136402643403,98.3535665980946,181.440416814762,0.840239999999991,1.67175778546711
122,GA,500,1,0.115435766184651,3.94418598402665,4.64235150199378,5.19760658095589,0.0674056902674009,0.00657727631074845,0.0159582170284738,0.00657727631074845,0.113343416142512,0.0685203081287785,0.0159582170284738,0.0685203081287785,0.0495362723034005,34.3432649217616,0.0236341626250836,0.0362,0,0.0692,0.01,0.203136,0.0997904,0.023302,0.0063786,0,0.235996,3.8,0.00673868,0.37515,0.0888888888888889,0,0.00628146,1.382,0,0.0661112,0.477386,0.345761666483293,0,1.44,12.1,0.4995,2.19,5.0784,2.49476,0.58255,0.159465,21.0035842293907,5.8999,95,0.168467,9.37875,0.41875,2.91300251256281,0.1570365,34.55,0.154861111111111,1.65278,11.93465,0.663542620071984,1,0.037761354590067,4.47351539916501e-10,0.102171066598616,1.08322981141486,0.546210626633476,0.882600469421692,0.41732765724745,0.0182177042265205,3.27346768517959,1.04379568744073,14.926305971165,0.0168368221923206,3.88552556880721,0.100114832399319,2.07860579025522e-07,0.048471069776101,7.07573438608025,0.0262250519838029,0.995151236192236,1.3464119620812,0.369146955385249,0.816708454841973,45.5871427408489,65.2674889271002,125.502427736556,0.840239999999991,1.67175778546711
122,GA,500,1,0.115435766184651,3.94418598402665,4.64235150199378,5.19760658095589,0.0674056902674009,0.00657727631074845,0.0159582170284738,0.00657727631074845,0.113343416142512,0.0685203081287785,0.0159582170284738,0.0685203081287785,0.0495362723034005,34.3432649217616,0.0243768577285728,0.0362,0,0.0692,0.01,0.203136,0.0997904,0.023302,0.0063786,0,0.235996,3.8,0.00673868,0.37515,0.0888888888888889,0,0.00628146,1.382,0,0.0661112,0.477386,0.345761666483293,0,1.44,12.1,0.4995,2.19,5.0784,2.49476,0.58255,0.159465,21.0035842293907,5.8999,95,0.168467,9.37875,0.41875,2.91300251256281,0.1570365,34.55,0.154861111111111,1.65278,11.93465,0.663542620071984,1,0.846322127465164,0.00597613610378823,0.348094209551997,0.365176006860324,0.387630001463128,0.377652508522009,0.49197397476715,0.116941370040857,6.86693148081724,0.86975064501522,11.7068943113596,0.0506118819857661,0.83479428426615,0.21957546169713,6.58246702598952e-11,0.0286726329341234,5.98284395911964,0.0262250519838029,0.995151236192236,2.73694831976921,0.355751752726122,0.816708454841973,71.2714012590599,113.939422268743,210.781922539005,0.840239999999991,1.67175778546711
122,GA,500,0,0.115435766184651,3.94418598402665,4.64235150199378,5.19760658095589,0.0674056902674009,0.00657727631074845,0.0159582170284738,0.00657727631074845,0.113343416142512,0.0685203081287785,0.0159582170284738,0.0685203081287785,0.0495362723034005,34.3432649217616,0.0216938161850053,0.0362,0,0.0692,0.01,0.203136,0.0997904,0.023302,0.0063786,0,0.235996,3.8,0.00673868,0.37515,0.0888888888888889,0,0.00628146,1.382,0,0.0661112,0.477386,0.345761666483293,0,1.44,12.1,0.4995,2.19,5.0784,2.49476,0.58255,0.159465,21.0035842293907,5.8999,95,0.168467,9.37875,0.41875,2.91300251256281,0.1570365,34.55,0.154861111111111,1.65278,11.93465,0.663542620071984,1,0.454292334734172,6.85490059604685e-08,0.379716216609904,0.403940347586626,2.18743286033652,0.877964643016063,0.103261549712822,0.0897190927538993,6.1577802410474,4.58086460011602,15.8254897119093,0.03980139721935,1.91973779390975,0.176318948362153,0.809494118959263,0.00768956438968787,15.4309180351339,3.97448770837526e-18,0.407822343390313,2.95551518941586,0.459244421647998,0.958933295004431,56.8998423291314,88.979415744771,149.689837429218,0.840239999999991,1.67175778546711
122,GA,500,0,0.115435766184651,3.94418598402665,4.64235150199378,5.19760658095589,0.0674056902674009,0.00657727631074845,0.0159582170284738,0.00657727631074845,0.113343416142512,0.0685203081287785,0.0159582170284738,0.0685203081287785,0.0495362723034005,34.3432649217616,0.00467991813818137,0.0362,0,0.0692,0.01,0.203136,0.0997904,0.023302,0.0063786,0,0.235996,3.8,0.00673868,0.37515,0.0888888888888889,0,0.00628146,1.382,0,0.0661112,0.477386,0.345761666483293,0,1.44,12.1,0.4995,2.19,5.0784,2.49476,0.58255,0.159465,21.0035842293907,5.8999,95,0.168467,9.37875,0.41875,2.91300251256281,0.1570365,34.55,0.154861111111111,1.65278,11.93465,0.663542620071984,1,0.508871063422381,6.85490059604685e-09,0.106675703561767,0.013204287405372,0.387630001463128,0.877964643016063,0.187203692400243,0.0178290712377105,1.32601343917181,4.58086460011602,5.98824209110219,0.0168368221923206,7.64120532859623,0.112671916743538,2.23945936391715e-18,0.0134012083767732,16.9746594755717,2.01738192329273e-09,0.0672498050960735,3.36791779424044,0.459244421647998,0.816708454841973,33.5958306715071,78.2584512792263,129.417602584434,0.840239999999991,1.67175778546711
122,GA,500,1,0.115435766184651,3.94418598402665,4.64235150199378,5.19760658095589,0.0674056902674009,0.00657727631074845,0.0159582170284738,0.00657727631074845,0.113343416142512,0.0685203081287785,0.0159582170284738,0.0685203081287785,0.0495362723034005,34.3432649217616,0.128751989859954,0.0362,0,0.0692,0.01,0.203136,0.0997904,0.023302,0.0063786,0,0.235996,3.8,0.00673868,0.37515,0.0888888888888889,0,0.00628146,1.382,0,0.0661112,0.477386,0.345761666483293,0,1.44,12.1,0.4995,2.19,5.0784,2.49476,0.58255,0.159465,21.0035842293907,5.8999,95,0.168467,9.37875,0.41875,2.91300251256281,0.1570365,34.55,0.154861111111111,1.65278,11.93465,0.663542620071984,1,0.698790186301386,0.000382336520993586,0.390952463826241,0.403940347586626,0.993716078782233,1.02099603855866,0.49197397476715,0.0811289049218722,15.6509497757883,0.512485638195356,25.4442697678591,0.03980139721935,0.83479428426615,0.229757236362411,0.084606169557161,0.153628913497679,8.33768186817541,2.78007485422863e-12,0.494334151489724,1.30224192782765,0.477870228847137,0.816708454841973,85.4127935352088,96.2530366547374,203.267624208367,0.840239999999991,1.67175778546711
122,GA,500,1,0.115435766184651,3.94418598402665,4.64235150199378,5.19760658095589,0.0674056902674009,0.00657727631074845,0.0159582170284738,0.00657727631074845,0.113343416142512,0.0685203081287785,0.0159582170284738,0.0685203081287785,0.0495362723034005,34.3432649217616,0.0301754566254514,0.0362,0,0.0692,0.01,0.203136,0.0997904,0.023302,0.0063786,0,0.235996,3.8,0.00673868,0.37515,0.0888888888888889,0,0.00628146,1.382,0,0.0661112,0.477386,0.345761666483293,0,1.44,12.1,0.4995,2.19,5.0784,2.49476,0.58255,0.159465,21.0035842293907,5.8999,95,0.168467,9.37875,0.41875,2.91300251256281,0.1570365,34.55,0.154861111111111,1.65278,11.93465,0.663542620071984,1,0.037761354590067,7.2493608402609e-11,0.106675703561767,1.08322981141486,0.387630001463128,0.877964643016063,0.437382911035942,0.14687482971743,1.32601343917181,0.86975064501522,5.98824209110219,0.0648923444862926,4.41960985970513,0.112671916743538,2.07860579025522e-07,0.0134012083767732,8.47494283828582,0.0262250519838029,0.995151236192236,3.36791779424044,0.355751752726122,0.816708454841973,44.773199117925,94.9896911261345,161.081155234915,0.840239999999991,1.67175778546711
122,GA,500,1,0.115435766184651,3.94418598402665,4.64235150199378,5.19760658095589,0.0674056902674009,0.00657727631074845,0.0159582170284738,0.00657727631074845,0.113343416142512,0.0685203081287785,0.0159582170284738,0.0685203081287785,0.0495362723034005,34.3432649217616,0.0800858547746073,0.0362,0,0.0692,0.01,0.203136,0.0997904,0.023302,0.0063786,0,0.235996,3.8,0.00673868,0.37515,0.0888888888888889,0,0.00628146,1.382,0,0.0661112,0.477386,0.345761666483293,0,1.44,12.1,0.4995,2.19,5.0784,2.49476,0.58255,0.159465,21.0035842293907,5.8999,95,0.168467,9.37875,0.41875,2.91300251256281,0.1570365,34.55,0.154861111111111,1.65278,11.93465,0.663542620071984,1,0.508871063422381,0.546445042116756,0.325147474525792,1.08322981141486,0.346722442424389,0.356117774116022,0.437382911035942,0.0206987291302741,2.74406241755441,5.72752345947607,19.8177502680578,0.03980139721935,1.80456813489388,0.212303689604385,5.47641883601641e-18,0.0749493639624216,15.4309180351339,0.00262250519838029,0.98938285541777,10.7322630183503,0.416258136097572,0.958933295004431,71.4512888820559,96.8960900061757,172.496993010754,0.840239999999991,1.67175778546711
122,GA,500,0,0.115435766184651,3.94418598402665,4.64235150199378,5.19760658095589,0.0674056902674009,0.00657727631074845,0.0159582170284738,0.00657727631074845,0.113343416142512,0.0685203081287785,0.0159582170284738,0.0685203081287785,0.0495362723034005,34.3432649217616,0.0105493015292865,0.0362,0,0.0692,0.01,0.203136,0.0997904,0.023302,0.0063786,0,0.235996,3.8,0.00673868,0.37515,0.0888888888888889,0,0.00628146,1.382,0,0.0661112,0.477386,0.345761666483293,0,1.44,12.1,0.4995,2.19,5.0784,2.49476,0.58255,0.159465,21.0035842293907,5.8999,95,0.168467,9.37875,0.41875,2.91300251256281,0.1570365,34.55,0.154861111111111,1.65278,11.93465,0.663542620071984,1,0.037761354590067,7.65445033465748e-16,0.401216971064286,1.08322981141486,1.1517193920821,1.12395948825633,0.327360739978324,0.0582962586775933,14.559073867793,0.86975064501522,5.1070003956029,0.0506118819857661,4.16920699101323,0.21957546169713,2.44081742955295e-08,0.00667936354111834,8.47494283828582,2.09645551761118e-20,0.692279503726635,1.6210704715016,0.355751752726122,0.816708454841973,59.0025092829711,113.234817668634,197.650293565483,0.840239999999991,1.67175778546711
122,GA,500,1,0.115435766184651,3.94418598402665,4.64235150199378,5.19760658095589,0.0674056902674009,0.00657727631074845,0.0159582170284738,0.00657727631074845,0.113343416142512,0.0685203081287785,0.0159582170284738,0.0685203081287785,0.0495362723034005,34.3432649217616,0.0232664153301724,0.0362,0,0.0692,0.01,0.203136,0.0997904,0.023302,0.0063786,0,0.235996,3.8,0.00673868,0.37515,0.0888888888888889,0,0.00628146,1.382,0,0.0661112,0.477386,0.345761666483293,0,1.44,12.1,0.4995,2.19,5.0784,2.49476,0.58255,0.159465,21.0035842293907,5.8999,95,0.168467,9.37875,0.41875,2.91300251256281,0.1570365,34.55,0.154861111111111,1.65278,11.93465,0.663542620071984,1,0.410149823864621,3.61600277846288e-07,0.41552131248852,0.0464256661397385,0.746696478864772,0.907940817336472,0.0827906407855193,0.0182177042265205,5.79114631779105,0.73696662959153,4.48230758670022,0.141506926749212,0.441490383078545,0.100114832399319,0.000906916338668913,0.134990000124737,9.30084855605617,0.00049968986982028,0.989112365061969,1.3464119620812,0.375849078759741,0.758511957981166,73.3774313883088,124.674950829262,237.745243282921,0.840239999999991,1.67175778546711
122,GA,500,0,0.115435766184651,3.94418598402665,4.64235150199378,5.19760658095589,0.0674056902674009,0.00657727631074845,0.0159582170284738,0.00657727631074845,0.113343416142512,0.0685203081287785,0.0159582170284738,0.0685203081287785,0.0495362723034005,34.3432649217616,0.0198824337261518,0.0362,0,0.0692,0.01,0.203136,0.0997904,0.023302,0.0063786,0,0.235996,3.8,0.00673868,0.37515,0.0888888888888889,0,0.00628146,1.382,0,0.0661112,0.477386,0.345761666483293,0,1.44,12.1,0.4995,2.19,5.0784,2.49476,0.58255,0.159465,21.0035842293907,5.8999,95,0.168467,9.37875,0.41875,2.91300251256281,0.1570365,34.55,0.154861111111111,1.65278,11.93465,0.663542620071984,1,0.433194100463836,4.47351539916501e-10,0.102171066598616,0.0157587581807599,0.546210626633476,0.907940817336472,0.0765947091596555,0.0182177042265205,3.27346768517959,1.10872920168068,14.926305971165,0.0168368221923206,3.17679634748729,0.100114832399319,6.58246702598952e-11,0.0134012083767732,9.30084855605617,9.44481353917248e-12,0.468223357555741,1.3464119620812,0.375849078759741,0.758511957981166,43.5705501128585,157.45430908213,251.153710042473,0.840239999999991,1.67175778546711
122,GA,500,0,0.115435766184651,3.94418598402665,4.64235150199378,5.19760658095589,0.0674056902674009,0.00657727631074845,0.0159582170284738,0.00657727631074845,0.113343416142512,0.0685203081287785,0.0159582170284738,0.0685203081287785,0.0495362723034005,34.3432649217616,0.0133942537519802,0.0362,0,0.0692,0.01,0.203136,0.0997904,0.023302,0.0063786,0,0.235996,3.8,0.00673868,0.37515,0.0888888888888889,0,0.00628146,1.382,0,0.0661112,0.477386,0.345761666483293,0,1.44,12.1,0.4995,2.19,5.0784,2.49476,0.58255,0.159465,21.0035842293907,5.8999,95,0.168467,9.37875,0.41875,2.91300251256281,0.1570365,34.55,0.154861111111111,1.65278,11.93465,0.663542620071984,1,1.32078458428634,4.47351539916501e-09,0.319039547719435,0.013204287405372,0.274786591273645,0.266602329910137,0.41732765724745,0.0182177042265205,2.78177300927238,4.58086460011602,15.8254897119093,0.0168368221923206,7.64120532859623,0.110816348482218,0.000906916338668913,0.0210878017475239,15.4309180351339,1.3432499042201e-09,0.468223357555741,0.923961129042611,0.599139509053199,0.958933295004431,32.9650640555064,109.509302878086,147.164146982937,0.840239999999991,1.67175778546711
122,GA,500,0,0.115435766184651,3.94418598402665,4.64235150199378,5.19760658095589,0.0674056902674009,0.00657727631074845,0.0159582170284738,0.00657727631074845,0.113343416142512,0.0685203081287785,0.0159582170284738,0.0685203081287785,0.0495362723034005,34.3432649217616,0.0138557541533465,0.0362,0,0.0692,0.01,0.203136,0.0997904,0.023302,0.0063786,0,0.235996,3.8,0.00673868,0.37515,0.0888888888888889,0,0.00628146,1.382,0,0.0661112,0.477386,0.345761666483293,0,1.44,12.1,0.4995,2.19,5.0784,2.49476,0.58255,0.159465,21.0035842293907,5.8999,95,0.168467,9.37875,0.41875,2.91300251256281,0.1570365,34.55,0.154861111111111,1.65278,11.93465,0.663542620071984,1,0.037761354590067,2.1280851038584e-16,0.33554204560074,1.08322981141486,0.374289070832957,1.12395948825633,0.49197397476715,0.0970189395876139,1.34654790976846,0.86975064501522,14.926305971165,0.0506118819857661,3.88552556880721,0.180535797838163,6.58246702598952e-11,0.0286726329341234,8.47494283828582,0.0262250519838029,0.0693630557491479,8.61789905600272,0.355751752726122,0.816708454841973,50.2466282921674,76.175159339781,143.517561007711,0.840239999999991,1.67175778546711
122,GA,500,1,0.115435766184651,3.94418598402665,4.64235150199378,5.19760658095589,0.0674056902674009,0.00657727631074845,0.0159582170284738,0.00657727631074845,0.113343416142512,0.0685203081287785,0.0159582170284738,0.0685203081287785,0.0495362723034005,34.3432649217616,0.089687508202872,0.0362,0,0.0692,0.01,0.203136,0.0997904,0.023302,0.0063786,0,0.235996,3.8,0.00673868,0.37515,0.0888888888888889,0,0.00628146,1.382,0,0.0661112,0.477386,0.345761666483293,0,1.44,12.1,0.4995,2.19,5.0784,2.49476,0.58255,0.159465,21.0035842293907,5.8999,95,0.168467,9.37875,0.41875,2.91300251256281,0.1570365,34.55,0.154861111111111,1.65278,11.93465,0.663542620071984,1,1.35605609496206,9.29655637449004e-08,0.102171066598616,0.013204287405372,2.32625678446746,0.613655492561844,0.41732765724745,0.0128138876039232,1.32601343917181,1.04379568744073,5.98824209110219,0.0567453240220814,4.41960985970513,0.21957546169713,6.58246702598952e-11,0.0134012083767732,10.5087260359772,0.0262250519838029,0.995151236192236,1.3464119620812,0.369146955385249,0.816708454841973,48.5717759274129,42.2124309309132,100.257822129887,0.840239999999991,1.67175778546711
122,GA,500,1,0.115435766184651,3.94418598402665,4.64235150199378,5.19760658095589,0.0674056902674009,0.00657727631074845,0.0159582170284738,0.00657727631074845,0.113343416142512,0.0685203081287785,0.0159582170284738,0.0685203081287785,0.0495362723034005,34.3432649217616,0.0290944242833719,0.0362,0,0.0692,0.01,0.203136,0.0997904,0.023302,0.0063786,0,0.235996,3.8,0.00673868,0.37515,0.0888888888888889,0,0.00628146,1.382,0,0.0661112,0.477386,0.345761666483293,0,1.44,12.1,0.4995,2.19,5.0784,2.49476,0.58255,0.159465,21.0035842293907,5.8999,95,0.168467,9.37875,0.41875,2.91300251256281,0.1570365,34.55,0.154861111111111,1.65278,11.93465,0.663542620071984,1,0.037761354590067,6.85490059604685e-08,0.379716216609904,1.08322981141486,0.812042234127727,0.877964643016063,0.437382911035942,0.0577263879409969,1.44869697039308,3.55390927023668,12.9498568945179,0.0506118819857661,5.13153400797091,0.264282008785214,8.5651426907191e-06,0.0286726329341234,15.4309180351339,4.23135354067356e-06,0.692279503726635,1.6210704715016,0.617038772445126,0.958933295004431,46.3516924710944,97.5879770589388,148.118913994556,0.840239999999991,1.67175778546711
122,GA,500,1,0.115435766184651,3.94418598402665,4.64235150199378,5.19760658095589,0.0674056902674009,0.00657727631074845,0.0159582170284738,0.00657727631074845,0.113343416142512,0.0685203081287785,0.0159582170284738,0.0685203081287785,0.0495362723034005,34.3432649217616,0.0220432853797699,0.0362,0,0.0692,0.01,0.203136,0.0997904,0.023302,0.0063786,0,0.235996,3.8,0.00673868,0.37515,0.0888888888888889,0,0.00628146,1.382,0,0.0661112,0.477386,0.345761666483293,0,1.44,12.1,0.4995,2.19,5.0784,2.49476,0.58255,0.159465,21.0035842293907,5.8999,95,0.168467,9.37875,0.41875,2.91300251256281,0.1570365,34.55,0.154861111111111,1.65278,11.93465,0.663542620071984,1,0.136169839156126,5.6934479526072e-09,0.474783050121243,0.106861231980513,1.28498028570191,0.389093431870761,0.179351272161613,0.0811289049218722,1.32601343917181,1.92551746462832,24.2447190751762,0.0367623215560257,3.88552556880721,0.21957546169713,1.34259566358688e-14,0.0134012083767732,11.4244763174133,1.40708384364968e-12,0.432154988776145,2.00292346655003,0.434004423131861,0.816708454841973,46.4272348437709,145.248211356278,224.273087295956,0.840239999999991,1.67175778546711
122,GA,500,0,0.115435766184651,3.94418598402665,4.64235150199378,5.19760658095589,0.0674056902674009,0.00657727631074845,0.0159582170284738,0.00657727631074845,0.113343416142512,0.0685203081287785,0.0159582170284738,0.0685203081287785,0.0495362723034005,34.3432649217616,0.00658599331542907,0.0362,0,0.0692,0.01,0.203136,0.0997904,0.023302,0.0063786,0,0.235996,3.8,0.00673868,0.37515,0.0888888888888889,0,0.00628146,1.382,0,0.0661112,0.477386,0.345761666483293,0,1.44,12.1,0.4995,2.19,5.0784,2.49476,0.58255,0.159465,21.0035842293907,5.8999,95,0.168467,9.37875,0.41875,2.91300251256281,0.1570365,34.55,0.154861111111111,1.65278,11.93465,0.663542620071984,1,0.267973582756084,1.01245328414852e-15,0.33554204560074,1.08322981141486,0.387630001463128,1.12395948825633,0.49197397476715,0.116941370040857,11.3894747291681,3.85771826894099,14.926305971165,0.0506118819857661,3.88552556880721,0.286025260217099,6.58246702598952e-11,0.0286726329341234,9.24267944991553,0.0262250519838029,1.5141658359006,2.38074857563685,0.355751752726122,0.816708454841973,37.390417046281,122.27509014662,187.107356330667,0.840239999999991,1.67175778546711
122,GA,500,1,0.115435766184651,3.94418598402665,4.64235150199378,5.19760658095589,0.0674056902674009,0.00657727631074845,0.0159582170284738,0.00657727631074845,0.113343416142512,0.0685203081287785,0.0159582170284738,0.0685203081287785,0.0495362723034005,34.3432649217616,0.0394988863027357,0.0362,0,0.0692,0.01,0.203136,0.0997904,0.023302,0.0063786,0,0.235996,3.8,0.00673868,0.37515,0.0888888888888889,0,0.00628146,1.382,0,0.0661112,0.477386,0.345761666483293,0,1.44,12.1,0.4995,2.19,5.0784,2.49476,0.58255,0.159465,21.0035842293907,5.8999,95,0.168467,9.37875,0.41875,2.91300251256281,0.1570365,34.55,0.154861111111111,1.65278,11.93465,0.663542620071984,1,0.425599797402902,9.54015569660573e-17,0.088234075098126,0.280008027650502,0.429060066156713,0.877964643016063,0.3119669225486,0.131609923039359,11.3894747291681,0.485630773313292,12.9498568945179,0.0216655366137703,0.952210213392367,0.112645176114433,0.809494118959263,0.00768956438968787,4.81960871456815,9.66481678650567e-06,0.104289678594717,3.36791779424044,0.612419483874119,0.958933295004431,42.6706647444163,149.938029216545,199.029850516407,0.840239999999991,1.67175778546711
122,GA,500,0,0.115435766184651,3.94418598402665,4.64235150199378,5.19760658095589,0.0674056902674009,0.00657727631074845,0.0159582170284738,0.00657727631074845,0.113343416142512,0.0685203081287785,0.0159582170284738,0.0685203081287785,0.0495362723034005,34.3432649217616,0.0112543347032378,0.0362,0,0.0692,0.01,0.203136,0.0997904,0.023302,0.0063786,0,0.235996,3.8,0.00673868,0.37515,0.0888888888888889,0,0.00628146,1.382,0,0.0661112,0.477386,0.345761666483293,0,1.44,12.1,0.4995,2.19,5.0784,2.49476,0.58255,0.159465,21.0035842293907,5.8999,95,0.168467,9.37875,0.41875,2.91300251256281,0.1570365,34.55,0.154861111111111,1.65278,11.93465,0.663542620071984,1,0.325032270570951,1.57731389421266e-09,0.340327954702227,0.84745896001386,0.368471890361484,1.62362423833404,0.3119669225486,0.0572291913961064,5.20938263504232,1.03190819292072,14.926305971165,0.03980139721935,1.84372375367389,0.142241787673626,1.01340060939763,0.079657409189384,6.01660845173245,0.00132390400816407,0.927591084644513,8.01624434987282,0.574096774166235,0.816708454841973,41.6364026301736,118.986403636307,187.326584886619,0.840239999999991,1.67175778546711
122,GA,500,0,0.115435766184651,3.94418598402665,4.64235150199378,5.19760658095589,0.0674056902674009,0.00657727631074845,0.0159582170284738,0.00657727631074845,0.113343416142512,0.0685203081287785,0.0159582170284738,0.0685203081287785,0.0495362723034005,34.3432649217616,0.00480376938637665,0.0362,0,0.0692,0.01,0.203136,0.0997904,0.023302,0.0063786,0,0.235996,3.8,0.00673868,0.37515,0.0888888888888889,0,0.00628146,1.382,0,0.0661112,0.477386,0.345761666483293,0,1.44,12.1,0.4995,2.19,5.0784,2.49476,0.58255,0.159465,21.0035842293907,5.8999,95,0.168467,9.37875,0.41875,2.91300251256281,0.1570365,34.55,0.154861111111111,1.65278,11.93465,0.663542620071984,1,0.526818657081156,7.2493608402609e-11,0.33554204560074,1.08322981141486,0.387630001463128,0.95769179544327,0.49197397476715,0.116941370040857,1.32601343917181,0.86975064501522,12.4670234980269,0.0506118819857661,6.19296885345705,0.21957546169713,6.58246702598952e-11,0.0286726329341234,8.47494283828582,0.0262250519838029,0.311777439929703,8.61789905600272,0.355751752726122,0.816708454841973,35.752505581625,122.593169574325,185.858909950913,0.840239999999991,1.67175778546711
122,GA,500,0,0.115435766184651,3.94418598402665,4.64235150199378,5.19760658095589,0.0674056902674009,0.00657727631074845,0.0159582170284738,0.00657727631074845,0.113343416142512,0.0685203081287785,0.0159582170284738,0.0685203081287785,0.0495362723034005,34.3432649217616,0.0014492912745389,0.0362,0,0.0692,0.01,0.203136,0.0997904,0.023302,0.0063786,0,0.235996,3.8,0.00673868,0.37515,0.0888888888888889,0,0.00628146,1.382,0,0.0661112,0.477386,0.345761666483293,0,1.44,12.1,0.4995,2.19,5.0784,2.49476,0.58255,0.159465,21.0035842293907,5.8999,95,0.168467,9.37875,0.41875,2.91300251256281,0.1570365,34.55,0.154861111111111,1.65278,11.93465,0.663542620071984,1,0.421563531488915,0.0097590126075546,0.453773539190672,0.0579019513167334,0.484777459181534,1.00498816778949,0.0765947091596555,0.00899082012244119,7.15213833552313,1.96508028710172,5.82737892308412,0.0103779126909589,1.97214490631477,0.112645176114433,0.000906916338668913,0.0177750199985199,7.07573438608025,9.44481353917248e-12,0.468223357555741,1.3464119620812,0.436565900989688,0.958933295004431,27.5661190559937,303.165604091221,343.714912377244,0.840239999999991,1.67175778546711
122,GA,500,1,0.115435766184651,3.94418598402665,4.64235150199378,5.19760658095589,0.0674056902674009,0.00657727631074845,0.0159582170284738,0.00657727631074845,0.113343416142512,0.0685203081287785,0.0159582170284738,0.0685203081287785,0.0495362723034005,34.3432649217616,0.0440655929213377,0.0362,0,0.0692,0.01,0.203136,0.0997904,0.023302,0.0063786,0,0.235996,3.8,0.00673868,0.37515,0.0888888888888889,0,0.00628146,1.382,0,0.0661112,0.477386,0.345761666483293,0,1.44,12.1,0.4995,2.19,5.0784,2.49476,0.58255,0.159465,21.0035842293907,5.8999,95,0.168467,9.37875,0.41875,2.91300251256281,0.1570365,34.55,0.154861111111111,1.65278,11.93465,0.663542620071984,1,0.232403105985959,2.82828836322685e-05,0.241690527111653,0.0308049953699979,1.51733358572729,0.377652508522009,0.20209133780225,0.0577263879409969,3.85249268821688,3.55390927023668,12.9498568945179,0.0300099874525479,1.32874924675793,0.0917163070541148,0.809494118959263,0.00768956438968787,15.4309180351339,3.98313980802765e-06,0.265554100398261,8.32268578917232,0.634351612459475,0.958933295004431,78.3175672250949,67.560561391507,148.771436898266,0.840239999999991,1.67175778546711
122,GA,500,1,0.115435766184651,3.94418598402665,4.64235150199378,5.19760658095589,0.0674056902674009,0.00657727631074845,0.0159582170284738,0.00657727631074845,0.113343416142512,0.0685203081287785,0.0159582170284738,0.0685203081287785,0.0495362723034005,34.3432649217616,0.0444197559852891,0.0362,0,0.0692,0.01,0.203136,0.0997904,0.023302,0.0063786,0,0.235996,3.8,0.00673868,0.37515,0.0888888888888889,0,0.00628146,1.382,0,0.0661112,0.477386,0.345761666483293,0,1.44,12.1,0.4995,2.19,5.0784,2.49476,0.58255,0.159465,21.0035842293907,5.8999,95,0.168467,9.37875,0.41875,2.91300251256281,0.1570365,34.55,0.154861111111111,1.65278,11.93465,0.663542620071984,1,0.410149823864621,3.61600277846288e-07,0.0963014649727906,0.0816342423066924,0.521791530434821,0.907940817336472,0.0827906407855193,0.0419109649742696,1.5209908149865,3.71743618931399,19.5376739892254,0.039971741357901,0.533100832630914,0.12647110200761,6.21582112776045e-05,0.0306966742281059,6.08526330340214,0.00638081423016666,0.989112365061969,0.868310539373699,0.375849078759741,0.758511957981166,57.5238542727436,143.316885333044,246.468647858454,0.840239999999991,1.67175778546711
122,GA,500,1,0.115435766184651,3.94418598402665,4.64235150199378,5.19760658095589,0.0674056902674009,0.00657727631074845,0.0159582170284738,0.00657727631074845,0.113343416142512,0.0685203081287785,0.0159582170284738,0.0685203081287785,0.0495362723034005,34.3432649217616,0.0417780115281783,0.0362,0,0.0692,0.01,0.203136,0.0997904,0.023302,0.0063786,0,0.235996,3.8,0.00673868,0.37515,0.0888888888888889,0,0.00628146,1.382,0,0.0661112,0.477386,0.345761666483293,0,1.44,12.1,0.4995,2.19,5.0784,2.49476,0.58255,0.159465,21.0035842293907,5.8999,95,0.168467,9.37875,0.41875,2.91300251256281,0.1570365,34.55,0.154861111111111,1.65278,11.93465,0.663542620071984,1,0.433194100463836,1.28038166405714e-17,0.102171066598616,0.013204287405372,0.546210626633476,0.374625278591707,0.0765947091596555,0.0419109649742696,3.27346768517959,0.668103263500146,9.46747813167914,0.0415877561742642,1.74140048301238,0.100114832399319,0.000906916338668913,0.109190603393961,7.07573438608025,9.44481353917248e-12,0.320544286302672,9.94105212135333,0.425376434642763,0.758511957981166,45.288109291283,151.103146351997,244.498081872558,0.840239999999991,1.67175778546711
122,GA,500,1,0.115435766184651,3.94418598402665,4.64235150199378,5.19760658095589,0.0674056902674009,0.00657727631074845,0.0159582170284738,0.00657727631074845,0.113343416142512,0.0685203081287785,0.0159582170284738,0.0685203081287785,0.0495362723034005,34.3432649217616,0.00878622268048304,0.0362,0,0.0692,0.01,0.203136,0.0997904,0.023302,0.0063786,0,0.235996,3.8,0.00673868,0.37515,0.0888888888888889,0,0.00628146,1.382,0,0.0661112,0.477386,0.345761666483293,0,1.44,12.1,0.4995,2.19,5.0784,2.49476,0.58255,0.159465,21.0035842293907,5.8999,95,0.168467,9.37875,0.41875,2.91300251256281,0.1570365,34.55,0.154861111111111,1.65278,11.93465,0.663542620071984,1,0.037761354590067,4.24768382833096e-15,0.106675703561767,1.08322981141486,0.387630001463128,1.12395948825633,0.41732765724745,0.0576827980048167,1.32601343917181,1.04379568744073,6.85502581168269,0.0648923444862926,4.41960985970513,0.21957546169713,6.58246702598952e-11,0.0134012083767732,11.7048172577826,1.38695515175163e-19,0.189665733937792,2.09251736849333,0.369146955385249,0.816708454841973,53.9237111537029,62.8835437845034,130.920029009468,0.840239999999991,1.67175778546711
122,GA,500,1,0.115435766184651,3.94418598402665,4.64235150199378,5.19760658095589,0.0674056902674009,0.00657727631074845,0.0159582170284738,0.00657727631074845,0.113343416142512,0.0685203081287785,0.0159582170284738,0.0685203081287785,0.0495362723034005,34.3432649217616,0.0528778819756041,0.0362,0,0.0692,0.01,0.203136,0.0997904,0.023302,0.0063786,0,0.235996,3.8,0.00673868,0.37515,0.0888888888888889,0,0.00628146,1.382,0,0.0661112,0.477386,0.345761666483293,0,1.44,12.1,0.4995,2.19,5.0784,2.49476,0.58255,0.159465,21.0035842293907,5.8999,95,0.168467,9.37875,0.41875,2.91300251256281,0.1570365,34.55,0.154861111111111,1.65278,11.93465,0.663542620071984,1,0.037761354590067,7.2493608402609e-11,0.106675703561767,1.08322981141486,0.387630001463128,0.877964643016063,0.437382911035942,0.14687482971743,1.32601343917181,0.86975064501522,5.98824209110219,0.0506118819857661,3.88552556880721,0.112671916743538,6.58246702598952e-11,0.0134012083767732,8.47494283828582,0.0262250519838029,0.995151236192236,8.61789905600272,0.459244421647998,0.816708454841973,47.6016932881093,111.917785455629,184.636867580855,0.840239999999991,1.67175778546711
122,GA,500,1,0.115435766184651,3.94418598402665,4.64235150199378,5.19760658095589,0.0674056902674009,0.00657727631074845,0.0159582170284738,0.00657727631074845,0.113343416142512,0.0685203081287785,0.0159582170284738,0.0685203081287785,0.0495362723034005,34.3432649217616,0.0548203056476725,0.0362,0,0.0692,0.01,0.203136,0.0997904,0.023302,0.0063786,0,0.235996,3.8,0.00673868,0.37515,0.0888888888888889,0,0.00628146,1.382,0,0.0661112,0.477386,0.345761666483293,0,1.44,12.1,0.4995,2.19,5.0784,2.49476,0.58255,0.159465,21.0035842293907,5.8999,95,0.168467,9.37875,0.41875,2.91300251256281,0.1570365,34.55,0.154861111111111,1.65278,11.93465,0.663542620071984,1,1.05359284272654,1.37299261608059e-14,0.106675703561767,0.0579019513167334,0.374289070832957,1.14085275216875,0.41732765724745,0.0811289049218722,7.56898553524094,5.12485638195356,9.46747813167914,0.0510413062487021,2.41841927686304,0.21957546169713,2.23971559276952e-13,0.0640855132126961,16.8612041775535,0.00262250519838029,0.608952758863048,4.09456305560179,0.378537585475765,0.816708454841973,58.220446165068,84.7784743943787,162.025511352966,0.840239999999991,1.67175778546711
122,GA,500,1,0.115435766184651,3.94418598402665,4.64235150199378,5.19760658095589,0.0674056902674009,0.00657727631074845,0.0159582170284738,0.00657727631074845,0.113343416142512,0.0685203081287785,0.0159582170284738,0.0685203081287785,0.0495362723034005,34.3432649217616,0.0506952311033223,0.0362,0,0.0692,0.01,0.203136,0.0997904,0.023302,0.0063786,0,0.235996,3.8,0.00673868,0.37515,0.0888888888888889,0,0.00628146,1.382,0,0.0661112,0.477386,0.345761666483293,0,1.44,12.1,0.4995,2.19,5.0784,2.49476,0.58255,0.159465,21.0035842293907,5.8999,95,0.168467,9.37875,0.41875,2.91300251256281,0.1570365,34.55,0.154861111111111,1.65278,11.93465,0.663542620071984,1,0.845984757438432,4.14013312415947e-15,0.203896073486881,0.0157587581807599,0.816456779636459,0.562075623043263,0.463808757700575,0.0419109649742696,4.37977534906498,0.73696662959153,4.81841331706556,0.0304292762283114,3.17679634748729,0.215222797882159,2.67719456280196e-07,0.0114474679976798,4.68642360262296,3.91345128045026e-16,0.821890489941394,10.5707564598706,0.397212721359864,0.758511957981166,43.9272041089364,57.4089754621477,119.613519740592,0.840239999999991,1.67175778546711
122,GA,500,0,0.115435766184651,3.94418598402665,4.64235150199378,5.19760658095589,0.0674056902674009,0.00657727631074845,0.0159582170284738,0.00657727631074845,0.113343416142512,0.0685203081287785,0.0159582170284738,0.0685203081287785,0.0495362723034005,34.3432649217616,0.00797196724453885,0.0362,0,0.0692,0.01,0.203136,0.0997904,0.023302,0.0063786,0,0.235996,3.8,0.00673868,0.37515,0.0888888888888889,0,0.00628146,1.382,0,0.0661112,0.477386,0.345761666483293,0,1.44,12.1,0.4995,2.19,5.0784,2.49476,0.58255,0.159465,21.0035842293907,5.8999,95,0.168467,9.37875,0.41875,2.91300251256281,0.1570365,34.55,0.154861111111111,1.65278,11.93465,0.663542620071984,1,0.037761354590067,0.00224231198484207,0.33554204560074,1.08322981141486,0.387630001463128,1.12395948825633,0.49197397476715,0.116941370040857,3.27346768517959,0.86975064501522,5.98824209110219,0.0506118819857661,5.5876371283912,0.21957546169713,2.07860579025522e-07,0.0286726329341234,11.0207405764091,0.00262250519838029,0.468223357555741,8.61789905600272,0.355751752726122,0.816708454841973,57.3507871673082,109.872240054835,191.881340149148,0.840239999999991,1.67175778546711
122,GA,500,1,0.115435766184651,3.94418598402665,4.64235150199378,5.19760658095589,0.0674056902674009,0.00657727631074845,0.0159582170284738,0.00657727631074845,0.113343416142512,0.0685203081287785,0.0159582170284738,0.0685203081287785,0.0495362723034005,34.3432649217616,0.0305789878532562,0.0362,0,0.0692,0.01,0.203136,0.0997904,0.023302,0.0063786,0,0.235996,3.8,0.00673868,0.37515,0.0888888888888889,0,0.00628146,1.382,0,0.0661112,0.477386,0.345761666483293,0,1.44,12.1,0.4995,2.19,5.0784,2.49476,0.58255,0.159465,21.0035842293907,5.8999,95,0.168467,9.37875,0.41875,2.91300251256281,0.1570365,34.55,0.154861111111111,1.65278,11.93465,0.663542620071984,1,0.429654326438069,6.99484506051737e-10,0.0754504023420245,1.07043561700675,0.440510622415578,0.192166178613732,0.27483037767353,0.0078874751716633,0.998266475789118,0.778603814387074,13.2270450553403,0.077626816296303,0.763253992803582,0.195681099736635,7.90886848998875e-20,0.112827911442876,3.50696279475404,2.15743632022923e-08,0.23169272278087,11.1001078149834,0.455649603469253,0.785102183241887,45.0196557256783,68.7029713278965,132.527973489112,0.840239999999991,1.67175778546711
122,GA,500,1,0.115435766184651,3.94418598402665,4.64235150199378,5.19760658095589,0.0674056902674009,0.00657727631074845,0.0159582170284738,0.00657727631074845,0.113343416142512,0.0685203081287785,0.0159582170284738,0.0685203081287785,0.0495362723034005,34.3432649217616,0.0230349920859397,0.0362,0,0.0692,0.01,0.203136,0.0997904,0.023302,0.0063786,0,0.235996,3.8,0.00673868,0.37515,0.0888888888888889,0,0.00628146,1.382,0,0.0661112,0.477386,0.345761666483293,0,1.44,12.1,0.4995,2.19,5.0784,2.49476,0.58255,0.159465,21.0035842293907,5.8999,95,0.168467,9.37875,0.41875,2.91300251256281,0.1570365,34.55,0.154861111111111,1.65278,11.93465,0.663542620071984,1,0.037761354590067,0.0124543907982777,0.466313665812949,1.08322981141486,0.387630001463128,1.12005011622373,0.49197397476715,0.0576827980048167,11.6458973438373,0.512485638195356,14.926305971165,0.01643690238027,4.37243085483907,0.291017792829165,3.81234982264063e-15,0.0134012083767732,10.5087260359772,2.56679370224842e-21,0.180816520334457,10.7291791674647,0.484755499573509,0.816708454841973,67.1132328566286,165.653430528143,269.943789521057,0.840239999999991,1.67175778546711
122,GA,500,1,0.115435766184651,3.94418598402665,4.64235150199378,5.19760658095589,0.0674056902674009,0.00657727631074845,0.0159582170284738,0.00657727631074845,0.113343416142512,0.0685203081287785,0.0159582170284738,0.0685203081287785,0.0495362723034005,34.3432649217616,0.0257691059690153,0.0362,0,0.0692,0.01,0.203136,0.0997904,0.023302,0.0063786,0,0.235996,3.8,0.00673868,0.37515,0.0888888888888889,0,0.00628146,1.382,0,0.0661112,0.477386,0.345761666483293,0,1.44,12.1,0.4995,2.19,5.0784,2.49476,0.58255,0.159465,21.0035842293907,5.8999,95,0.168467,9.37875,0.41875,2.91300251256281,0.1570365,34.55,0.154861111111111,1.65278,11.93465,0.663542620071984,1,0.037761354590067,0.00151436833643606,0.312890732115484,0.0517871861509779,0.656049462715907,0.444972858811439,0.175408387038546,0.0209469764528217,10.8926309164505,4.38223823498553,30.4910174344586,0.00755831142951199,1.08998547699224,0.21957546169713,6.58246702598952e-11,0.086256088462891,10.5087260359772,1.53095367547846e-19,0.995151236192236,2.43909601042685,0.574096774166235,0.958933295004431,37.3104776933731,115.291144158188,157.539011584936,0.840239999999991,1.67175778546711
122,GA,500,0,0.115435766184651,3.94418598402665,4.64235150199378,5.19760658095589,0.0674056902674009,0.00657727631074845,0.0159582170284738,0.00657727631074845,0.113343416142512,0.0685203081287785,0.0159582170284738,0.0685203081287785,0.0495362723034005,34.3432649217616,0.0237971253455368,0.0362,0,0.0692,0.01,0.203136,0.0997904,0.023302,0.0063786,0,0.235996,3.8,0.00673868,0.37515,0.0888888888888889,0,0.00628146,1.382,0,0.0661112,0.477386,0.345761666483293,0,1.44,12.1,0.4995,2.19,5.0784,2.49476,0.58255,0.159465,21.0035842293907,5.8999,95,0.168467,9.37875,0.41875,2.91300251256281,0.1570365,34.55,0.154861111111111,1.65278,11.93465,0.663542620071984,1,0.037761354590067,3.80772740021238e-19,0.33554204560074,1.31657833636732,0.387630001463128,0.112395948825633,0.49197397476715,0.0897190927538993,1.32601343917181,0.86975064501522,16.942540576199,0.03980139721935,3.88552556880721,0.21957546169713,6.58246702598952e-11,0.0286726329341234,11.1920071228968,0.00262250519838029,0.0995151236192236,8.61789905600272,0.516084162380898,0.816708454841973,57.9114759831118,123.240470147792,208.81045274421,0.840239999999991,1.67175778546711
122,GA,500,0,0.115435766184651,3.94418598402665,4.64235150199378,5.19760658095589,0.0674056902674009,0.00657727631074845,0.0159582170284738,0.00657727631074845,0.113343416142512,0.0685203081287785,0.0159582170284738,0.0685203081287785,0.0495362723034005,34.3432649217616,0.00322053400787263,0.0362,0,0.0692,0.01,0.203136,0.0997904,0.023302,0.0063786,0,0.235996,3.8,0.00673868,0.37515,0.0888888888888889,0,0.00628146,1.382,0,0.0661112,0.477386,0.345761666483293,0,1.44,12.1,0.4995,2.19,5.0784,2.49476,0.58255,0.159465,21.0035842293907,5.8999,95,0.168467,9.37875,0.41875,2.91300251256281,0.1570365,34.55,0.154861111111111,1.65278,11.93465,0.663542620071984,1,0.433194100463836,2.52234108540636e-14,0.102171066598616,0.581320535117791,0.2164385234177,1.76160927799369,0.49197397476715,0.0521526063278319,3.27346768517959,0.512485638195356,18.0346259785621,0.0270980772724941,7.64120532859623,0.0936981705207815,8.9694042719046e-18,0.132151051611707,7.07573438608025,0.00262250519838029,1.31057262815407,1.3464119620812,0.348163784310639,0.816708454841973,40.5764068792457,74.8282209956814,132.198111726369,0.840239999999991,1.67175778546711
122,GA,500,0,0.115435766184651,3.94418598402665,4.64235150199378,5.19760658095589,0.0674056902674009,0.00657727631074845,0.0159582170284738,0.00657727631074845,0.113343416142512,0.0685203081287785,0.0159582170284738,0.0685203081287785,0.0495362723034005,34.3432649217616,0.00419302034869225,0.0362,0,0.0692,0.01,0.203136,0.0997904,0.023302,0.0063786,0,0.235996,3.8,0.00673868,0.37515,0.0888888888888889,0,0.00628146,1.382,0,0.0661112,0.477386,0.345761666483293,0,1.44,12.1,0.4995,2.19,5.0784,2.49476,0.58255,0.159465,21.0035842293907,5.8999,95,0.168467,9.37875,0.41875,2.91300251256281,0.1570365,34.55,0.154861111111111,1.65278,11.93465,0.663542620071984,1,0.037761354590067,7.2493608402609e-11,0.106675703561767,1.08322981141486,0.374289070832957,1.12395948825633,0.49197397476715,0.116941370040857,1.32601343917181,0.86975064501522,29.8814900960205,0.0506118819857661,3.88552556880721,0.100114832399319,6.58246702598952e-11,0.0286726329341234,8.47494283828582,0.0262250519838029,0.0672498050960735,1.3464119620812,0.355751752726122,0.816708454841973,51.0663281591203,63.412340785743,128.710119416323,0.840239999999991,1.67175778546711
122,GA,500,1,0.115435766184651,3.94418598402665,4.64235150199378,5.19760658095589,0.0674056902674009,0.00657727631074845,0.0159582170284738,0.00657727631074845,0.113343416142512,0.0685203081287785,0.0159582170284738,0.0685203081287785,0.0495362723034005,34.3432649217616,0.037897545144376,0.0362,0,0.0692,0.01,0.203136,0.0997904,0.023302,0.0063786,0,0.235996,3.8,0.00673868,0.37515,0.0888888888888889,0,0.00628146,1.382,0,0.0661112,0.477386,0.345761666483293,0,1.44,12.1,0.4995,2.19,5.0784,2.49476,0.58255,0.159465,21.0035842293907,5.8999,95,0.168467,9.37875,0.41875,2.91300251256281,0.1570365,34.55,0.154861111111111,1.65278,11.93465,0.663542620071984,1,0.037761354590067,3.61600277846288e-07,0.33554204560074,0.0157587581807599,0.746696478864772,0.428078780926549,0.0894073397692752,0.0419109649742696,1.32601343917181,0.73696662959153,14.926305971165,0.0506118819857661,3.88552556880721,0.21957546169713,0.0126020088799756,0.0286726329341234,8.47494283828582,0.00262250519838029,0.0995151236192236,8.61789905600272,0.397212721359864,0.758511957981166,40.9902120939552,74.9192676415808,139.761585245387,0.840239999999991,1.67175778546711
122,GA,500,0,0.115435766184651,3.94418598402665,4.64235150199378,5.19760658095589,0.0674056902674009,0.00657727631074845,0.0159582170284738,0.00657727631074845,0.113343416142512,0.0685203081287785,0.0159582170284738,0.0685203081287785,0.0495362723034005,34.3432649217616,2.49644262186301e-63,0.0362,0,0.0692,0.01,0.203136,0.0997904,0.023302,0.0063786,0,0.235996,3.8,0.00673868,0.37515,0.0888888888888889,0,0.00628146,1.382,0,0.0661112,0.477386,0.345761666483293,0,1.44,12.1,0.4995,2.19,5.0784,2.49476,0.58255,0.159465,21.0035842293907,5.8999,95,0.168467,9.37875,0.41875,2.91300251256281,0.1570365,34.55,0.154861111111111,1.65278,11.93465,0.663542620071984,1,0.144669546263794,0.125783288239609,0.245324604784576,0.0201354811079675,0.20489224866786,0.408941158666186,0.261092367198137,0.12758690135907,3.55071301816798,2.65936778838133,89.2610684667906,0.0167603336271827,1.50860525717387,0.110833292852295,2.28441202304034e-13,0.0140808520124243,1.74555154661108,2.13209485737777e-16,0.261434803493799,6.71072127961484,0.620534281547948,0.11710736291422,24.7072687801102,27.9040941969114,262.985149030482,0.840239999999991,1.67175778546711
122,GA,500,1,0.115435766184651,3.94418598402665,4.64235150199378,5.19760658095589,0.0674056902674009,0.00657727631074845,0.0159582170284738,0.00657727631074845,0.113343416142512,0.0685203081287785,0.0159582170284738,0.0685203081287785,0.0495362723034005,34.3432649217616,0.0470944704978416,0.0362,0,0.0692,0.01,0.203136,0.0997904,0.023302,0.0063786,0,0.235996,3.8,0.00673868,0.37515,0.0888888888888889,0,0.00628146,1.382,0,0.0661112,0.477386,0.345761666483293,0,1.44,12.1,0.4995,2.19,5.0784,2.49476,0.58255,0.159465,21.0035842293907,5.8999,95,0.168467,9.37875,0.41875,2.91300251256281,0.1570365,34.55,0.154861111111111,1.65278,11.93465,0.663542620071984,1,0.508871063422381,2.46035158525766e-17,0.28458430643001,1.08322981141486,0.374289070832957,0.882600469421692,0.49197397476715,0.0576827980048167,0.833300095514468,5.2512445221487,29.8814900960205,0.0192763124463403,4.41960985970513,0.40078948408744,1.41715680813627e-12,0.0175322492207075,10.5087260359772,0.0262250519838029,0.0672498050960735,1.60755180572269,0.510708641788296,0.816708454841973,43.6386435935296,130.866832934991,203.875545953396,0.840239999999991,1.67175778546711
122,GA,500,1,0.115435766184651,3.94418598402665,4.64235150199378,5.19760658095589,0.0674056902674009,0.00657727631074845,0.0159582170284738,0.00657727631074845,0.113343416142512,0.0685203081287785,0.0159582170284738,0.0685203081287785,0.0495362723034005,34.3432649217616,0.0772834398641803,0.0362,0,0.0692,0.01,0.203136,0.0997904,0.023302,0.0063786,0,0.235996,3.8,0.00673868,0.37515,0.0888888888888889,0,0.00628146,1.382,0,0.0661112,0.477386,0.345761666483293,0,1.44,12.1,0.4995,2.19,5.0784,2.49476,0.58255,0.159465,21.0035842293907,5.8999,95,0.168467,9.37875,0.41875,2.91300251256281,0.1570365,34.55,0.154861111111111,1.65278,11.93465,0.663542620071984,1,0.151001119807738,1.37299261608059e-14,0.294524791734088,1.08322981141486,0.387630001463128,0.507598509125477,0.41732765724745,0.14687482971743,4.46886217011408,1.04379568744073,5.98824209110219,0.0648923444862926,4.41960985970513,0.112671916743538,1.02832830248494e-09,0.0225991864827672,4.40491554240785,0.000796799923413195,0.189665733937792,5.13193549803677,0.369146955385249,0.816708454841973,33.1767810202917,133.933281616764,197.16832637864,0.840239999999991,1.67175778546711
122,GA,500,0,0.115435766184651,3.94418598402665,4.64235150199378,5.19760658095589,0.0674056902674009,0.00657727631074845,0.0159582170284738,0.00657727631074845,0.113343416142512,0.0685203081287785,0.0159582170284738,0.0685203081287785,0.0495362723034005,34.3432649217616,0.00522078441797256,0.0362,0,0.0692,0.01,0.203136,0.0997904,0.023302,0.0063786,0,0.235996,3.8,0.00673868,0.37515,0.0888888888888889,0,0.00628146,1.382,0,0.0661112,0.477386,0.345761666483293,0,1.44,12.1,0.4995,2.19,5.0784,2.49476,0.58255,0.159465,21.0035842293907,5.8999,95,0.168467,9.37875,0.41875,2.91300251256281,0.1570365,34.55,0.154861111111111,1.65278,11.93465,0.663542620071984,1,0.517373409772335,1.37299261608059e-14,0.118370114857646,1.08322981141486,0.374289070832957,1.12395948825633,0.318873887167162,0.00782104361100388,1.32601343917181,0.512485638195356,60.0268858054525,0.0168368221923206,7.64120532859623,0.100114832399319,0.00847626005027461,0.048471069776101,13.3435469709574,0.0262250519838029,0.0672498050960735,2.55259254138495,0.470579851860777,0.816708454841973,39.6662574284937,73.2662593694302,129.375454064161,0.840239999999991,1.67175778546711
122,GA,500,1,0.115435766184651,3.94418598402665,4.64235150199378,5.19760658095589,0.0674056902674009,0.00657727631074845,0.0159582170284738,0.00657727631074845,0.113343416142512,0.0685203081287785,0.0159582170284738,0.0685203081287785,0.0495362723034005,34.3432649217616,0.0328050065216489,0.0362,0,0.0692,0.01,0.203136,0.0997904,0.023302,0.0063786,0,0.235996,3.8,0.00673868,0.37515,0.0888888888888889,0,0.00628146,1.382,0,0.0661112,0.477386,0.345761666483293,0,1.44,12.1,0.4995,2.19,5.0784,2.49476,0.58255,0.159465,21.0035842293907,5.8999,95,0.168467,9.37875,0.41875,2.91300251256281,0.1570365,34.55,0.154861111111111,1.65278,11.93465,0.663542620071984,1,0.037761354590067,7.65445033465748e-16,0.401216971064286,1.08322981141486,0.387630001463128,1.12395948825633,0.49197397476715,0.116941370040857,1.44869697039308,0.86975064501522,14.926305971165,0.0506118819857661,4.16920699101323,0.21957546169713,8.5651426907191e-06,0.0286726329341234,8.47494283828582,2.09645551761118e-20,0.0995151236192236,8.61789905600272,0.355751752726122,0.816708454841973,49.3458304809137,115.919221960919,191.280472241599,0.840239999999991,1.67175778546711
122,GA,500,1,0.115435766184651,3.94418598402665,4.64235150199378,5.19760658095589,0.0674056902674009,0.00657727631074845,0.0159582170284738,0.00657727631074845,0.113343416142512,0.0685203081287785,0.0159582170284738,0.0685203081287785,0.0495362723034005,34.3432649217616,0.0594027412050548,0.0362,0,0.0692,0.01,0.203136,0.0997904,0.023302,0.0063786,0,0.235996,3.8,0.00673868,0.37515,0.0888888888888889,0,0.00628146,1.382,0,0.0661112,0.477386,0.345761666483293,0,1.44,12.1,0.4995,2.19,5.0784,2.49476,0.58255,0.159465,21.0035842293907,5.8999,95,0.168467,9.37875,0.41875,2.91300251256281,0.1570365,34.55,0.154861111111111,1.65278,11.93465,0.663542620071984,1,0.363479111087168,1.21817414375463e-12,0.260055376719176,0.0579019513167334,0.523260486075412,0.161512694142348,0.103261549712822,0.0147377487356611,6.31551340487285,0.512485638195356,25.0934955521434,0.0511463536363769,0.784801249123468,0.172557865351898,0.0125440359807552,0.079657409189384,5.06121960051148,0.0262250519838029,0.131666285412128,2.45621530672174,0.620534281547948,0.668745151801258,39.8847342513167,69.8469214269592,144.329486095614,0.840239999999991,1.67175778546711
122,GA,500,0,0.115435766184651,3.94418598402665,4.64235150199378,5.19760658095589,0.0674056902674009,0.00657727631074845,0.0159582170284738,0.00657727631074845,0.113343416142512,0.0685203081287785,0.0159582170284738,0.0685203081287785,0.0495362723034005,34.3432649217616,0.0061743135375177,0.0362,0,0.0692,0.01,0.203136,0.0997904,0.023302,0.0063786,0,0.235996,3.8,0.00673868,0.37515,0.0888888888888889,0,0.00628146,1.382,0,0.0661112,0.477386,0.345761666483293,0,1.44,12.1,0.4995,2.19,5.0784,2.49476,0.58255,0.159465,21.0035842293907,5.8999,95,0.168467,9.37875,0.41875,2.91300251256281,0.1570365,34.55,0.154861111111111,1.65278,11.93465,0.663542620071984,1,0.0433194100463836,1.37299261608059e-14,0.106675703561767,1.08322981141486,0.387630001463128,1.12395948825633,0.41732765724745,0.12125677610034,1.32601343917181,3.64860840390857,5.98824209110219,0.0506118819857661,4.41960985970513,0.112671916743538,2.30791528101226e-07,0.0134012083767732,8.33397853861368,0.0262250519838029,0.189665733937792,2.09251736849333,0.369146955385249,0.816708454841973,32.4958702710513,80.9220014130079,131.578965264436,0.840239999999991,1.67175778546711
122,GA,500,0,0.115435766184651,3.94418598402665,4.64235150199378,5.19760658095589,0.0674056902674009,0.00657727631074845,0.0159582170284738,0.00657727631074845,0.113343416142512,0.0685203081287785,0.0159582170284738,0.0685203081287785,0.0495362723034005,34.3432649217616,0.0251323163165101,0.0362,0,0.0692,0.01,0.203136,0.0997904,0.023302,0.0063786,0,0.235996,3.8,0.00673868,0.37515,0.0888888888888889,0,0.00628146,1.382,0,0.0661112,0.477386,0.345761666483293,0,1.44,12.1,0.4995,2.19,5.0784,2.49476,0.58255,0.159465,21.0035842293907,5.8999,95,0.168467,9.37875,0.41875,2.91300251256281,0.1570365,34.55,0.154861111111111,1.65278,11.93465,0.663542620071984,1,0.741003966070824,7.2493608402609e-11,0.33554204560074,1.08322981141486,0.387630001463128,0.599390440915207,0.49197397476715,0.116941370040857,0.833300095514468,4.58086460011602,14.926305971165,0.0363015079307041,4.41960985970513,0.21957546169713,7.65805658500133e-16,0.0286726329341234,10.5087260359772,0.0262250519838029,0.995151236192236,3.36791779424044,0.574096774166235,0.816708454841973,48.5917501001293,184.859372972177,274.938583999316,0.840239999999991,1.67175778546711
122,GA,500,0,0.115435766184651,3.94418598402665,4.64235150199378,5.19760658095589,0.0674056902674009,0.00657727631074845,0.0159582170284738,0.00657727631074845,0.113343416142512,0.0685203081287785,0.0159582170284738,0.0685203081287785,0.0495362723034005,34.3432649217616,0.00315274063651138,0.0362,0,0.0692,0.01,0.203136,0.0997904,0.023302,0.0063786,0,0.235996,3.8,0.00673868,0.37515,0.0888888888888889,0,0.00628146,1.382,0,0.0661112,0.477386,0.345761666483293,0,1.44,12.1,0.4995,2.19,5.0784,2.49476,0.58255,0.159465,21.0035842293907,5.8999,95,0.168467,9.37875,0.41875,2.91300251256281,0.1570365,34.55,0.154861111111111,1.65278,11.93465,0.663542620071984,1,1.35605609496206,2.88203509576274e-19,0.303103305401679,0.0186167452989518,2.29204562370403,1.02099603855866,0.383423559764833,0.0811289049218722,7.56898553524094,0.512485638195356,25.0934955521434,0.0481444305343451,4.41960985970513,0.112645176114433,1.54290590961609e-13,0.0640855132126961,8.33768186817541,1.01601974419982e-07,0.608952758863048,4.75730582782319,0.368178919942555,0.816708454841973,60.563435617577,132.966389636857,223.37109219141,0.840239999999991,1.67175778546711
122,GA,500,0,0.115435766184651,3.94418598402665,4.64235150199378,5.19760658095589,0.0674056902674009,0.00657727631074845,0.0159582170284738,0.00657727631074845,0.113343416142512,0.0685203081287785,0.0159582170284738,0.0685203081287785,0.0495362723034005,34.3432649217616,0.0229458889465976,0.0362,0,0.0692,0.01,0.203136,0.0997904,0.023302,0.0063786,0,0.235996,3.8,0.00673868,0.37515,0.0888888888888889,0,0.00628146,1.382,0,0.0661112,0.477386,0.345761666483293,0,1.44,12.1,0.4995,2.19,5.0784,2.49476,0.58255,0.159465,21.0035842293907,5.8999,95,0.168467,9.37875,0.41875,2.91300251256281,0.1570365,34.55,0.154861111111111,1.65278,11.93465,0.663542620071984,1,0.037761354590067,1.37299261608059e-14,0.363367183613787,1.39972485971381,0.537354415707005,0.551785371879522,0.49197397476715,0.0811289049218722,1.32601343917181,1.76795958941735,19.5376739892254,0.0295441132763676,1.91973779390975,0.413518123708923,1.57436496162661e-11,0.00667936354111834,2.84249104476916,3.66979876934221e-20,0.215202978370955,2.09251736849333,0.574096774166235,0.816708454841973,43.0034381232639,155.178561747316,233.00828113342,0.840239999999991,1.67175778546711
122,GA,500,1,0.115435766184651,3.94418598402665,4.64235150199378,5.19760658095589,0.0674056902674009,0.00657727631074845,0.0159582170284738,0.00657727631074845,0.113343416142512,0.0685203081287785,0.0159582170284738,0.0685203081287785,0.0495362723034005,34.3432649217616,0.00944902675453431,0.0362,0,0.0692,0.01,0.203136,0.0997904,0.023302,0.0063786,0,0.235996,3.8,0.00673868,0.37515,0.0888888888888889,0,0.00628146,1.382,0,0.0661112,0.477386,0.345761666483293,0,1.44,12.1,0.4995,2.19,5.0784,2.49476,0.58255,0.159465,21.0035842293907,5.8999,95,0.168467,9.37875,0.41875,2.91300251256281,0.1570365,34.55,0.154861111111111,1.65278,11.93465,0.663542620071984,1,0.508871063422381,2.25972808424889,0.106675703561767,1.08322981141486,0.374289070832957,0.387900543182236,0.49197397476715,0.0119705285421511,5.92352066219016,3.69119725516393,5.98824209110219,0.0367623215560257,4.41960985970513,0.168053171099659,6.7190889576178e-14,0.0134012083767732,10.5087260359772,0.00262250519838029,0.443754733890804,4.09456305560179,0.369146955385249,0.816708454841973,36.6626872455486,68.3547385796596,120.358084512968,0.840239999999991,1.67175778546711
122,GA,500,0,0.115435766184651,3.94418598402665,4.64235150199378,5.19760658095589,0.0674056902674009,0.00657727631074845,0.0159582170284738,0.00657727631074845,0.113343416142512,0.0685203081287785,0.0159582170284738,0.0685203081287785,0.0495362723034005,34.3432649217616,0.00978919369843909,0.0362,0,0.0692,0.01,0.203136,0.0997904,0.023302,0.0063786,0,0.235996,3.8,0.00673868,0.37515,0.0888888888888889,0,0.00628146,1.382,0,0.0661112,0.477386,0.345761666483293,0,1.44,12.1,0.4995,2.19,5.0784,2.49476,0.58255,0.159465,21.0035842293907,5.8999,95,0.168467,9.37875,0.41875,2.91300251256281,0.1570365,34.55,0.154861111111111,1.65278,11.93465,0.663542620071984,1,0.037761354590067,2.52234108540636e-14,0.33554204560074,1.08322981141486,0.549715149832198,0.408941158666186,0.206610743288249,0.12758690135907,7.42163345089903,0.596906764158108,7.95947805420267,0.0954024854906097,2.2318352396866,0.21957546169713,6.58246702598952e-11,0.0286726329341234,8.47494283828582,3.51191195299508e-09,0.995151236192236,8.61789905600272,0.348163784310639,0.816708454841973,56.853294538065,186.47331472918,285.176282531696,0.840239999999991,1.67175778546711
122,GA,500,1,0.115435766184651,3.94418598402665,4.64235150199378,5.19760658095589,0.0674056902674009,0.00657727631074845,0.0159582170284738,0.00657727631074845,0.113343416142512,0.0685203081287785,0.0159582170284738,0.0685203081287785,0.0495362723034005,34.3432649217616,0.0131105038838389,0.0362,0,0.0692,0.01,0.203136,0.0997904,0.023302,0.0063786,0,0.235996,3.8,0.00673868,0.37515,0.0888888888888889,0,0.00628146,1.382,0,0.0661112,0.477386,0.345761666483293,0,1.44,12.1,0.4995,2.19,5.0784,2.49476,0.58255,0.159465,21.0035842293907,5.8999,95,0.168467,9.37875,0.41875,2.91300251256281,0.1570365,34.55,0.154861111111111,1.65278,11.93465,0.663542620071984,1,0.37761354590067,1.37299261608059e-14,0.106675703561767,1.08322981141486,0.387630001463128,0.877964643016063,0.41732765724745,0.14687482971743,1.32601343917181,1.04379568744073,5.98824209110219,0.0648923444862926,4.41960985970513,0.112671916743538,2.07860579025522e-07,0.0134012083767732,16.1098143437832,0.0262250519838029,0.189665733937792,2.09251736849333,0.369146955385249,0.816708454841973,71.7682991104373,107.355531754897,203.2173261389,0.840239999999991,1.67175778546711
122,GA,500,0,0.115435766184651,3.94418598402665,4.64235150199378,5.19760658095589,0.0674056902674009,0.00657727631074845,0.0159582170284738,0.00657727631074845,0.113343416142512,0.0685203081287785,0.0159582170284738,0.0685203081287785,0.0495362723034005,34.3432649217616,0.0124628092857735,0.0362,0,0.0692,0.01,0.203136,0.0997904,0.023302,0.0063786,0,0.235996,3.8,0.00673868,0.37515,0.0888888888888889,0,0.00628146,1.382,0,0.0661112,0.477386,0.345761666483293,0,1.44,12.1,0.4995,2.19,5.0784,2.49476,0.58255,0.159465,21.0035842293907,5.8999,95,0.168467,9.37875,0.41875,2.91300251256281,0.1570365,34.55,0.154861111111111,1.65278,11.93465,0.663542620071984,1,0.037761354590067,4.47351539916501e-10,0.102171066598616,1.08322981141486,0.387630001463128,1.12395948825633,0.41732765724745,0.14687482971743,1.32601343917181,0.86975064501522,14.926305971165,0.0506118819857661,4.41960985970513,0.112671916743538,2.07860579025522e-07,0.0134012083767732,10.5087260359772,9.44481353917248e-12,0.995151236192236,8.61789905600272,0.355751752726122,0.816708454841973,53.2362991331959,129.424636100369,211.707336543249,0.840239999999991,1.67175778546711
122,GA,500,0,0.115435766184651,3.94418598402665,4.64235150199378,5.19760658095589,0.0674056902674009,0.00657727631074845,0.0159582170284738,0.00657727631074845,0.113343416142512,0.0685203081287785,0.0159582170284738,0.0685203081287785,0.0495362723034005,34.3432649217616,0.00298245765333681,0.0362,0,0.0692,0.01,0.203136,0.0997904,0.023302,0.0063786,0,0.235996,3.8,0.00673868,0.37515,0.0888888888888889,0,0.00628146,1.382,0,0.0661112,0.477386,0.345761666483293,0,1.44,12.1,0.4995,2.19,5.0784,2.49476,0.58255,0.159465,21.0035842293907,5.8999,95,0.168467,9.37875,0.41875,2.91300251256281,0.1570365,34.55,0.154861111111111,1.65278,11.93465,0.663542620071984,1,0.325032270570951,3.71006479080203e-12,0.33554204560074,1.08322981141486,0.387630001463128,0.611980553613763,0.51806146672862,0.0897190927538993,10.8926309164505,4.58086460011602,14.926305971165,0.03980139721935,0.952210213392367,0.21957546169713,0.809494118959263,0.0286726329341234,8.47494283828582,3.8441003608446e-07,0.995151236192236,3.36791779424044,0.459244421647998,0.816708454841973,38.0072913886816,94.3385286056281,153.51794644108,0.840239999999991,1.67175778546711
122,GA,500,0,0.115435766184651,3.94418598402665,4.64235150199378,5.19760658095589,0.0674056902674009,0.00657727631074845,0.0159582170284738,0.00657727631074845,0.113343416142512,0.0685203081287785,0.0159582170284738,0.0685203081287785,0.0495362723034005,34.3432649217616,0.00852404176465782,0.0362,0,0.0692,0.01,0.203136,0.0997904,0.023302,0.0063786,0,0.235996,3.8,0.00673868,0.37515,0.0888888888888889,0,0.00628146,1.382,0,0.0661112,0.477386,0.345761666483293,0,1.44,12.1,0.4995,2.19,5.0784,2.49476,0.58255,0.159465,21.0035842293907,5.8999,95,0.168467,9.37875,0.41875,2.91300251256281,0.1570365,34.55,0.154861111111111,1.65278,11.93465,0.663542620071984,1,0.227247450544863,6.85490059604685e-09,0.379716216609904,1.01980242842927,0.37535318877095,1.77255550098967,0.437382911035942,0.0536766601051845,10.8926309164505,0.512485638195356,12.9498568945179,0.0277355553288218,0.952210213392367,0.112645176114433,0.809494118959263,0.04558008001914,2.84249104476916,8.80527707472228e-19,1.5141658359006,3.97809753634037,0.612419483874119,0.816708454841973,34.5250049790833,103.716274881563,161.518027111603,0.840239999999991,1.67175778546711
122,GA,500,1,0.115435766184651,3.94418598402665,4.64235150199378,5.19760658095589,0.0674056902674009,0.00657727631074845,0.0159582170284738,0.00657727631074845,0.113343416142512,0.0685203081287785,0.0159582170284738,0.0685203081287785,0.0495362723034005,34.3432649217616,0.0276649012053141,0.0362,0,0.0692,0.01,0.203136,0.0997904,0.023302,0.0063786,0,0.235996,3.8,0.00673868,0.37515,0.0888888888888889,0,0.00628146,1.382,0,0.0661112,0.477386,0.345761666483293,0,1.44,12.1,0.4995,2.19,5.0784,2.49476,0.58255,0.159465,21.0035842293907,5.8999,95,0.168467,9.37875,0.41875,2.91300251256281,0.1570365,34.55,0.154861111111111,1.65278,11.93465,0.663542620071984,1,0.508871063422381,1.37299261608059e-14,0.106675703561767,1.08322981141486,0.387630001463128,0.882600469421692,0.521799370884457,0.14687482971743,1.32601343917181,0.512485638195356,8.92610684667907,0.0168368221923206,7.64120532859623,0.112671916743538,2.07860579025522e-06,0.0134012083767732,10.5087260359772,0.0262250519838029,0.0672498050960735,2.09251736849333,0.369146955385249,0.816708454841973,40.6467826455119,128.970712700702,198.562023924184,0.840239999999991,1.67175778546711
122,GA,500,0,0.115435766184651,3.94418598402665,4.64235150199378,5.19760658095589,0.0674056902674009,0.00657727631074845,0.0159582170284738,0.00657727631074845,0.113343416142512,0.0685203081287785,0.0159582170284738,0.0685203081287785,0.0495362723034005,34.3432649217616,0.00819048140127088,0.0362,0,0.0692,0.01,0.203136,0.0997904,0.023302,0.0063786,0,0.235996,3.8,0.00673868,0.37515,0.0888888888888889,0,0.00628146,1.382,0,0.0661112,0.477386,0.345761666483293,0,1.44,12.1,0.4995,2.19,5.0784,2.49476,0.58255,0.159465,21.0035842293907,5.8999,95,0.168467,9.37875,0.41875,2.91300251256281,0.1570365,34.55,0.154861111111111,1.65278,11.93465,0.663542620071984,1,0.144669546263794,7.2493608402609e-11,0.312890732115484,1.63276703201205,0.387630001463128,1.12395948825633,0.447718646133985,0.042486353321664,1.35256217235495,4.38223823498553,70.7573047986803,0.0393600969245741,1.80456813489388,0.181086691318901,6.92994178430808e-11,0.0140808520124243,8.47494283828582,0.0484958776206643,0.263055755176134,8.61789905600272,0.424440336392406,0.816708454841973,56.1960078276059,88.8066334173622,164.933260259437,0.840239999999991,1.67175778546711
122,GA,500,0,0.115435766184651,3.94418598402665,4.64235150199378,5.19760658095589,0.0674056902674009,0.00657727631074845,0.0159582170284738,0.00657727631074845,0.113343416142512,0.0685203081287785,0.0159582170284738,0.0685203081287785,0.0495362723034005,34.3432649217616,0.00273981827676135,0.0362,0,0.0692,0.01,0.203136,0.0997904,0.023302,0.0063786,0,0.235996,3.8,0.00673868,0.37515,0.0888888888888889,0,0.00628146,1.382,0,0.0661112,0.477386,0.345761666483293,0,1.44,12.1,0.4995,2.19,5.0784,2.49476,0.58255,0.159465,21.0035842293907,5.8999,95,0.168467,9.37875,0.41875,2.91300251256281,0.1570365,34.55,0.154861111111111,1.65278,11.93465,0.663542620071984,1,0.0636895963173438,1.01245328414852e-14,0.464399839049848,0.0570300963731577,0.816456779636459,0.725899947535033,0.49197397476715,0.132048777525922,6.86693148081724,0.637435810613692,9.36914114799649,0.0216560100356149,3.88552556880721,0.219323816124469,9.99063193810214e-11,0.0286726329341234,8.47494283828582,0.00557089403474837,0.77421576654892,0.521219938737057,0.406857795236203,0.816708454841973,73.9142745409102,90.8378041429661,185.138547541173,0.840239999999991,1.67175778546711
122,GA,500,1,0.115435766184651,3.94418598402665,4.64235150199378,5.19760658095589,0.0674056902674009,0.00657727631074845,0.0159582170284738,0.00657727631074845,0.113343416142512,0.0685203081287785,0.0159582170284738,0.0685203081287785,0.0495362723034005,34.3432649217616,0.047896604733392,0.0362,0,0.0692,0.01,0.203136,0.0997904,0.023302,0.0063786,0,0.235996,3.8,0.00673868,0.37515,0.0888888888888889,0,0.00628146,1.382,0,0.0661112,0.477386,0.345761666483293,0,1.44,12.1,0.4995,2.19,5.0784,2.49476,0.58255,0.159465,21.0035842293907,5.8999,95,0.168467,9.37875,0.41875,2.91300251256281,0.1570365,34.55,0.154861111111111,1.65278,11.93465,0.663542620071984,1,1.36294551844419,1.37299261608059e-14,0.0894366941397378,1.08322981141486,0.493784936261897,0.219143497694182,0.37644961902334,0.0130068322654442,3.7022540163183,0.542593604765535,19.4810027083994,0.114606217319592,1.38544376959647,0.286025260217099,5.72046910376162e-17,0.00797194885317456,7.6076673932228,2.72198369173491e-19,0.619789626045754,1.520709874815,0.582374958445711,0.660711659572347,59.3279063493107,68.6645323568764,163.253017041803,0.840239999999991,1.67175778546711
122,GA,500,0,0.115435766184651,3.94418598402665,4.64235150199378,5.19760658095589,0.0674056902674009,0.00657727631074845,0.0159582170284738,0.00657727631074845,0.113343416142512,0.0685203081287785,0.0159582170284738,0.0685203081287785,0.0495362723034005,34.3432649217616,0.00967569601070588,0.0362,0,0.0692,0.01,0.203136,0.0997904,0.023302,0.0063786,0,0.235996,3.8,0.00673868,0.37515,0.0888888888888889,0,0.00628146,1.382,0,0.0661112,0.477386,0.345761666483293,0,1.44,12.1,0.4995,2.19,5.0784,2.49476,0.58255,0.159465,21.0035842293907,5.8999,95,0.168467,9.37875,0.41875,2.91300251256281,0.1570365,34.55,0.154861111111111,1.65278,11.93465,0.663542620071984,1,0.0364773007124725,7.2493608402609e-11,0.198520737559823,1.08322981141486,0.374289070832957,1.14085275216875,0.49197397476715,0.116941370040857,6.0729948551954,0.512485638195356,14.926305971165,0.0367623215560257,4.41960985970513,0.21957546169713,6.58246702598952e-11,0.0134012083767732,5.33800630674243,0.0262250519838029,0.207128414256045,2.45621530672174,0.574096774166235,0.816708454841973,40.6204553504309,109.22835570092,174.362618852405,0.840239999999991,1.67175778546711
122,GA,500,0,0.115435766184651,3.94418598402665,4.64235150199378,5.19760658095589,0.0674056902674009,0.00657727631074845,0.0159582170284738,0.00657727631074845,0.113343416142512,0.0685203081287785,0.0159582170284738,0.0685203081287785,0.0495362723034005,34.3432649217616,0.0109196465789068,0.0362,0,0.0692,0.01,0.203136,0.0997904,0.023302,0.0063786,0,0.235996,3.8,0.00673868,0.37515,0.0888888888888889,0,0.00628146,1.382,0,0.0661112,0.477386,0.345761666483293,0,1.44,12.1,0.4995,2.19,5.0784,2.49476,0.58255,0.159465,21.0035842293907,5.8999,95,0.168467,9.37875,0.41875,2.91300251256281,0.1570365,34.55,0.154861111111111,1.65278,11.93465,0.663542620071984,1,1.36692028970568,7.96125085949334e-12,0.198520737559823,1.63276703201205,1.0984965358435,1.43499936904444,0.49197397476715,0.0525879442876969,10.1667659872547,2.89483211803682,89.9211400930517,0.0377011057373636,0.414743804919329,0.21957546169713,6.58246702598952e-11,0.0628901869511094,5.33800630674243,2.56931982711824e-15,1.38665507670855,10.0628530558918,0.592903488892043,0.816708454841973,33.9547170657856,176.185546440375,249.681082326036,0.840239999999991,1.67175778546711
122,GA,500,1,0.115435766184651,3.94418598402665,4.64235150199378,5.19760658095589,0.0674056902674009,0.00657727631074845,0.0159582170284738,0.00657727631074845,0.113343416142512,0.0685203081287785,0.0159582170284738,0.0685203081287785,0.0495362723034005,34.3432649217616,0.0461197146108593,0.0362,0,0.0692,0.01,0.203136,0.0997904,0.023302,0.0063786,0,0.235996,3.8,0.00673868,0.37515,0.0888888888888889,0,0.00628146,1.382,0,0.0661112,0.477386,0.345761666483293,0,1.44,12.1,0.4995,2.19,5.0784,2.49476,0.58255,0.159465,21.0035842293907,5.8999,95,0.168467,9.37875,0.41875,2.91300251256281,0.1570365,34.55,0.154861111111111,1.65278,11.93465,0.663542620071984,1,0.846322127465164,2.52766016549392e-10,0.319039547719435,0.0186167452989518,1.57579624320135,1.80056677002425,0.447718646133985,0.114093870394109,12.1330524787281,4.02519743812579,4.48230758670022,0.0277355553288218,0.948584406495536,0.12647110200761,2.43507236019229e-16,0.109879264853294,5.06121960051148,5.70149887400548e-19,1.5141658359006,2.73694831976921,0.369146955385249,0.758511957981166,32.7509874988332,142.130787380917,220.132064204872,0.840239999999991,1.67175778546711
122,GA,500,0,0.115435766184651,3.94418598402665,4.64235150199378,5.19760658095589,0.0674056902674009,0.00657727631074845,0.0159582170284738,0.00657727631074845,0.113343416142512,0.0685203081287785,0.0159582170284738,0.0685203081287785,0.0495362723034005,34.3432649217616,0.00908318139521667,0.0362,0,0.0692,0.01,0.203136,0.0997904,0.023302,0.0063786,0,0.235996,3.8,0.00673868,0.37515,0.0888888888888889,0,0.00628146,1.382,0,0.0661112,0.477386,0.345761666483293,0,1.44,12.1,0.4995,2.19,5.0784,2.49476,0.58255,0.159465,21.0035842293907,5.8999,95,0.168467,9.37875,0.41875,2.91300251256281,0.1570365,34.55,0.154861111111111,1.65278,11.93465,0.663542620071984,1,0.144669546263794,0.000633838881453042,0.312890732115484,0.4164731485066,0.387630001463128,0.877964643016063,0.437382911035942,0.14687482971743,13.2601343917181,0.512485638195356,5.98824209110219,0.0648923444862926,2.65320590739658,0.23619188200265,3.17551676612792e-09,0.0134012083767732,3.70829934853503,0.0262250519838029,0.995151236192236,3.36791779424044,0.574096774166235,0.816708454841973,40.688971132443,71.7966815169928,128.598776756881,0.840239999999991,1.67175778546711
122,GA,500,1,0.115435766184651,3.94418598402665,4.64235150199378,5.19760658095589,0.0674056902674009,0.00657727631074845,0.0159582170284738,0.00657727631074845,0.113343416142512,0.0685203081287785,0.0159582170284738,0.0685203081287785,0.0495362723034005,34.3432649217616,0.0114534657589667,0.0362,0,0.0692,0.01,0.203136,0.0997904,0.023302,0.0063786,0,0.235996,3.8,0.00673868,0.37515,0.0888888888888889,0,0.00628146,1.382,0,0.0661112,0.477386,0.345761666483293,0,1.44,12.1,0.4995,2.19,5.0784,2.49476,0.58255,0.159465,21.0035842293907,5.8999,95,0.168467,9.37875,0.41875,2.91300251256281,0.1570365,34.55,0.154861111111111,1.65278,11.93465,0.663542620071984,1,0.744467503747806,1.37299261608059e-14,0.0743581957801286,1.08322981141486,0.346722442424389,1.0427851361232,0.369990044881856,0.0297278878607167,10.8926309164505,4.58086460011602,16.942540576199,0.03980139721935,0.952210213392367,0.112645176114433,0.00029644168538526,0.0134012083767732,16.8612041775535,9.72797905625576e-20,0.465313113222956,1.02973372027796,0.574096774166235,0.816708454841973,57.6755603100418,101.612328465915,182.092453343892,0.840239999999991,1.67175778546711
122,GA,500,0,0.115435766184651,3.94418598402665,4.64235150199378,5.19760658095589,0.0674056902674009,0.00657727631074845,0.0159582170284738,0.00657727631074845,0.113343416142512,0.0685203081287785,0.0159582170284738,0.0685203081287785,0.0495362723034005,34.3432649217616,0.00328809974727378,0.0362,0,0.0692,0.01,0.203136,0.0997904,0.023302,0.0063786,0,0.235996,3.8,0.00673868,0.37515,0.0888888888888889,0,0.00628146,1.382,0,0.0661112,0.477386,0.345761666483293,0,1.44,12.1,0.4995,2.19,5.0784,2.49476,0.58255,0.159465,21.0035842293907,5.8999,95,0.168467,9.37875,0.41875,2.91300251256281,0.1570365,34.55,0.154861111111111,1.65278,11.93465,0.663542620071984,1,0.037761354590067,8.10806660247839e-17,0.0719554922018008,1.08322981141486,0.387630001463128,0.348298741174201,0.49197397476715,0.0811289049218722,0.132601343917181,0.949739540455731,25.4442697678591,0.0367623215560257,4.41960985970513,0.21957546169713,6.58246702598952e-11,0.079657409189384,10.5087260359772,0.00262250519838029,0.131666285412128,2.09251736849333,0.574096774166235,0.816708454841973,42.3735823230195,85.0359405935274,146.493896113552,0.840239999999991,1.67175778546711
122,GA,500,1,0.115435766184651,3.94418598402665,4.64235150199378,5.19760658095589,0.0674056902674009,0.00657727631074845,0.0159582170284738,0.00657727631074845,0.113343416142512,0.0685203081287785,0.0159582170284738,0.0685203081287785,0.0495362723034005,34.3432649217616,0.0235862254384747,0.0362,0,0.0692,0.01,0.203136,0.0997904,0.023302,0.0063786,0,0.235996,3.8,0.00673868,0.37515,0.0888888888888889,0,0.00628146,1.382,0,0.0661112,0.477386,0.345761666483293,0,1.44,12.1,0.4995,2.19,5.0784,2.49476,0.58255,0.159465,21.0035842293907,5.8999,95,0.168467,9.37875,0.41875,2.91300251256281,0.1570365,34.55,0.154861111111111,1.65278,11.93465,0.663542620071984,1,0.037761354590067,7.2493608402609e-11,0.106675703561767,1.08322981141486,0.374289070832957,1.14085275216875,0.49197397476715,0.116941370040857,6.0729948551954,0.86975064501522,14.926305971165,0.070392396599646,3.88552556880721,0.33351382135523,6.58246702598952e-11,0.0134012083767732,8.47494283828582,2.76051304339214e-16,0.0672498050960735,4.09456305560179,0.355751752726122,0.816708454841973,66.4447736782573,75.1542282781789,158.465650690876,0.840239999999991,1.67175778546711
122,GA,500,0,0.115435766184651,3.94418598402665,4.64235150199378,5.19760658095589,0.0674056902674009,0.00657727631074845,0.0159582170284738,0.00657727631074845,0.113343416142512,0.0685203081287785,0.0159582170284738,0.0685203081287785,0.0495362723034005,34.3432649217616,0.0104553516197514,0.0362,0,0.0692,0.01,0.203136,0.0997904,0.023302,0.0063786,0,0.235996,3.8,0.00673868,0.37515,0.0888888888888889,0,0.00628146,1.382,0,0.0661112,0.477386,0.345761666483293,0,1.44,12.1,0.4995,2.19,5.0784,2.49476,0.58255,0.159465,21.0035842293907,5.8999,95,0.168467,9.37875,0.41875,2.91300251256281,0.1570365,34.55,0.154861111111111,1.65278,11.93465,0.663542620071984,1,0.508871063422381,0.911892118297998,0.106675703561767,1.65825018673521,0.775755855342374,0.316457774452584,0.294363855771725,0.0182177042265205,3.27346768517959,0.512485638195356,8.73996484235274,0.0477671558432846,0.50631407882853,0.247439552181702,8.07342646644362e-05,0.031454870022769,6.99353190259447,9.31464487543417e-09,0.0672498050960735,2.90744560088289,0.491699065495587,0.816708454841973,68.4835919503366,134.117398457343,232.700574965768,0.840239999999991,1.67175778546711
122,GA,500,0,0.115435766184651,3.94418598402665,4.64235150199378,5.19760658095589,0.0674056902674009,0.00657727631074845,0.0159582170284738,0.00657727631074845,0.113343416142512,0.0685203081287785,0.0159582170284738,0.0685203081287785,0.0495362723034005,34.3432649217616,0.00812934705910675,0.0362,0,0.0692,0.01,0.203136,0.0997904,0.023302,0.0063786,0,0.235996,3.8,0.00673868,0.37515,0.0888888888888889,0,0.00628146,1.382,0,0.0661112,0.477386,0.345761666483293,0,1.44,12.1,0.4995,2.19,5.0784,2.49476,0.58255,0.159465,21.0035842293907,5.8999,95,0.168467,9.37875,0.41875,2.91300251256281,0.1570365,34.55,0.154861111111111,1.65278,11.93465,0.663542620071984,1,0.215167475265555,1.06906181054258e-17,0.071040620603433,0.0337305764492223,0.387630001463128,0.408941158666186,0.0765947091596555,0.0104676586188856,1.32601343917181,3.57596124591625,8.92610684667907,0.0168368221923206,2.65320590739658,0.100114832399319,2.01852370919678e-05,0.048471069776101,7.07573438608025,9.55204478683968e-11,0.151528341256263,1.3464119620812,0.633681483465002,0.816708454841973,32.0579099475549,76.6559892709043,125.917583881917,0.840239999999991,1.67175778546711
122,GA,500,0,0.115435766184651,3.94418598402665,4.64235150199378,5.19760658095589,0.0674056902674009,0.00657727631074845,0.0159582170284738,0.00657727631074845,0.113343416142512,0.0685203081287785,0.0159582170284738,0.0685203081287785,0.0495362723034005,34.3432649217616,0.00340737689998361,0.0362,0,0.0692,0.01,0.203136,0.0997904,0.023302,0.0063786,0,0.235996,3.8,0.00673868,0.37515,0.0888888888888889,0,0.00628146,1.382,0,0.0661112,0.477386,0.345761666483293,0,1.44,12.1,0.4995,2.19,5.0784,2.49476,0.58255,0.159465,21.0035842293907,5.8999,95,0.168467,9.37875,0.41875,2.91300251256281,0.1570365,34.55,0.154861111111111,1.65278,11.93465,0.663542620071984,1,0.271348091172979,2.52766016549392e-10,0.33554204560074,1.42275540358593,0.387630001463128,1.12395948825633,0.49051603916839,0.116941370040857,1.32601343917181,0.86975064501522,14.926305971165,0.0510413062487021,3.88552556880721,0.370683221508312,0.50857549246992,0.0286726329341234,8.47494283828582,0.00262250519838029,0.0995151236192236,8.61789905600272,0.355751752726122,0.816708454841973,51.5428119998019,123.147521356087,202.327979737431,0.840239999999991,1.67175778546711
122,GA,500,0,0.115435766184651,3.94418598402665,4.64235150199378,5.19760658095589,0.0674056902674009,0.00657727631074845,0.0159582170284738,0.00657727631074845,0.113343416142512,0.0685203081287785,0.0159582170284738,0.0685203081287785,0.0495362723034005,34.3432649217616,0.0132904882944832,0.0362,0,0.0692,0.01,0.203136,0.0997904,0.023302,0.0063786,0,0.235996,3.8,0.00673868,0.37515,0.0888888888888889,0,0.00628146,1.382,0,0.0661112,0.477386,0.345761666483293,0,1.44,12.1,0.4995,2.19,5.0784,2.49476,0.58255,0.159465,21.0035842293907,5.8999,95,0.168467,9.37875,0.41875,2.91300251256281,0.1570365,34.55,0.154861111111111,1.65278,11.93465,0.663542620071984,1,0.248052807789627,7.2493608402609e-11,0.0905385539051642,1.08322981141486,0.692910406082837,1.12395948825633,0.206610743288249,0.011099846250114,9.23032288998711,0.86975064501522,14.926305971165,0.110097414476242,2.65320590739658,0.21957546169713,7.10870042973419e-12,0.0286726329341234,8.47494283828582,0.0262250519838029,0.24902423826171,0.861789905600272,0.362561070450475,0.816708454841973,62.3965271991261,79.7423416474432,160.035214756086,0.840239999999991,1.67175778546711
122,GA,500,1,0.115435766184651,3.94418598402665,4.64235150199378,5.19760658095589,0.0674056902674009,0.00657727631074845,0.0159582170284738,0.00657727631074845,0.113343416142512,0.0685203081287785,0.0159582170284738,0.0685203081287785,0.0495362723034005,34.3432649217616,0.0337089739402013,0.0362,0,0.0692,0.01,0.203136,0.0997904,0.023302,0.0063786,0,0.235996,3.8,0.00673868,0.37515,0.0888888888888889,0,0.00628146,1.382,0,0.0661112,0.477386,0.345761666483293,0,1.44,12.1,0.4995,2.19,5.0784,2.49476,0.58255,0.159465,21.0035842293907,5.8999,95,0.168467,9.37875,0.41875,2.91300251256281,0.1570365,34.55,0.154861111111111,1.65278,11.93465,0.663542620071984,1,0.541292477981546,7.2493608402609e-11,0.379716216609904,1.39972485971381,0.387630001463128,1.0674281911628,0.49197397476715,0.116941370040857,1.32601343917181,4.58086460011602,14.926305971165,0.0506118819857661,3.88552556880721,0.112645176114433,6.58246702598952e-11,0.00768956438968787,15.0898446005357,0.0262250519838029,0.995151236192236,8.61789905600272,0.355751752726122,0.816708454841973,64.0587644705197,160.08649247851,260.073011083756,0.840239999999991,1.67175778546711
122,GA,500,1,0.115435766184651,3.94418598402665,4.64235150199378,5.19760658095589,0.0674056902674009,0.00657727631074845,0.0159582170284738,0.00657727631074845,0.113343416142512,0.0685203081287785,0.0159582170284738,0.0685203081287785,0.0495362723034005,34.3432649217616,0.0184841917139898,0.0362,0,0.0692,0.01,0.203136,0.0997904,0.023302,0.0063786,0,0.235996,3.8,0.00673868,0.37515,0.0888888888888889,0,0.00628146,1.382,0,0.0661112,0.477386,0.345761666483293,0,1.44,12.1,0.4995,2.19,5.0784,2.49476,0.58255,0.159465,21.0035842293907,5.8999,95,0.168467,9.37875,0.41875,2.91300251256281,0.1570365,34.55,0.154861111111111,1.65278,11.93465,0.663542620071984,1,0.037761354590067,1.95050271326823e-06,0.106675703561767,1.08322981141486,0.746696478864772,1.14085275216875,0.352603635974488,0.0811289049218722,13.7306172615432,5.12485638195356,14.926305971165,0.0367623215560257,4.41960985970513,0.21957546169713,2.30657118460817e-11,0.0134012083767732,16.8612041775535,0.00262250519838029,0.0672498050960735,4.09456305560179,0.574096774166235,0.816708454841973,42.7468675272073,120.587336775081,190.397275772845,0.840239999999991,1.67175778546711
122,GA,500,1,0.115435766184651,3.94418598402665,4.64235150199378,5.19760658095589,0.0674056902674009,0.00657727631074845,0.0159582170284738,0.00657727631074845,0.113343416142512,0.0685203081287785,0.0159582170284738,0.0685203081287785,0.0495362723034005,34.3432649217616,0.0347508541685744,0.0362,0,0.0692,0.01,0.203136,0.0997904,0.023302,0.0063786,0,0.235996,3.8,0.00673868,0.37515,0.0888888888888889,0,0.00628146,1.382,0,0.0661112,0.477386,0.345761666483293,0,1.44,12.1,0.4995,2.19,5.0784,2.49476,0.58255,0.159465,21.0035842293907,5.8999,95,0.168467,9.37875,0.41875,2.91300251256281,0.1570365,34.55,0.154861111111111,1.65278,11.93465,0.663542620071984,1,0.966371224542811,0.0248236858420792,0.106675703561767,0.403940347586626,1.46371924524271,0.704849724000353,0.49197397476715,0.0623558816697118,6.31551340487285,0.377581296972491,20.1498866237404,0.0310753112575006,0.764651516709151,0.21957546169713,6.58246702598952e-11,0.00768956438968787,2.33028243764726,0.0262250519838029,0.07921590283537,2.09251736849333,0.634351612459475,0.816708454841973,40.4425498127507,60.1135758614297,114.047243758354,0.840239999999991,1.67175778546711
122,GA,500,0,0.115435766184651,3.94418598402665,4.64235150199378,5.19760658095589,0.0674056902674009,0.00657727631074845,0.0159582170284738,0.00657727631074845,0.113343416142512,0.0685203081287785,0.0159582170284738,0.0685203081287785,0.0495362723034005,34.3432649217616,0.0162892038504347,0.0362,0,0.0692,0.01,0.203136,0.0997904,0.023302,0.0063786,0,0.235996,3.8,0.00673868,0.37515,0.0888888888888889,0,0.00628146,1.382,0,0.0661112,0.477386,0.345761666483293,0,1.44,12.1,0.4995,2.19,5.0784,2.49476,0.58255,0.159465,21.0035842293907,5.8999,95,0.168467,9.37875,0.41875,2.91300251256281,0.1570365,34.55,0.154861111111111,1.65278,11.93465,0.663542620071984,1,0.0966735975809416,0.00634798188757475,0.484352991439676,0.0108903681934097,0.366789837130859,1.12395948825633,0.555404410358929,0.116941370040857,2.37385568382133,0.86975064501522,14.926305971165,0.0153468032412916,3.88552556880721,0.272036745078955,4.6460774463308e-13,0.00889918452424679,7.66474177753913,4.24375451749881e-12,0.995151236192236,8.61789905600272,0.470653100878525,0.816708454841973,53.4559514574632,104.948708360843,181.957998593917,0.840239999999991,1.67175778546711
122,GA,500,0,0.115435766184651,3.94418598402665,4.64235150199378,5.19760658095589,0.0674056902674009,0.00657727631074845,0.0159582170284738,0.00657727631074845,0.113343416142512,0.0685203081287785,0.0159582170284738,0.0685203081287785,0.0495362723034005,34.3432649217616,0.0111017954586447,0.0362,0,0.0692,0.01,0.203136,0.0997904,0.023302,0.0063786,0,0.235996,3.8,0.00673868,0.37515,0.0888888888888889,0,0.00628146,1.382,0,0.0661112,0.477386,0.345761666483293,0,1.44,12.1,0.4995,2.19,5.0784,2.49476,0.58255,0.159465,21.0035842293907,5.8999,95,0.168467,9.37875,0.41875,2.91300251256281,0.1570365,34.55,0.154861111111111,1.65278,11.93465,0.663542620071984,1,0.262610854811808,6.85490059604685e-08,0.356614972782744,1.68158318513407,0.346722442424389,0.493571251311567,0.564221703591945,0.046713876892349,6.31551340487285,5.41815715449967,34.8173030877224,0.072618012574649,1.5545462474136,0.323138721363564,5.11370302002197e-05,0.0269051199419121,15.4309180351339,1.2010406730947e-13,0.19548347552296,6.27013478833263,0.459244421647998,0.958933295004431,58.6571648577119,89.0397974277558,151.510127510703,0.840239999999991,1.67175778546711
122,GA,500,1,0.115435766184651,3.94418598402665,4.64235150199378,5.19760658095589,0.0674056902674009,0.00657727631074845,0.0159582170284738,0.00657727631074845,0.113343416142512,0.0685203081287785,0.0159582170284738,0.0685203081287785,0.0495362723034005,34.3432649217616,0.0339223682056746,0.0362,0,0.0692,0.01,0.203136,0.0997904,0.023302,0.0063786,0,0.235996,3.8,0.00673868,0.37515,0.0888888888888889,0,0.00628146,1.382,0,0.0661112,0.477386,0.345761666483293,0,1.44,12.1,0.4995,2.19,5.0784,2.49476,0.58255,0.159465,21.0035842293907,5.8999,95,0.168467,9.37875,0.41875,2.91300251256281,0.1570365,34.55,0.154861111111111,1.65278,11.93465,0.663542620071984,1,0.0364773007124725,7.2493608402609e-11,0.355021858924853,1.63276703201205,2.35407611444565,1.12395948825633,0.49197397476715,0.116941370040857,15.6509497757883,5.72752345947607,14.926305971165,0.0506118819857661,1.80456813489388,0.21957546169713,2.79748765035835e-15,0.0286726329341234,8.47494283828582,0.0262250519838029,0.995151236192236,2.45621530672174,0.416258136097572,0.816708454841973,30.1609107842557,113.886260764104,169.606339674961,0.840239999999991,1.67175778546711
122,GA,500,1,0.115435766184651,3.94418598402665,4.64235150199378,5.19760658095589,0.0674056902674009,0.00657727631074845,0.0159582170284738,0.00657727631074845,0.113343416142512,0.0685203081287785,0.0159582170284738,0.0685203081287785,0.0495362723034005,34.3432649217616,0.0109764205489437,0.0362,0,0.0692,0.01,0.203136,0.0997904,0.023302,0.0063786,0,0.235996,3.8,0.00673868,0.37515,0.0888888888888889,0,0.00628146,1.382,0,0.0661112,0.477386,0.345761666483293,0,1.44,12.1,0.4995,2.19,5.0784,2.49476,0.58255,0.159465,21.0035842293907,5.8999,95,0.168467,9.37875,0.41875,2.91300251256281,0.1570365,34.55,0.154861111111111,1.65278,11.93465,0.663542620071984,1,0.037761354590067,7.2493608402609e-10,0.33554204560074,1.08322981141486,0.781538253949921,0.408941158666186,0.49197397476715,0.116941370040857,1.25001059729042,3.74008296892398,9.32163111622473,0.0506118819857661,3.88552556880721,0.402453356962707,1.69005670733438e-10,0.0140808520124243,12.647594459692,4.41671567224941e-09,0.608952758863048,1.83124623101156,0.620534281547948,0.816708454841973,52.4602632960329,110.918330102879,188.271677326687,0.840239999999991,1.67175778546711
122,GA,500,1,0.115435766184651,3.94418598402665,4.64235150199378,5.19760658095589,0.0674056902674009,0.00657727631074845,0.0159582170284738,0.00657727631074845,0.113343416142512,0.0685203081287785,0.0159582170284738,0.0685203081287785,0.0495362723034005,34.3432649217616,0.0447219245071614,0.0362,0,0.0692,0.01,0.203136,0.0997904,0.023302,0.0063786,0,0.235996,3.8,0.00673868,0.37515,0.0888888888888889,0,0.00628146,1.382,0,0.0661112,0.477386,0.345761666483293,0,1.44,12.1,0.4995,2.19,5.0784,2.49476,0.58255,0.159465,21.0035842293907,5.8999,95,0.168467,9.37875,0.41875,2.91300251256281,0.1570365,34.55,0.154861111111111,1.65278,11.93465,0.663542620071984,1,0.287863162330782,6.01834107804372e-11,0.489981947385354,0.84745896001386,0.387630001463128,1.39310659465527,0.49197397476715,0.0576827980048167,0.833300095514468,1.73744192979196,14.926305971165,0.0192763124463403,4.41960985970513,0.235523623117676,3.81234982264063e-15,0.0802401469479965,6.62165491091031,1.18203555008621e-09,1.41339155847845,6.57989961638323,0.484755499573509,0.816708454841973,36.6649281547477,149.263379992826,219.427062069117,0.840239999999991,1.67175778546711
122,GA,500,1,0.115435766184651,3.94418598402665,4.64235150199378,5.19760658095589,0.0674056902674009,0.00657727631074845,0.0159582170284738,0.00657727631074845,0.113343416142512,0.0685203081287785,0.0159582170284738,0.0685203081287785,0.0495362723034005,34.3432649217616,0.0488728049871497,0.0362,0,0.0692,0.01,0.203136,0.0997904,0.023302,0.0063786,0,0.235996,3.8,0.00673868,0.37515,0.0888888888888889,0,0.00628146,1.382,0,0.0661112,0.477386,0.345761666483293,0,1.44,12.1,0.4995,2.19,5.0784,2.49476,0.58255,0.159465,21.0035842293907,5.8999,95,0.168467,9.37875,0.41875,2.91300251256281,0.1570365,34.55,0.154861111111111,1.65278,11.93465,0.663542620071984,1,0.861588688917038,6.85490059604685e-09,0.379716216609904,1.63276703201205,0.299418142315606,0.877964643016063,0.437382911035942,0.0897190927538993,6.31551340487285,5.72752345947607,15.8254897119093,0.0477671558432846,1.91973779390975,0.110140417546348,0.809494118959263,0.0831445859145277,15.4309180351339,3.20590039456349e-17,1.29606487869952,3.36791779424044,0.416258136097572,0.958933295004431,59.9198089164508,210.468464335484,279.401670096911,0.840239999999991,1.67175778546711
122,GA,500,1,0.115435766184651,3.94418598402665,4.64235150199378,5.19760658095589,0.0674056902674009,0.00657727631074845,0.0159582170284738,0.00657727631074845,0.113343416142512,0.0685203081287785,0.0159582170284738,0.0685203081287785,0.0495362723034005,34.3432649217616,0.0387494960378581,0.0362,0,0.0692,0.01,0.203136,0.0997904,0.023302,0.0063786,0,0.235996,3.8,0.00673868,0.37515,0.0888888888888889,0,0.00628146,1.382,0,0.0661112,0.477386,0.345761666483293,0,1.44,12.1,0.4995,2.19,5.0784,2.49476,0.58255,0.159465,21.0035842293907,5.8999,95,0.168467,9.37875,0.41875,2.91300251256281,0.1570365,34.55,0.154861111111111,1.65278,11.93465,0.663542620071984,1,0.037761354590067,1.37299261608059e-14,0.221484229342396,1.64996722668368,0.457278126463482,1.12395948825633,0.353265974374375,0.0811289049218722,1.32601343917181,0.512485638195356,22.7226130084363,0.0648923444862926,1.75946669344081,0.21957546169713,6.58246702598952e-11,0.134012083767732,3.25676180704002,0.00262250519838029,0.307203372951257,8.61789905600272,0.534863931215726,0.816708454841973,37.4852475863823,135.50625066224,203.40277893906,0.840239999999991,1.67175778546711
122,GA,500,1,0.115435766184651,3.94418598402665,4.64235150199378,5.19760658095589,0.0674056902674009,0.00657727631074845,0.0159582170284738,0.00657727631074845,0.113343416142512,0.0685203081287785,0.0159582170284738,0.0685203081287785,0.0495362723034005,34.3432649217616,0.0544371256818032,0.0362,0,0.0692,0.01,0.203136,0.0997904,0.023302,0.0063786,0,0.235996,3.8,0.00673868,0.37515,0.0888888888888889,0,0.00628146,1.382,0,0.0661112,0.477386,0.345761666483293,0,1.44,12.1,0.4995,2.19,5.0784,2.49476,0.58255,0.159465,21.0035842293907,5.8999,95,0.168467,9.37875,0.41875,2.91300251256281,0.1570365,34.55,0.154861111111111,1.65278,11.93465,0.663542620071984,1,0.37761354590067,1.37299261608059e-14,0.106675703561767,0.0661582374220721,0.387630001463128,1.12395948825633,0.150846347258173,0.14687482971743,7.56898553524094,1.04379568744073,5.98824209110219,0.0490284585274731,0.948584406495536,0.24328036324942,2.07860579025522e-07,0.0134012083767732,5.57629119315962,0.0262250519838029,0.189665733937792,2.09251736849333,0.369146955385249,0.816708454841973,45.730961341295,123.761336116836,197.26770053274,0.840239999999991,1.67175778546711
122,GA,500,1,0.115435766184651,3.94418598402665,4.64235150199378,5.19760658095589,0.0674056902674009,0.00657727631074845,0.0159582170284738,0.00657727631074845,0.113343416142512,0.0685203081287785,0.0159582170284738,0.0685203081287785,0.0495362723034005,34.3432649217616,0.0292703217990802,0.0362,0,0.0692,0.01,0.203136,0.0997904,0.023302,0.0063786,0,0.235996,3.8,0.00673868,0.37515,0.0888888888888889,0,0.00628146,1.382,0,0.0661112,0.477386,0.345761666483293,0,1.44,12.1,0.4995,2.19,5.0784,2.49476,0.58255,0.159465,21.0035842293907,5.8999,95,0.168467,9.37875,0.41875,2.91300251256281,0.1570365,34.55,0.154861111111111,1.65278,11.93465,0.663542620071984,1,0.37761354590067,7.2493608402609e-10,0.33554204560074,1.08322981141486,0.387630001463128,0.180428985355692,0.454329237837827,0.127258247058268,1.32601343917181,0.86975064501522,10.8173338581077,0.166463592617968,3.88552556880721,0.183789087155661,6.58246702598952e-11,0.0981091802165838,8.47494283828582,2.73076490268093e-08,0.885214756659537,8.61789905600272,0.355751752726122,0.816708454841973,46.0241764728346,78.9533361783286,142.696784317461,0.840239999999991,1.67175778546711
122,GA,500,1,0.115435766184651,3.94418598402665,4.64235150199378,5.19760658095589,0.0674056902674009,0.00657727631074845,0.0159582170284738,0.00657727631074845,0.113343416142512,0.0685203081287785,0.0159582170284738,0.0685203081287785,0.0495362723034005,34.3432649217616,0.0765056145057783,0.0362,0,0.0692,0.01,0.203136,0.0997904,0.023302,0.0063786,0,0.235996,3.8,0.00673868,0.37515,0.0888888888888889,0,0.00628146,1.382,0,0.0661112,0.477386,0.345761666483293,0,1.44,12.1,0.4995,2.19,5.0784,2.49476,0.58255,0.159465,21.0035842293907,5.8999,95,0.168467,9.37875,0.41875,2.91300251256281,0.1570365,34.55,0.154861111111111,1.65278,11.93465,0.663542620071984,1,1.02498647206923,0.0097590126075546,0.172494329058668,0.0322647982708142,0.523260486075412,1.80056677002425,0.481793186828245,0.0897190927538993,4.78546863895791,4.58086460011602,15.8254897119093,0.0592439704663513,1.91973779390975,0.116832069717607,0.00511057819384026,0.03146311471895,15.4309180351339,3.97448770837526e-17,0.886649381973208,0.923961129042611,0.459244421647998,0.958933295004431,66.1832178130592,85.4394611435386,155.281658328824,0.840239999999991,1.67175778546711
122,GA,500,1,0.115435766184651,3.94418598402665,4.64235150199378,5.19760658095589,0.0674056902674009,0.00657727631074845,0.0159582170284738,0.00657727631074845,0.113343416142512,0.0685203081287785,0.0159582170284738,0.0685203081287785,0.0495362723034005,34.3432649217616,0.152413400809896,0.0362,0,0.0692,0.01,0.203136,0.0997904,0.023302,0.0063786,0,0.235996,3.8,0.00673868,0.37515,0.0888888888888889,0,0.00628146,1.382,0,0.0661112,0.477386,0.345761666483293,0,1.44,12.1,0.4995,2.19,5.0784,2.49476,0.58255,0.159465,21.0035842293907,5.8999,95,0.168467,9.37875,0.41875,2.91300251256281,0.1570365,34.55,0.154861111111111,1.65278,11.93465,0.663542620071984,1,0.0363479111087168,0.0112839626081654,0.469134542560834,1.13794286907913,0.387630001463128,0.750461232113653,0.49197397476715,0.0811289049218722,3.27346768517959,4.96204122125398,16.0967981979606,0.0648923444862926,6.32430377262218,0.2406365243464,6.58246702598952e-11,0.109773552815224,21.951227573862,7.77325261877652e-10,0.278241459186967,6.33761887122714,0.574096774166235,0.668745151801258,52.2164355116261,69.9201456604067,156.770682330579,0.840239999999991,1.67175778546711
122,GA,500,1,0.115435766184651,3.94418598402665,4.64235150199378,5.19760658095589,0.0674056902674009,0.00657727631074845,0.0159582170284738,0.00657727631074845,0.113343416142512,0.0685203081287785,0.0159582170284738,0.0685203081287785,0.0495362723034005,34.3432649217616,0.0108395150113248,0.0362,0,0.0692,0.01,0.203136,0.0997904,0.023302,0.0063786,0,0.235996,3.8,0.00673868,0.37515,0.0888888888888889,0,0.00628146,1.382,0,0.0661112,0.477386,0.345761666483293,0,1.44,12.1,0.4995,2.19,5.0784,2.49476,0.58255,0.159465,21.0035842293907,5.8999,95,0.168467,9.37875,0.41875,2.91300251256281,0.1570365,34.55,0.154861111111111,1.65278,11.93465,0.663542620071984,1,0.232403105985959,2.11015958122419e-17,0.17848607342963,0.344383871362955,0.686077278237692,0.377652508522009,0.20209133780225,0.118498627690879,10.8926309164505,4.58086460011602,12.9498568945179,0.0148801385619671,1.87178201826934,0.264282008785214,0.809494118959263,0.00768956438968787,11.9099726089675,0.104819184569409,1.47607122890569,8.48455462585815,0.472173143169429,0.958933295004431,40.5101790134292,150.962690516508,197.937907618692,0.840239999999991,1.67175778546711
122,GA,500,1,0.115435766184651,3.94418598402665,4.64235150199378,5.19760658095589,0.0674056902674009,0.00657727631074845,0.0159582170284738,0.00657727631074845,0.113343416142512,0.0685203081287785,0.0159582170284738,0.0685203081287785,0.0495362723034005,34.3432649217616,0.0452371006851366,0.0362,0,0.0692,0.01,0.203136,0.0997904,0.023302,0.0063786,0,0.235996,3.8,0.00673868,0.37515,0.0888888888888889,0,0.00628146,1.382,0,0.0661112,0.477386,0.345761666483293,0,1.44,12.1,0.4995,2.19,5.0784,2.49476,0.58255,0.159465,21.0035842293907,5.8999,95,0.168467,9.37875,0.41875,2.91300251256281,0.1570365,34.55,0.154861111111111,1.65278,11.93465,0.663542620071984,1,0.0430532131247256,2.87028363289654e-06,0.106675703561767,0.275209988707965,0.387630001463128,1.12395948825633,0.41732765724745,0.14687482971743,13.2601343917181,0.86353372849139,4.03307186679071,0.0167603336271827,4.41960985970513,0.237719399577868,2.07860579025522e-07,0.00699210452536753,10.5087260359772,0.0262250519838029,0.189665733937792,2.09251736849333,0.369146955385249,0.816708454841973,79.5349950346108,101.137270396609,203.370214073916,0.840239999999991,1.67175778546711
122,GA,500,1,0.115435766184651,3.94418598402665,4.64235150199378,5.19760658095589,0.0674056902674009,0.00657727631074845,0.0159582170284738,0.00657727631074845,0.113343416142512,0.0685203081287785,0.0159582170284738,0.0685203081287785,0.0495362723034005,34.3432649217616,0.0289723974519056,0.0362,0,0.0692,0.01,0.203136,0.0997904,0.023302,0.0063786,0,0.235996,3.8,0.00673868,0.37515,0.0888888888888889,0,0.00628146,1.382,0,0.0661112,0.477386,0.345761666483293,0,1.44,12.1,0.4995,2.19,5.0784,2.49476,0.58255,0.159465,21.0035842293907,5.8999,95,0.168467,9.37875,0.41875,2.91300251256281,0.1570365,34.55,0.154861111111111,1.65278,11.93465,0.663542620071984,1,0.267973582756084,1.01575353823747e-10,0.106675703561767,1.08322981141486,1.14934849028098,1.12395948825633,0.41732765724745,0.14687482971743,11.3894747291681,1.04379568744073,5.98824209110219,0.0277355553288218,4.41960985970513,0.112671916743538,2.07860579025522e-07,0.134012083767732,9.24267944991553,0.0262250519838029,1.5141658359006,2.09251736849333,0.369146955385249,0.816708454841973,59.7994020510261,197.649832996508,301.80722237505,0.840239999999991,1.67175778546711
122,GA,500,1,0.115435766184651,3.94418598402665,4.64235150199378,5.19760658095589,0.0674056902674009,0.00657727631074845,0.0159582170284738,0.00657727631074845,0.113343416142512,0.0685203081287785,0.0159582170284738,0.0685203081287785,0.0495362723034005,34.3432649217616,0.0042881142020821,0.0362,0,0.0692,0.01,0.203136,0.0997904,0.023302,0.0063786,0,0.235996,3.8,0.00673868,0.37515,0.0888888888888889,0,0.00628146,1.382,0,0.0661112,0.477386,0.345761666483293,0,1.44,12.1,0.4995,2.19,5.0784,2.49476,0.58255,0.159465,21.0035842293907,5.8999,95,0.168467,9.37875,0.41875,2.91300251256281,0.1570365,34.55,0.154861111111111,1.65278,11.93465,0.663542620071984,1,0.37761354590067,1.37299261608059e-14,0.106675703561767,1.08322981141486,0.346722442424389,1.12395948825633,0.437382911035942,0.0897190927538993,8.86985631481062,4.58086460011602,17.669173714241,0.0648923444862926,4.41960985970513,0.112671916743538,2.07860579025522e-08,0.0134012083767732,10.5087260359772,0.0262250519838029,0.239972538172061,2.09251736849333,0.369146955385249,0.816708454841973,33.5345038532792,82.4222522480667,134.454546690371,0.840239999999991,1.67175778546711
122,GA,500,1,0.115435766184651,3.94418598402665,4.64235150199378,5.19760658095589,0.0674056902674009,0.00657727631074845,0.0159582170284738,0.00657727631074845,0.113343416142512,0.0685203081287785,0.0159582170284738,0.0685203081287785,0.0495362723034005,34.3432649217616,0.0340103861500161,0.0362,0,0.0692,0.01,0.203136,0.0997904,0.023302,0.0063786,0,0.235996,3.8,0.00673868,0.37515,0.0888888888888889,0,0.00628146,1.382,0,0.0661112,0.477386,0.345761666483293,0,1.44,12.1,0.4995,2.19,5.0784,2.49476,0.58255,0.159465,21.0035842293907,5.8999,95,0.168467,9.37875,0.41875,2.91300251256281,0.1570365,34.55,0.154861111111111,1.65278,11.93465,0.663542620071984,1,0.287863162330782,7.2493608402609e-11,0.106675703561767,0.84745896001386,0.387630001463128,1.14085275216875,0.49197397476715,0.116941370040857,1.32601343917181,0.512485638195356,14.926305971165,0.0367623215560257,4.41960985970513,0.21957546169713,6.58246702598952e-11,0.0286726329341234,8.47494283828582,0.00262250519838029,0.0672498050960735,6.57989961638323,0.355751752726122,0.816708454841973,51.4251115445669,114.241597027429,191.305623800967,0.840239999999991,1.67175778546711
122,GA,500,1,0.115435766184651,3.94418598402665,4.64235150199378,5.19760658095589,0.0674056902674009,0.00657727631074845,0.0159582170284738,0.00657727631074845,0.113343416142512,0.0685203081287785,0.0159582170284738,0.0685203081287785,0.0495362723034005,34.3432649217616,0.131468617973125,0.0362,0,0.0692,0.01,0.203136,0.0997904,0.023302,0.0063786,0,0.235996,3.8,0.00673868,0.37515,0.0888888888888889,0,0.00628146,1.382,0,0.0661112,0.477386,0.345761666483293,0,1.44,12.1,0.4995,2.19,5.0784,2.49476,0.58255,0.159465,21.0035842293907,5.8999,95,0.168467,9.37875,0.41875,2.91300251256281,0.1570365,34.55,0.154861111111111,1.65278,11.93465,0.663542620071984,1,0.037761354590067,7.2493608402609e-11,0.379716216609904,1.08322981141486,0.387630001463128,0.877964643016063,0.49197397476715,0.116941370040857,10.8926309164505,0.71812028351347,36.7058281819495,0.0506118819857661,8.38063913935231,0.320020234711487,0.809494118959263,0.0286726329341234,8.17449715384856,0.0262250519838029,0.977773503358465,8.61789905600272,0.355751752726122,0.958933295004431,56.101246981206,113.878137797384,174.856261944847,0.840239999999991,1.67175778546711
122,GA,500,1,0.115435766184651,3.94418598402665,4.64235150199378,5.19760658095589,0.0674056902674009,0.00657727631074845,0.0159582170284738,0.00657727631074845,0.113343416142512,0.0685203081287785,0.0159582170284738,0.0685203081287785,0.0495362723034005,34.3432649217616,0.0358625081302926,0.0362,0,0.0692,0.01,0.203136,0.0997904,0.023302,0.0063786,0,0.235996,3.8,0.00673868,0.37515,0.0888888888888889,0,0.00628146,1.382,0,0.0661112,0.477386,0.345761666483293,0,1.44,12.1,0.4995,2.19,5.0784,2.49476,0.58255,0.159465,21.0035842293907,5.8999,95,0.168467,9.37875,0.41875,2.91300251256281,0.1570365,34.55,0.154861111111111,1.65278,11.93465,0.663542620071984,1,0.410149823864621,4.47351539916501e-10,0.41552131248852,0.0157587581807599,0.746696478864772,0.907940817336472,0.0827906407855193,0.0182177042265205,4.37977534906498,1.10872920168068,29.8814900960205,0.168368221923206,3.17679634748729,0.100114832399319,0.000906916338668913,0.048471069776101,7.07573438608025,5.70149887400548e-19,0.468223357555741,6.55857546741764,0.425376434642763,0.758511957981166,33.566158789879,118.349163960265,189.594238129933,0.840239999999991,1.67175778546711
122,GA,500,1,0.115435766184651,3.94418598402665,4.64235150199378,5.19760658095589,0.0674056902674009,0.00657727631074845,0.0159582170284738,0.00657727631074845,0.113343416142512,0.0685203081287785,0.0159582170284738,0.0685203081287785,0.0495362723034005,34.3432649217616,0.0261798098497494,0.0362,0,0.0692,0.01,0.203136,0.0997904,0.023302,0.0063786,0,0.235996,3.8,0.00673868,0.37515,0.0888888888888889,0,0.00628146,1.382,0,0.0661112,0.477386,0.345761666483293,0,1.44,12.1,0.4995,2.19,5.0784,2.49476,0.58255,0.159465,21.0035842293907,5.8999,95,0.168467,9.37875,0.41875,2.91300251256281,0.1570365,34.55,0.154861111111111,1.65278,11.93465,0.663542620071984,1,1.41300731303447,3.46087188220978e-07,0.319039547719435,1.08322981141486,0.812042234127727,0.877964643016063,0.41732765724745,0.0577263879409969,1.32601343917181,5.37075818796879,12.9498568945179,0.0648923444862926,4.41960985970513,0.171595256511933,8.27326806801672e-18,0.00768956438968787,15.4309180351339,0.0262250519838029,1.29606487869952,3.36791779424044,0.523739453563302,0.958933295004431,50.300329484409,156.587554270863,213.593808902223,0.840239999999991,1.67175778546711
122,GA,500,0,0.115435766184651,3.94418598402665,4.64235150199378,5.19760658095589,0.0674056902674009,0.00657727631074845,0.0159582170284738,0.00657727631074845,0.113343416142512,0.0685203081287785,0.0159582170284738,0.0685203081287785,0.0495362723034005,34.3432649217616,0.0103823997551452,0.0362,0,0.0692,0.01,0.203136,0.0997904,0.023302,0.0063786,0,0.235996,3.8,0.00673868,0.37515,0.0888888888888889,0,0.00628146,1.382,0,0.0661112,0.477386,0.345761666483293,0,1.44,12.1,0.4995,2.19,5.0784,2.49476,0.58255,0.159465,21.0035842293907,5.8999,95,0.168467,9.37875,0.41875,2.91300251256281,0.1570365,34.55,0.154861111111111,1.65278,11.93465,0.663542620071984,1,0.37761354590067,2.52766016549392e-10,0.33554204560074,1.08322981141486,2.18743286033652,1.12395948825633,0.478204827909928,0.116941370040857,1.32601343917181,0.86975064501522,5.98824209110219,0.0648923444862926,3.88552556880721,0.176318948362153,6.58246702598952e-11,0.0134012083767732,8.47494283828582,0.0262250519838029,0.608952758863048,2.09251736849333,0.369146955385249,0.816708454841973,49.2440206192763,82.3941205595679,150.129618253392,0.840239999999991,1.67175778546711
122,GA,500,0,0.115435766184651,3.94418598402665,4.64235150199378,5.19760658095589,0.0674056902674009,0.00657727631074845,0.0159582170284738,0.00657727631074845,0.113343416142512,0.0685203081287785,0.0159582170284738,0.0685203081287785,0.0495362723034005,34.3432649217616,0.00415908787139419,0.0362,0,0.0692,0.01,0.203136,0.0997904,0.023302,0.0063786,0,0.235996,3.8,0.00673868,0.37515,0.0888888888888889,0,0.00628146,1.382,0,0.0661112,0.477386,0.345761666483293,0,1.44,12.1,0.4995,2.19,5.0784,2.49476,0.58255,0.159465,21.0035842293907,5.8999,95,0.168467,9.37875,0.41875,2.91300251256281,0.1570365,34.55,0.154861111111111,1.65278,11.93465,0.663542620071984,1,0.634299065826342,6.85490059604685e-08,0.136016527735096,0.403940347586626,0.387630001463128,1.4598632802406,0.234907773609902,0.0110565542769099,0.833300095514468,5.2512445221487,14.926305971165,0.0247121315282056,4.41960985970513,0.122216326459734,3.81234982264063e-15,0.0652854697290268,15.4309180351339,0.0262250519838029,0.995151236192236,1.91812938251581,0.574096774166235,0.816708454841973,47.3563447630486,76.6823302789714,141.248271342661,0.840239999999991,1.67175778546711
122,GA,500,0,0.115435766184651,3.94418598402665,4.64235150199378,5.19760658095589,0.0674056902674009,0.00657727631074845,0.0159582170284738,0.00657727631074845,0.113343416142512,0.0685203081287785,0.0159582170284738,0.0685203081287785,0.0495362723034005,34.3432649217616,0.00375363993329299,0.0362,0,0.0692,0.01,0.203136,0.0997904,0.023302,0.0063786,0,0.235996,3.8,0.00673868,0.37515,0.0888888888888889,0,0.00628146,1.382,0,0.0661112,0.477386,0.345761666483293,0,1.44,12.1,0.4995,2.19,5.0784,2.49476,0.58255,0.159465,21.0035842293907,5.8999,95,0.168467,9.37875,0.41875,2.91300251256281,0.1570365,34.55,0.154861111111111,1.65278,11.93465,0.663542620071984,1,0.582683501613331,1.37299261608059e-14,0.106675703561767,1.08322981141486,0.387630001463128,0.558146291259839,0.49197397476715,0.14687482971743,1.32601343917181,1.04379568744073,6.85502581168269,0.0648923444862926,4.41960985970513,0.21957546169713,2.07860579025522e-07,0.0549257323456414,10.5087260359772,1.38695515175163e-19,0.189665733937792,1.96910767623804,0.42448203057904,0.816708454841973,51.8954354883536,133.06249809985,214.820769872943,0.840239999999991,1.67175778546711
122,GA,500,0,0.115435766184651,3.94418598402665,4.64235150199378,5.19760658095589,0.0674056902674009,0.00657727631074845,0.0159582170284738,0.00657727631074845,0.113343416142512,0.0685203081287785,0.0159582170284738,0.0685203081287785,0.0495362723034005,34.3432649217616,0.0197314520216971,0.0362,0,0.0692,0.01,0.203136,0.0997904,0.023302,0.0063786,0,0.235996,3.8,0.00673868,0.37515,0.0888888888888889,0,0.00628146,1.382,0,0.0661112,0.477386,0.345761666483293,0,1.44,12.1,0.4995,2.19,5.0784,2.49476,0.58255,0.159465,21.0035842293907,5.8999,95,0.168467,9.37875,0.41875,2.91300251256281,0.1570365,34.55,0.154861111111111,1.65278,11.93465,0.663542620071984,1,0.358343568242926,1.37299261608059e-15,0.245324604784576,0.021761556945637,0.387630001463128,0.408941158666186,0.206610743288249,0.14687482971743,1.29200242823559,1.04379568744073,5.98824209110219,0.020102358121343,4.41960985970513,0.126858925093822,7.10870042973419e-11,0.0140808520124243,6.97304780582954,0.0262250519838029,0.189665733937792,7.10972373438017,0.369146955385249,0.816708454841973,32.9817260574888,112.880834740374,171.196084034493,0.840239999999991,1.67175778546711
122,GA,500,0,0.115435766184651,3.94418598402665,4.64235150199378,5.19760658095589,0.0674056902674009,0.00657727631074845,0.0159582170284738,0.00657727631074845,0.113343416142512,0.0685203081287785,0.0159582170284738,0.0685203081287785,0.0495362723034005,34.3432649217616,0.0224560655844414,0.0362,0,0.0692,0.01,0.203136,0.0997904,0.023302,0.0063786,0,0.235996,3.8,0.00673868,0.37515,0.0888888888888889,0,0.00628146,1.382,0,0.0661112,0.477386,0.345761666483293,0,1.44,12.1,0.4995,2.19,5.0784,2.49476,0.58255,0.159465,21.0035842293907,5.8999,95,0.168467,9.37875,0.41875,2.91300251256281,0.1570365,34.55,0.154861111111111,1.65278,11.93465,0.663542620071984,1,0.37761354590067,1.37299261608059e-14,0.175717709504567,0.267935315101308,0.523260486075412,1.12395948825633,0.443030780874046,0.14687482971743,3.62579098396964,1.04379568744073,5.98824209110219,0.0256621522506735,4.41960985970513,0.112671916743538,2.07860579025522e-07,0.134012083767732,10.5087260359772,0.0262250519838029,0.189665733937792,2.09251736849333,0.650519519118265,0.816708454841973,52.7686948274962,90.0548871506815,163.034343011714,0.840239999999991,1.67175778546711
122,GA,500,0,0.115435766184651,3.94418598402665,4.64235150199378,5.19760658095589,0.0674056902674009,0.00657727631074845,0.0159582170284738,0.00657727631074845,0.113343416142512,0.0685203081287785,0.0159582170284738,0.0685203081287785,0.0495362723034005,34.3432649217616,0.0216282769857836,0.0362,0,0.0692,0.01,0.203136,0.0997904,0.023302,0.0063786,0,0.235996,3.8,0.00673868,0.37515,0.0888888888888889,0,0.00628146,1.382,0,0.0661112,0.477386,0.345761666483293,0,1.44,12.1,0.4995,2.19,5.0784,2.49476,0.58255,0.159465,21.0035842293907,5.8999,95,0.168467,9.37875,0.41875,2.91300251256281,0.1570365,34.55,0.154861111111111,1.65278,11.93465,0.663542620071984,1,0.325032270570951,6.85490059604685e-08,0.319039547719435,0.0579019513167334,0.374289070832957,0.254981600278724,0.437382911035942,0.0811289049218722,10.8926309164505,5.72752345947607,36.7058281819495,0.03980139721935,1.84974606996705,0.112645176114433,6.58246702598952e-11,0.0640855132126961,15.4309180351339,0.000435235678535388,0.0672498050960735,4.09456305560179,0.369146955385249,0.958933295004431,49.7476653341242,64.3199991727005,116.822194404891,0.840239999999991,1.67175778546711
122,GA,500,1,0.115435766184651,3.94418598402665,4.64235150199378,5.19760658095589,0.0674056902674009,0.00657727631074845,0.0159582170284738,0.00657727631074845,0.113343416142512,0.0685203081287785,0.0159582170284738,0.0685203081287785,0.0495362723034005,34.3432649217616,0.0591872660219214,0.0362,0,0.0692,0.01,0.203136,0.0997904,0.023302,0.0063786,0,0.235996,3.8,0.00673868,0.37515,0.0888888888888889,0,0.00628146,1.382,0,0.0661112,0.477386,0.345761666483293,0,1.44,12.1,0.4995,2.19,5.0784,2.49476,0.58255,0.159465,21.0035842293907,5.8999,95,0.168467,9.37875,0.41875,2.91300251256281,0.1570365,34.55,0.154861111111111,1.65278,11.93465,0.663542620071984,1,0.797673294079763,7.2493608402609e-11,0.33554204560074,0.124978221215928,0.37082571762353,1.12395948825633,0.49197397476715,0.116941370040857,2.39847358175206,0.86975064501522,14.926305971165,0.0606199652804679,3.88552556880721,0.21957546169713,0.00138917683677781,0.0248514134408889,8.47494283828582,0.00262250519838029,0.0758580758946017,8.61789905600272,0.363836830394639,0.816708454841973,55.4254462538441,82.5387953077693,156.48818757656,0.840239999999991,1.67175778546711
122,GA,500,0,0.115435766184651,3.94418598402665,4.64235150199378,5.19760658095589,0.0674056902674009,0.00657727631074845,0.0159582170284738,0.00657727631074845,0.113343416142512,0.0685203081287785,0.0159582170284738,0.0685203081287785,0.0495362723034005,34.3432649217616,0.00563419596266245,0.0362,0,0.0692,0.01,0.203136,0.0997904,0.023302,0.0063786,0,0.235996,3.8,0.00673868,0.37515,0.0888888888888889,0,0.00628146,1.382,0,0.0661112,0.477386,0.345761666483293,0,1.44,12.1,0.4995,2.19,5.0784,2.49476,0.58255,0.159465,21.0035842293907,5.8999,95,0.168467,9.37875,0.41875,2.91300251256281,0.1570365,34.55,0.154861111111111,1.65278,11.93465,0.663542620071984,1,0.037761354590067,1.37299261608059e-14,0.106675703561767,1.08322981141486,0.346722442424389,0.877964643016063,0.41732765724745,0.0582552351938185,1.32601343917181,4.58086460011602,5.98824209110219,0.0176944881754276,4.41960985970513,0.112671916743538,2.07860579025522e-07,0.0134012083767732,10.5087260359772,0.0262250519838029,0.189665733937792,2.09251736849333,0.369146955385249,0.816708454841973,39.3354827544667,95.6010051712109,156.391948381125,0.840239999999991,1.67175778546711
122,GA,500,1,0.115435766184651,3.94418598402665,4.64235150199378,5.19760658095589,0.0674056902674009,0.00657727631074845,0.0159582170284738,0.00657727631074845,0.113343416142512,0.0685203081287785,0.0159582170284738,0.0685203081287785,0.0495362723034005,34.3432649217616,0.0218170188840782,0.0362,0,0.0692,0.01,0.203136,0.0997904,0.023302,0.0063786,0,0.235996,3.8,0.00673868,0.37515,0.0888888888888889,0,0.00628146,1.382,0,0.0661112,0.477386,0.345761666483293,0,1.44,12.1,0.4995,2.19,5.0784,2.49476,0.58255,0.159465,21.0035842293907,5.8999,95,0.168467,9.37875,0.41875,2.91300251256281,0.1570365,34.55,0.154861111111111,1.65278,11.93465,0.663542620071984,1,0.594490882468502,6.85490059604685e-08,0.379716216609904,0.187025776109526,1.65259867218287,2.43768352618124,0.509507990776523,0.0390413280861195,13.948567448335,4.58086460011602,88.611324040503,0.0272240735374226,1.91973779390975,0.36750101244143,4.96096359020202e-06,0.0495346980801409,14.5312405095403,3.97448770837526e-17,0.122493270822503,8.48455462585815,0.436565900989688,0.958933295004431,50.4829163088469,73.7134070541324,127.353129740942,0.840239999999991,1.67175778546711
122,GA,500,1,0.115435766184651,3.94418598402665,4.64235150199378,5.19760658095589,0.0674056902674009,0.00657727631074845,0.0159582170284738,0.00657727631074845,0.113343416142512,0.0685203081287785,0.0159582170284738,0.0685203081287785,0.0495362723034005,34.3432649217616,0.032179136838669,0.0362,0,0.0692,0.01,0.203136,0.0997904,0.023302,0.0063786,0,0.235996,3.8,0.00673868,0.37515,0.0888888888888889,0,0.00628146,1.382,0,0.0661112,0.477386,0.345761666483293,0,1.44,12.1,0.4995,2.19,5.0784,2.49476,0.58255,0.159465,21.0035842293907,5.8999,95,0.168467,9.37875,0.41875,2.91300251256281,0.1570365,34.55,0.154861111111111,1.65278,11.93465,0.663542620071984,1,0.0511071195324601,5.87027748221872e-12,0.292157632485847,0.630541924613238,0.387630001463128,0.348298741174201,0.206610743288249,0.0576827980048167,3.55071301816798,0.949739540455731,14.926305971165,0.0192763124463403,4.41960985970513,0.21957546169713,0.109181512313709,0.0166409492604563,10.5087260359772,0.00132390400816407,0.263055755176134,3.36791779424044,0.47465364075444,0.816708454841973,44.1357589530388,189.071505813464,275.640042632884,0.840239999999991,1.67175778546711
122,GA,500,0,0.115435766184651,3.94418598402665,4.64235150199378,5.19760658095589,0.0674056902674009,0.00657727631074845,0.0159582170284738,0.00657727631074845,0.113343416142512,0.0685203081287785,0.0159582170284738,0.0685203081287785,0.0495362723034005,34.3432649217616,0.00705706041845174,0.0362,0,0.0692,0.01,0.203136,0.0997904,0.023302,0.0063786,0,0.235996,3.8,0.00673868,0.37515,0.0888888888888889,0,0.00628146,1.382,0,0.0661112,0.477386,0.345761666483293,0,1.44,12.1,0.4995,2.19,5.0784,2.49476,0.58255,0.159465,21.0035842293907,5.8999,95,0.168467,9.37875,0.41875,2.91300251256281,0.1570365,34.55,0.154861111111111,1.65278,11.93465,0.663542620071984,1,0.037761354590067,7.2493608402609e-11,0.33554204560074,1.08322981141486,0.387630001463128,1.12395948825633,0.49197397476715,0.116941370040857,1.32601343917181,0.86975064501522,14.926305971165,0.0506118819857661,3.88552556880721,0.21957546169713,6.58246702598952e-11,0.0286726329341234,8.47494283828582,0.00262250519838029,0.995151236192236,8.61789905600272,0.355751752726122,0.816708454841973,51.1923636767653,110.034779877953,185.921934829844,0.840239999999991,1.67175778546711
122,GA,500,1,0.115435766184651,3.94418598402665,4.64235150199378,5.19760658095589,0.0674056902674009,0.00657727631074845,0.0159582170284738,0.00657727631074845,0.113343416142512,0.0685203081287785,0.0159582170284738,0.0685203081287785,0.0495362723034005,34.3432649217616,0.0235197860871163,0.0362,0,0.0692,0.01,0.203136,0.0997904,0.023302,0.0063786,0,0.235996,3.8,0.00673868,0.37515,0.0888888888888889,0,0.00628146,1.382,0,0.0661112,0.477386,0.345761666483293,0,1.44,12.1,0.4995,2.19,5.0784,2.49476,0.58255,0.159465,21.0035842293907,5.8999,95,0.168467,9.37875,0.41875,2.91300251256281,0.1570365,34.55,0.154861111111111,1.65278,11.93465,0.663542620071984,1,0.037761354590067,1.37299261608059e-14,0.355021858924853,1.08322981141486,1.63571508964065,1.12395948825633,0.49197397476715,0.116941370040857,1.32601343917181,5.72752345947607,14.926305971165,0.0648923444862926,4.41960985970513,0.228676870068848,6.58246702598952e-11,0.0277052481019317,22.213497885223,9.35531073493517e-19,0.995151236192236,8.61789905600272,0.355751752726122,0.816708454841973,71.725371166381,95.1379313806873,188.214836674725,0.840239999999991,1.67175778546711
122,GA,500,1,0.115435766184651,3.94418598402665,4.64235150199378,5.19760658095589,0.0674056902674009,0.00657727631074845,0.0159582170284738,0.00657727631074845,0.113343416142512,0.0685203081287785,0.0159582170284738,0.0685203081287785,0.0495362723034005,34.3432649217616,0.0444912982731312,0.0362,0,0.0692,0.01,0.203136,0.0997904,0.023302,0.0063786,0,0.235996,3.8,0.00673868,0.37515,0.0888888888888889,0,0.00628146,1.382,0,0.0661112,0.477386,0.345761666483293,0,1.44,12.1,0.4995,2.19,5.0784,2.49476,0.58255,0.159465,21.0035842293907,5.8999,95,0.168467,9.37875,0.41875,2.91300251256281,0.1570365,34.55,0.154861111111111,1.65278,11.93465,0.663542620071984,1,0.267973582756084,6.85490059604685e-08,0.236230025395625,1.08322981141486,0.546210626633476,0.882600469421692,0.49197397476715,0.0218227465548133,3.27346768517959,0.512485638195356,9.0217710656613,0.0128279472159242,4.41960985970513,0.112645176114433,1.39560378148321e-15,0.0134012083767732,10.5087260359772,3.97448770837526e-17,0.189438796146866,1.3464119620812,0.425376434642763,0.816708454841973,66.2222024348945,98.6354135303615,186.994080019346,0.840239999999991,1.67175778546711
122,GA,500,1,0.115435766184651,3.94418598402665,4.64235150199378,5.19760658095589,0.0674056902674009,0.00657727631074845,0.0159582170284738,0.00657727631074845,0.113343416142512,0.0685203081287785,0.0159582170284738,0.0685203081287785,0.0495362723034005,34.3432649217616,0.0235136132620319,0.0362,0,0.0692,0.01,0.203136,0.0997904,0.023302,0.0063786,0,0.235996,3.8,0.00673868,0.37515,0.0888888888888889,0,0.00628146,1.382,0,0.0661112,0.477386,0.345761666483293,0,1.44,12.1,0.4995,2.19,5.0784,2.49476,0.58255,0.159465,21.0035842293907,5.8999,95,0.168467,9.37875,0.41875,2.91300251256281,0.1570365,34.55,0.154861111111111,1.65278,11.93465,0.663542620071984,1,0.037761354590067,1.95380467246724e-06,0.0746885624160402,1.08322981141486,3.17299864482778,1.12395948825633,0.49197397476715,0.107282504021064,1.32601343917181,0.86975064501522,14.926305971165,0.077528312176858,0.847574365141974,0.21957546169713,6.58246702598952e-11,0.0286726329341234,4.6512424457724,3.91015235687572e-10,0.995151236192236,8.61789905600272,0.355751752726122,0.816708454841973,73.5136780076378,65.5639204638726,153.791921823001,0.840239999999991,1.67175778546711
122,GA,500,0,0.115435766184651,3.94418598402665,4.64235150199378,5.19760658095589,0.0674056902674009,0.00657727631074845,0.0159582170284738,0.00657727631074845,0.113343416142512,0.0685203081287785,0.0159582170284738,0.0685203081287785,0.0495362723034005,34.3432649217616,0.00889227583041497,0.0362,0,0.0692,0.01,0.203136,0.0997904,0.023302,0.0063786,0,0.235996,3.8,0.00673868,0.37515,0.0888888888888889,0,0.00628146,1.382,0,0.0661112,0.477386,0.345761666483293,0,1.44,12.1,0.4995,2.19,5.0784,2.49476,0.58255,0.159465,21.0035842293907,5.8999,95,0.168467,9.37875,0.41875,2.91300251256281,0.1570365,34.55,0.154861111111111,1.65278,11.93465,0.663542620071984,1,0.508871063422381,1.95380467246724e-06,0.106675703561767,1.08322981141486,0.537354415707005,1.12395948825633,0.453194669911342,0.14687482971743,1.32601343917181,1.04379568744073,25.4442697678591,0.0648923444862926,4.41960985970513,0.112671916743538,2.37084801154014e-12,0.121417845926654,8.33768186817541,3.91015235687572e-10,0.417112344629449,2.09251736849333,0.369146955385249,0.816708454841973,44.644867921661,138.43365652439,214.146794470439,0.840239999999991,1.67175778546711
122,GA,500,1,0.115435766184651,3.94418598402665,4.64235150199378,5.19760658095589,0.0674056902674009,0.00657727631074845,0.0159582170284738,0.00657727631074845,0.113343416142512,0.0685203081287785,0.0159582170284738,0.0685203081287785,0.0495362723034005,34.3432649217616,0.0185014458492315,0.0362,0,0.0692,0.01,0.203136,0.0997904,0.023302,0.0063786,0,0.235996,3.8,0.00673868,0.37515,0.0888888888888889,0,0.00628146,1.382,0,0.0661112,0.477386,0.345761666483293,0,1.44,12.1,0.4995,2.19,5.0784,2.49476,0.58255,0.159465,21.0035842293907,5.8999,95,0.168467,9.37875,0.41875,2.91300251256281,0.1570365,34.55,0.154861111111111,1.65278,11.93465,0.663542620071984,1,0.037761354590067,2.52234108540636e-14,0.33554204560074,0.0609745955147051,1.60134840433183,1.12395948825633,0.49197397476715,0.116941370040857,1.32601343917181,0.7507767050592,14.926305971165,0.0123489183198461,3.88552556880721,0.21957546169713,6.86365832569864e-10,0.03146311471895,5.06121960051148,7.94580793381041e-06,0.995151236192236,8.61789905600272,0.348163784310639,0.816708454841973,41.4342000360809,104.561694328579,169.46237668672,0.840239999999991,1.67175778546711
122,GA,500,1,0.115435766184651,3.94418598402665,4.64235150199378,5.19760658095589,0.0674056902674009,0.00657727631074845,0.0159582170284738,0.00657727631074845,0.113343416142512,0.0685203081287785,0.0159582170284738,0.0685203081287785,0.0495362723034005,34.3432649217616,0.0161888212404537,0.0362,0,0.0692,0.01,0.203136,0.0997904,0.023302,0.0063786,0,0.235996,3.8,0.00673868,0.37515,0.0888888888888889,0,0.00628146,1.382,0,0.0661112,0.477386,0.345761666483293,0,1.44,12.1,0.4995,2.19,5.0784,2.49476,0.58255,0.159465,21.0035842293907,5.8999,95,0.168467,9.37875,0.41875,2.91300251256281,0.1570365,34.55,0.154861111111111,1.65278,11.93465,0.663542620071984,1,0.695169611487954,2.11015958122419e-18,0.075853644124211,1.08322981141486,1.75124873992537,0.100261536326899,0.49197397476715,0.0582962586775933,5.90790648835231,0.394615635293306,14.926305971165,0.0692629681538247,1.15570663578898,0.368925799606527,8.5651426907191e-06,0.0640855132126961,6.13049498337991,0.000709651237225947,0.0758580758946017,4.23373305866733,0.542504689826477,0.816708454841973,67.555385418419,77.918638663103,162.961081540641,0.840239999999991,1.67175778546711
122,GA,500,1,0.115435766184651,3.94418598402665,4.64235150199378,5.19760658095589,0.0674056902674009,0.00657727631074845,0.0159582170284738,0.00657727631074845,0.113343416142512,0.0685203081287785,0.0159582170284738,0.0685203081287785,0.0495362723034005,34.3432649217616,0.032787082805995,0.0362,0,0.0692,0.01,0.203136,0.0997904,0.023302,0.0063786,0,0.235996,3.8,0.00673868,0.37515,0.0888888888888889,0,0.00628146,1.382,0,0.0661112,0.477386,0.345761666483293,0,1.44,12.1,0.4995,2.19,5.0784,2.49476,0.58255,0.159465,21.0035842293907,5.8999,95,0.168467,9.37875,0.41875,2.91300251256281,0.1570365,34.55,0.154861111111111,1.65278,11.93465,0.663542620071984,1,1.05359284272654,6.85490059604685e-08,0.390952463826241,1.37729502438673,1.03107658133983,1.80056677002425,0.437382911035942,0.0897190927538993,6.31551340487285,4.58086460011602,15.8254897119093,0.0271607513906326,1.91973779390975,0.181086691318901,0.809494118959263,0.00768956438968787,5.06121960051148,3.97448770837526e-17,0.886649381973208,0.923961129042611,0.378537585475765,0.958933295004431,29.0309347693582,128.65020063255,163.190632115101,0.840239999999991,1.67175778546711
122,GA,500,0,0.115435766184651,3.94418598402665,4.64235150199378,5.19760658095589,0.0674056902674009,0.00657727631074845,0.0159582170284738,0.00657727631074845,0.113343416142512,0.0685203081287785,0.0159582170284738,0.0685203081287785,0.0495362723034005,34.3432649217616,0.0131416215026376,0.0362,0,0.0692,0.01,0.203136,0.0997904,0.023302,0.0063786,0,0.235996,3.8,0.00673868,0.37515,0.0888888888888889,0,0.00628146,1.382,0,0.0661112,0.477386,0.345761666483293,0,1.44,12.1,0.4995,2.19,5.0784,2.49476,0.58255,0.159465,21.0035842293907,5.8999,95,0.168467,9.37875,0.41875,2.91300251256281,0.1570365,34.55,0.154861111111111,1.65278,11.93465,0.663542620071984,1,0.433194100463836,0.000181454098040417,0.102171066598616,1.08322981141486,0.523260486075412,1.12395948825633,0.555404410358929,0.14687482971743,7.56898553524094,0.86975064501522,29.8814900960205,0.0648923444862926,4.41960985970513,0.181086691318901,6.58246702598952e-11,0.0140808520124243,10.5087260359772,2.28734501194676e-21,0.189665733937792,1.3464119620812,0.369146955385249,0.816708454841973,74.8069691944011,107.634749758722,206.597878325554,0.840239999999991,1.67175778546711
122,GA,500,0,0.115435766184651,3.94418598402665,4.64235150199378,5.19760658095589,0.0674056902674009,0.00657727631074845,0.0159582170284738,0.00657727631074845,0.113343416142512,0.0685203081287785,0.0159582170284738,0.0685203081287785,0.0495362723034005,34.3432649217616,0.00353977581380186,0.0362,0,0.0692,0.01,0.203136,0.0997904,0.023302,0.0063786,0,0.235996,3.8,0.00673868,0.37515,0.0888888888888889,0,0.00628146,1.382,0,0.0661112,0.477386,0.345761666483293,0,1.44,12.1,0.4995,2.19,5.0784,2.49476,0.58255,0.159465,21.0035842293907,5.8999,95,0.168467,9.37875,0.41875,2.91300251256281,0.1570365,34.55,0.154861111111111,1.65278,11.93465,0.663542620071984,1,0.287863162330782,1.37299261608059e-14,0.239919977357982,0.84745896001386,0.387630001463128,1.59285190205175,0.41732765724745,0.0576827980048167,1.32601343917181,1.04379568744073,14.926305971165,0.0648923444862926,4.41960985970513,0.21957546169713,2.07860579025522e-07,0.0175322492207075,10.5087260359772,2.56679370224842e-21,0.0844298921068291,6.57989961638323,0.369146955385249,0.816708454841973,48.4153019175891,70.4426359318084,134.667177374711,0.840239999999991,1.67175778546711
122,GA,500,1,0.115435766184651,3.94418598402665,4.64235150199378,5.19760658095589,0.0674056902674009,0.00657727631074845,0.0159582170284738,0.00657727631074845,0.113343416142512,0.0685203081287785,0.0159582170284738,0.0685203081287785,0.0495362723034005,34.3432649217616,0.0165748685520852,0.0362,0,0.0692,0.01,0.203136,0.0997904,0.023302,0.0063786,0,0.235996,3.8,0.00673868,0.37515,0.0888888888888889,0,0.00628146,1.382,0,0.0661112,0.477386,0.345761666483293,0,1.44,12.1,0.4995,2.19,5.0784,2.49476,0.58255,0.159465,21.0035842293907,5.8999,95,0.168467,9.37875,0.41875,2.91300251256281,0.1570365,34.55,0.154861111111111,1.65278,11.93465,0.663542620071984,1,0.0511071195324601,1.37299261608059e-15,0.0719554922018008,0.84745896001386,0.387630001463128,0.348298741174201,0.41732765724745,0.14687482971743,1.32601343917181,1.04379568744073,5.98824209110219,0.0192763124463403,4.41960985970513,0.112671916743538,0.109181512313709,0.0134012083767732,10.5087260359772,0.00132390400816407,0.189665733937792,2.09251736849333,0.574096774166235,0.816708454841973,51.216042640125,170.284917979725,259.717518252587,0.840239999999991,1.67175778546711
122,GA,500,1,0.115435766184651,3.94418598402665,4.64235150199378,5.19760658095589,0.0674056902674009,0.00657727631074845,0.0159582170284738,0.00657727631074845,0.113343416142512,0.0685203081287785,0.0159582170284738,0.0685203081287785,0.0495362723034005,34.3432649217616,0.0285226086917067,0.0362,0,0.0692,0.01,0.203136,0.0997904,0.023302,0.0063786,0,0.235996,3.8,0.00673868,0.37515,0.0888888888888889,0,0.00628146,1.382,0,0.0661112,0.477386,0.345761666483293,0,1.44,12.1,0.4995,2.19,5.0784,2.49476,0.58255,0.159465,21.0035842293907,5.8999,95,0.168467,9.37875,0.41875,2.91300251256281,0.1570365,34.55,0.154861111111111,1.65278,11.93465,0.663542620071984,1,0.37761354590067,1.37299261608059e-14,0.079785374335295,1.08322981141486,1.16153915771795,1.12395948825633,0.41732765724745,0.14687482971743,1.32601343917181,2.25046984002955,4.41365852608572,0.0648923444862926,4.41960985970513,0.147650325492897,2.07860579025522e-07,0.0134012083767732,10.5087260359772,0.0262250519838029,0.879136203035052,2.09251736849333,0.449301418302545,0.816708454841973,43.2627292454811,107.751938088805,175.197126948826,0.840239999999991,1.67175778546711
122,GA,500,0,0.115435766184651,3.94418598402665,4.64235150199378,5.19760658095589,0.0674056902674009,0.00657727631074845,0.0159582170284738,0.00657727631074845,0.113343416142512,0.0685203081287785,0.0159582170284738,0.0685203081287785,0.0495362723034005,34.3432649217616,0.00690148185262883,0.0362,0,0.0692,0.01,0.203136,0.0997904,0.023302,0.0063786,0,0.235996,3.8,0.00673868,0.37515,0.0888888888888889,0,0.00628146,1.382,0,0.0661112,0.477386,0.345761666483293,0,1.44,12.1,0.4995,2.19,5.0784,2.49476,0.58255,0.159465,21.0035842293907,5.8999,95,0.168467,9.37875,0.41875,2.91300251256281,0.1570365,34.55,0.154861111111111,1.65278,11.93465,0.663542620071984,1,0.325032270570951,6.85490059604685e-08,0.33554204560074,0.403940347586626,0.346722442424389,0.112395948825633,0.49197397476715,0.0897190927538993,1.32601343917181,0.86975064501522,12.9498568945179,0.0506118819857661,3.88552556880721,0.21957546169713,0.809494118959263,0.00768956438968787,8.47494283828582,0.00262250519838029,0.0995151236192236,8.61789905600272,0.459244421647998,0.816708454841973,47.775047732667,54.1333086547597,114.057340188221,0.840239999999991,1.67175778546711
122,GA,500,1,0.115435766184651,3.94418598402665,4.64235150199378,5.19760658095589,0.0674056902674009,0.00657727631074845,0.0159582170284738,0.00657727631074845,0.113343416142512,0.0685203081287785,0.0159582170284738,0.0685203081287785,0.0495362723034005,34.3432649217616,0.0707349156700982,0.0362,0,0.0692,0.01,0.203136,0.0997904,0.023302,0.0063786,0,0.235996,3.8,0.00673868,0.37515,0.0888888888888889,0,0.00628146,1.382,0,0.0661112,0.477386,0.345761666483293,0,1.44,12.1,0.4995,2.19,5.0784,2.49476,0.58255,0.159465,21.0035842293907,5.8999,95,0.168467,9.37875,0.41875,2.91300251256281,0.1570365,34.55,0.154861111111111,1.65278,11.93465,0.663542620071984,1,0.0744467503747806,1.08612927413472e-12,0.175226840532377,0.84745896001386,0.387630001463128,1.02099603855866,0.369990044881856,0.0897190927538993,1.86412874473012,1.75522021244989,14.926305971165,0.03980139721935,2.39523929359689,0.142241787673626,5.72942819060655e-17,0.079657409189384,6.01660845173245,0.00132390400816407,0.131666285412128,8.01624434987282,0.561859264886907,0.958933295004431,41.606502971042,125.818310585379,172.813033436539,0.840239999999991,1.67175778546711
122,GA,500,0,0.115435766184651,3.94418598402665,4.64235150199378,5.19760658095589,0.0674056902674009,0.00657727631074845,0.0159582170284738,0.00657727631074845,0.113343416142512,0.0685203081287785,0.0159582170284738,0.0685203081287785,0.0495362723034005,34.3432649217616,0.00529744147518937,0.0362,0,0.0692,0.01,0.203136,0.0997904,0.023302,0.0063786,0,0.235996,3.8,0.00673868,0.37515,0.0888888888888889,0,0.00628146,1.382,0,0.0661112,0.477386,0.345761666483293,0,1.44,12.1,0.4995,2.19,5.0784,2.49476,0.58255,0.159465,21.0035842293907,5.8999,95,0.168467,9.37875,0.41875,2.91300251256281,0.1570365,34.55,0.154861111111111,1.65278,11.93465,0.663542620071984,1,0.037761354590067,3.42015543519506e-05,0.33554204560074,1.08322981141486,0.387630001463128,0.290031900150121,0.41732765724745,0.14687482971743,5.90790648835231,0.86975064501522,14.926305971165,0.0526620969576673,3.88552556880721,0.112671916743538,6.21582112776045e-05,0.0134012083767732,6.13049498337991,0.0262250519838029,0.189665733937792,2.09251736849333,0.545466238572419,0.816708454841973,39.9712939923019,121.172616259233,188.338334324557,0.840239999999991,1.67175778546711
122,GA,500,1,0.115435766184651,3.94418598402665,4.64235150199378,5.19760658095589,0.0674056902674009,0.00657727631074845,0.0159582170284738,0.00657727631074845,0.113343416142512,0.0685203081287785,0.0159582170284738,0.0685203081287785,0.0495362723034005,34.3432649217616,0.0278653699067948,0.0362,0,0.0692,0.01,0.203136,0.0997904,0.023302,0.0063786,0,0.235996,3.8,0.00673868,0.37515,0.0888888888888889,0,0.00628146,1.382,0,0.0661112,0.477386,0.345761666483293,0,1.44,12.1,0.4995,2.19,5.0784,2.49476,0.58255,0.159465,21.0035842293907,5.8999,95,0.168467,9.37875,0.41875,2.91300251256281,0.1570365,34.55,0.154861111111111,1.65278,11.93465,0.663542620071984,1,0.287863162330782,4.24768382833096e-15,0.239919977357982,0.0186167452989518,0.387630001463128,1.59285190205175,0.154553117020012,0.0525879442876969,0.833300095514468,1.44873097982681,23.2647145781845,0.0192763124463403,4.41960985970513,0.21957546169713,2.92649477970949e-10,0.0628901869511094,11.7048172577826,2.28734501194676e-21,0.0844298921068291,6.57989961638323,0.484755499573509,0.816708454841973,42.6987307311623,149.157986241426,225.331817675617,0.840239999999991,1.67175778546711
122,GA,500,0,0.115435766184651,3.94418598402665,4.64235150199378,5.19760658095589,0.0674056902674009,0.00657727631074845,0.0159582170284738,0.00657727631074845,0.113343416142512,0.0685203081287785,0.0159582170284738,0.0685203081287785,0.0495362723034005,34.3432649217616,0.000910553546248862,0.0362,0,0.0692,0.01,0.203136,0.0997904,0.023302,0.0063786,0,0.235996,3.8,0.00673868,0.37515,0.0888888888888889,0,0.00628146,1.382,0,0.0661112,0.477386,0.345761666483293,0,1.44,12.1,0.4995,2.19,5.0784,2.49476,0.58255,0.159465,21.0035842293907,5.8999,95,0.168467,9.37875,0.41875,2.91300251256281,0.1570365,34.55,0.154861111111111,1.65278,11.93465,0.663542620071984,1,0.0428420564571999,0.00228689608931788,0.106675703561767,0.696317275598085,0.917906308547546,1.6987294987839,0.160546509878145,0.0498617830554837,3.27346768517959,4.69323623617571,25.4442697678591,0.0168368221923206,1.80456813489388,0.190720078174251,0.0125440359807552,0.0134012083767732,7.81229965863015,0.00276935130824303,1.06782632382994,7.88235131500522,0.393028203779135,0.668745151801258,39.9935204172177,183.397706036631,314.235068999142,0.840239999999991,1.67175778546711
122,GA,500,1,0.115435766184651,3.94418598402665,4.64235150199378,5.19760658095589,0.0674056902674009,0.00657727631074845,0.0159582170284738,0.00657727631074845,0.113343416142512,0.0685203081287785,0.0159582170284738,0.0685203081287785,0.0495362723034005,34.3432649217616,0.0403884067277349,0.0362,0,0.0692,0.01,0.203136,0.0997904,0.023302,0.0063786,0,0.235996,3.8,0.00673868,0.37515,0.0888888888888889,0,0.00628146,1.382,0,0.0661112,0.477386,0.345761666483293,0,1.44,12.1,0.4995,2.19,5.0784,2.49476,0.58255,0.159465,21.0035842293907,5.8999,95,0.168467,9.37875,0.41875,2.91300251256281,0.1570365,34.55,0.154861111111111,1.65278,11.93465,0.663542620071984,1,0.0511071195324601,7.2493608402609e-11,0.239919977357982,0.84745896001386,0.387630001463128,1.12395948825633,0.49197397476715,0.116941370040857,2.0585663091377,0.873954777827892,14.926305971165,0.0192763124463403,3.88552556880721,0.21957546169713,6.58246702598952e-11,0.102839773823839,7.42091587290149,0.00262250519838029,0.995151236192236,8.01624434987282,0.468707891180272,0.816708454841973,52.3504311298413,181.780757826596,274.927725082026,0.840239999999991,1.67175778546711
122,GA,500,1,0.115435766184651,3.94418598402665,4.64235150199378,5.19760658095589,0.0674056902674009,0.00657727631074845,0.0159582170284738,0.00657727631074845,0.113343416142512,0.0685203081287785,0.0159582170284738,0.0685203081287785,0.0495362723034005,34.3432649217616,0.0410036074379367,0.0362,0,0.0692,0.01,0.203136,0.0997904,0.023302,0.0063786,0,0.235996,3.8,0.00673868,0.37515,0.0888888888888889,0,0.00628146,1.382,0,0.0661112,0.477386,0.345761666483293,0,1.44,12.1,0.4995,2.19,5.0784,2.49476,0.58255,0.159465,21.0035842293907,5.8999,95,0.168467,9.37875,0.41875,2.91300251256281,0.1570365,34.55,0.154861111111111,1.65278,11.93465,0.663542620071984,1,0.037761354590067,7.2493608402609e-10,0.33554204560074,1.08322981141486,0.387630001463128,0.339505969129023,0.49197397476715,0.116941370040857,1.84434378133633,2.68692612655652,14.926305971165,0.0506118819857661,1.08884573295898,0.21957546169713,3.90892344875103e-12,0.0751728655784002,1.6254186896745,0.0262250519838029,0.133284803964768,1.45111688861576,0.619536322616613,0.816708454841973,29.8205597810377,86.039023211653,135.169075155843,0.840239999999991,1.67175778546711
122,GA,500,1,0.115435766184651,3.94418598402665,4.64235150199378,5.19760658095589,0.0674056902674009,0.00657727631074845,0.0159582170284738,0.00657727631074845,0.113343416142512,0.0685203081287785,0.0159582170284738,0.0685203081287785,0.0495362723034005,34.3432649217616,0.00561388679166306,0.0362,0,0.0692,0.01,0.203136,0.0997904,0.023302,0.0063786,0,0.235996,3.8,0.00673868,0.37515,0.0888888888888889,0,0.00628146,1.382,0,0.0661112,0.477386,0.345761666483293,0,1.44,12.1,0.4995,2.19,5.0784,2.49476,0.58255,0.159465,21.0035842293907,5.8999,95,0.168467,9.37875,0.41875,2.91300251256281,0.1570365,34.55,0.154861111111111,1.65278,11.93465,0.663542620071984,1,0.325032270570951,6.85490059604685e-09,0.106675703561767,1.08322981141486,0.387630001463128,0.877964643016063,0.41732765724745,0.14687482971743,1.32601343917181,0.458086460011602,5.98824209110219,0.0648923444862926,4.41960985970513,0.112671916743538,2.07860579025522e-07,0.0134012083767732,10.5087260359772,0.0262250519838029,0.189665733937792,3.36791779424044,0.369146955385249,0.816708454841973,56.9930069231991,103.516756248058,183.741733025328,0.840239999999991,1.67175778546711
122,GA,500,1,0.115435766184651,3.94418598402665,4.64235150199378,5.19760658095589,0.0674056902674009,0.00657727631074845,0.0159582170284738,0.00657727631074845,0.113343416142512,0.0685203081287785,0.0159582170284738,0.0685203081287785,0.0495362723034005,34.3432649217616,0.0500949249219259,0.0362,0,0.0692,0.01,0.203136,0.0997904,0.023302,0.0063786,0,0.235996,3.8,0.00673868,0.37515,0.0888888888888889,0,0.00628146,1.382,0,0.0661112,0.477386,0.345761666483293,0,1.44,12.1,0.4995,2.19,5.0784,2.49476,0.58255,0.159465,21.0035842293907,5.8999,95,0.168467,9.37875,0.41875,2.91300251256281,0.1570365,34.55,0.154861111111111,1.65278,11.93465,0.663542620071984,1,0.112908577399048,0.937050420823942,0.379716216609904,1.08322981141486,0.836225272744853,1.51414495612466,0.259469060433027,0.0151141930675403,10.8926309164505,0.512485638195356,35.2601106432351,0.0683730406983144,1.15570663578898,0.24105353424909,6.58246702598952e-10,0.0614831038734513,6.13049498337991,1.46251417587604e-12,1.33819211303997,4.23373305866733,0.574096774166235,0.816708454841973,45.9014183870213,92.9592833821067,159.723288150931,0.840239999999991,1.67175778546711
122,GA,500,1,0.115435766184651,3.94418598402665,4.64235150199378,5.19760658095589,0.0674056902674009,0.00657727631074845,0.0159582170284738,0.00657727631074845,0.113343416142512,0.0685203081287785,0.0159582170284738,0.0685203081287785,0.0495362723034005,34.3432649217616,0.0293442461349694,0.0362,0,0.0692,0.01,0.203136,0.0997904,0.023302,0.0063786,0,0.235996,3.8,0.00673868,0.37515,0.0888888888888889,0,0.00628146,1.382,0,0.0661112,0.477386,0.345761666483293,0,1.44,12.1,0.4995,2.19,5.0784,2.49476,0.58255,0.159465,21.0035842293907,5.8999,95,0.168467,9.37875,0.41875,2.91300251256281,0.1570365,34.55,0.154861111111111,1.65278,11.93465,0.663542620071984,1,0.410149823864621,6.85490059604685e-08,0.355021858924853,0.0157587581807599,1.02056373007407,0.284326953286384,0.0827906407855193,0.0109070086519886,4.37977534906498,5.72752345947607,36.7058281819495,0.141506926749212,1.80456813489388,0.134421281196338,0.0126020088799756,0.0526130498408523,15.4309180351339,2.40864795349839e-06,0.19376486332315,6.55857546741764,0.375849078759741,0.758511957981166,56.2827869461088,105.7534930503,195.705101831915,0.840239999999991,1.67175778546711
122,GA,500,0,0.115435766184651,3.94418598402665,4.64235150199378,5.19760658095589,0.0674056902674009,0.00657727631074845,0.0159582170284738,0.00657727631074845,0.113343416142512,0.0685203081287785,0.0159582170284738,0.0685203081287785,0.0495362723034005,34.3432649217616,0.000819081909546913,0.0362,0,0.0692,0.01,0.203136,0.0997904,0.023302,0.0063786,0,0.235996,3.8,0.00673868,0.37515,0.0888888888888889,0,0.00628146,1.382,0,0.0661112,0.477386,0.345761666483293,0,1.44,12.1,0.4995,2.19,5.0784,2.49476,0.58255,0.159465,21.0035842293907,5.8999,95,0.168467,9.37875,0.41875,2.91300251256281,0.1570365,34.55,0.154861111111111,1.65278,11.93465,0.663542620071984,1,0.744467503747806,6.85490059604685e-08,0.0743581957801286,0.131657833636732,0.346722442424389,1.4598632802406,0.369990044881856,0.0897190927538993,10.8926309164505,4.58086460011602,16.942540576199,0.03980139721935,0.881581887924484,0.110816348482218,0.00029644168538526,0.00768956438968787,11.1920071228968,0.000116920549792302,0.465313113222956,1.02973372027796,0.459244421647998,0.958933295004431,44.4071680769571,110.985838932287,160.146020310443,0.840239999999991,1.67175778546711
122,GA,500,0,0.115435766184651,3.94418598402665,4.64235150199378,5.19760658095589,0.0674056902674009,0.00657727631074845,0.0159582170284738,0.00657727631074845,0.113343416142512,0.0685203081287785,0.0159582170284738,0.0685203081287785,0.0495362723034005,34.3432649217616,0.0137921259458476,0.0362,0,0.0692,0.01,0.203136,0.0997904,0.023302,0.0063786,0,0.235996,3.8,0.00673868,0.37515,0.0888888888888889,0,0.00628146,1.382,0,0.0661112,0.477386,0.345761666483293,0,1.44,12.1,0.4995,2.19,5.0784,2.49476,0.58255,0.159465,21.0035842293907,5.8999,95,0.168467,9.37875,0.41875,2.91300251256281,0.1570365,34.55,0.154861111111111,1.65278,11.93465,0.663542620071984,1,1.30675423337098,7.2493608402609e-10,0.363367183613787,0.132049928665783,0.387630001463128,1.12395948825633,0.49197397476715,0.116941370040857,1.32601343917181,3.29273991650781,14.926305971165,0.0506118819857661,4.41960985970513,0.21957546169713,6.58246702598952e-11,0.0838373923969438,8.47494283828582,0.0262250519838029,0.995151236192236,8.01624434987282,0.355751752726122,0.816708454841973,37.8914939299579,123.606031981908,189.238074523182,0.840239999999991,1.67175778546711
122,GA,500,1,0.115435766184651,3.94418598402665,4.64235150199378,5.19760658095589,0.0674056902674009,0.00657727631074845,0.0159582170284738,0.00657727631074845,0.113343416142512,0.0685203081287785,0.0159582170284738,0.0685203081287785,0.0495362723034005,34.3432649217616,0.0562760858556264,0.0362,0,0.0692,0.01,0.203136,0.0997904,0.023302,0.0063786,0,0.235996,3.8,0.00673868,0.37515,0.0888888888888889,0,0.00628146,1.382,0,0.0661112,0.477386,0.345761666483293,0,1.44,12.1,0.4995,2.19,5.0784,2.49476,0.58255,0.159465,21.0035842293907,5.8999,95,0.168467,9.37875,0.41875,2.91300251256281,0.1570365,34.55,0.154861111111111,1.65278,11.93465,0.663542620071984,1,0.037761354590067,1.37299261608059e-14,0.106675703561767,1.08322981141486,0.299914969067707,0.877964643016063,0.225946503452727,0.0582552351938185,3.55071301816798,4.58086460011602,14.0982293397208,0.0592439704663513,1.91973779390975,0.126858925093822,0.809494118959263,0.148266687936661,15.4309180351339,3.97448770837526e-17,0.263055755176134,3.2540879450106,0.369146955385249,0.816708454841973,67.6342806331575,90.5663393172451,178.526164732446,0.840239999999991,1.67175778546711
122,GA,500,0,0.115435766184651,3.94418598402665,4.64235150199378,5.19760658095589,0.0674056902674009,0.00657727631074845,0.0159582170284738,0.00657727631074845,0.113343416142512,0.0685203081287785,0.0159582170284738,0.0685203081287785,0.0495362723034005,34.3432649217616,0.0071400862689925,0.0362,0,0.0692,0.01,0.203136,0.0997904,0.023302,0.0063786,0,0.235996,3.8,0.00673868,0.37515,0.0888888888888889,0,0.00628146,1.382,0,0.0661112,0.477386,0.345761666483293,0,1.44,12.1,0.4995,2.19,5.0784,2.49476,0.58255,0.159465,21.0035842293907,5.8999,95,0.168467,9.37875,0.41875,2.91300251256281,0.1570365,34.55,0.154861111111111,1.65278,11.93465,0.663542620071984,1,0.0612725684499898,1.01315600350578e-17,0.0723951981865542,0.246705868612955,0.546210626633476,0.882600469421692,0.0830651358754197,0.0138291820792124,1.74331685537936,1.10872920168068,29.8814900960205,0.0107306637690613,1.80456813489388,0.100114832399319,1.09160427721904e-11,0.0248151929298625,4.62376357491053,0.0102062796921145,0.168321846662611,0.929314710720421,0.425376434642763,0.816708454841973,34.8956039432762,82.270915388896,135.630345822267,0.840239999999991,1.67175778546711
122,GA,500,1,0.115435766184651,3.94418598402665,4.64235150199378,5.19760658095589,0.0674056902674009,0.00657727631074845,0.0159582170284738,0.00657727631074845,0.113343416142512,0.0685203081287785,0.0159582170284738,0.0685203081287785,0.0495362723034005,34.3432649217616,0.0436399519936024,0.0362,0,0.0692,0.01,0.203136,0.0997904,0.023302,0.0063786,0,0.235996,3.8,0.00673868,0.37515,0.0888888888888889,0,0.00628146,1.382,0,0.0661112,0.477386,0.345761666483293,0,1.44,12.1,0.4995,2.19,5.0784,2.49476,0.58255,0.159465,21.0035842293907,5.8999,95,0.168467,9.37875,0.41875,2.91300251256281,0.1570365,34.55,0.154861111111111,1.65278,11.93465,0.663542620071984,1,0.508871063422381,1.37299261608059e-15,0.0719554922018008,0.84745896001386,0.374289070832957,0.348298741174201,0.49197397476715,0.0811289049218722,0.132601343917181,0.949739540455731,25.4442697678591,0.0192763124463403,4.41960985970513,0.21957546169713,0.109181512313709,0.079657409189384,10.5087260359772,0.00132390400816407,0.131666285412128,8.01624434987282,0.574096774166235,0.816708454841973,50.416413712973,154.157339185292,239.170844099175,0.840239999999991,1.67175778546711
122,GA,500,0,0.115435766184651,3.94418598402665,4.64235150199378,5.19760658095589,0.0674056902674009,0.00657727631074845,0.0159582170284738,0.00657727631074845,0.113343416142512,0.0685203081287785,0.0159582170284738,0.0685203081287785,0.0495362723034005,34.3432649217616,2.82577032044554e-20,0.0362,0,0.0692,0.01,0.203136,0.0997904,0.023302,0.0063786,0,0.235996,3.8,0.00673868,0.37515,0.0888888888888889,0,0.00628146,1.382,0,0.0661112,0.477386,0.345761666483293,0,1.44,12.1,0.4995,2.19,5.0784,2.49476,0.58255,0.159465,21.0035842293907,5.8999,95,0.168467,9.37875,0.41875,2.91300251256281,0.1570365,34.55,0.154861111111111,1.65278,11.93465,0.663542620071984,1,0.770552024524767,8.25858541745726e-07,0.390952463826241,1.37729502438673,1.60134840433183,1.80056677002425,0.447718646133985,0.0182177042265205,7.56898553524094,3.10909340726647,19.5376739892254,0.0271607513906326,0.420537422599128,0.181086691318901,0.000156043204089122,0.0411782975854074,7.07573438608025,7.94580793381041e-06,0.886649381973208,8.37214577206679,0.378537585475765,0.237614179327853,41.5492333765522,31.190908490412,172.816267097531,0.840239999999991,1.67175778546711
122,GA,500,1,0.115435766184651,3.94418598402665,4.64235150199378,5.19760658095589,0.0674056902674009,0.00657727631074845,0.0159582170284738,0.00657727631074845,0.113343416142512,0.0685203081287785,0.0159582170284738,0.0685203081287785,0.0495362723034005,34.3432649217616,0.020530820450794,0.0362,0,0.0692,0.01,0.203136,0.0997904,0.023302,0.0063786,0,0.235996,3.8,0.00673868,0.37515,0.0888888888888889,0,0.00628146,1.382,0,0.0661112,0.477386,0.345761666483293,0,1.44,12.1,0.4995,2.19,5.0784,2.49476,0.58255,0.159465,21.0035842293907,5.8999,95,0.168467,9.37875,0.41875,2.91300251256281,0.1570365,34.55,0.154861111111111,1.65278,11.93465,0.663542620071984,1,0.037761354590067,0.0312748544202305,0.221484229342396,0.0150108024001052,0.346722442424389,1.0427851361232,0.0369990044881856,0.0264070031377125,1.32601343917181,0.512485638195356,16.942540576199,0.00755831142951199,0.667885702287373,0.112645176114433,2.9644168538526e-05,0.00768956438968787,3.89206009128567,0.0262250519838029,0.0676923632029768,2.09251736849333,0.534863931215726,0.816708454841973,44.9861876287668,115.858137016371,186.846035325322,0.840239999999991,1.67175778546711
122,GA,500,1,0.115435766184651,3.94418598402665,4.64235150199378,5.19760658095589,0.0674056902674009,0.00657727631074845,0.0159582170284738,0.00657727631074845,0.113343416142512,0.0685203081287785,0.0159582170284738,0.0685203081287785,0.0495362723034005,34.3432649217616,0.0257671958070666,0.0362,0,0.0692,0.01,0.203136,0.0997904,0.023302,0.0063786,0,0.235996,3.8,0.00673868,0.37515,0.0888888888888889,0,0.00628146,1.382,0,0.0661112,0.477386,0.345761666483293,0,1.44,12.1,0.4995,2.19,5.0784,2.49476,0.58255,0.159465,21.0035842293907,5.8999,95,0.168467,9.37875,0.41875,2.91300251256281,0.1570365,34.55,0.154861111111111,1.65278,11.93465,0.663542620071984,1,0.100346783591218,1.37299261608059e-14,0.207622801127982,0.662239545178733,0.914694145720472,0.408941158666186,0.114331320559596,0.14687482971743,3.67822011699254,1.04379568744073,32.1968661587352,0.0648923444862926,4.63881796966255,0.243211799807399,0.0939626384879146,0.0134012083767732,10.5087260359772,0.0262250519838029,0.398079023513484,6.71072127961484,0.369146955385249,0.816708454841973,44.0670130881494,157.21988781109,236.571311138438,0.840239999999991,1.67175778546711
122,GA,500,1,0.115435766184651,3.94418598402665,4.64235150199378,5.19760658095589,0.0674056902674009,0.00657727631074845,0.0159582170284738,0.00657727631074845,0.113343416142512,0.0685203081287785,0.0159582170284738,0.0685203081287785,0.0495362723034005,34.3432649217616,0.00885637038852334,0.0362,0,0.0692,0.01,0.203136,0.0997904,0.023302,0.0063786,0,0.235996,3.8,0.00673868,0.37515,0.0888888888888889,0,0.00628146,1.382,0,0.0661112,0.477386,0.345761666483293,0,1.44,12.1,0.4995,2.19,5.0784,2.49476,0.58255,0.159465,21.0035842293907,5.8999,95,0.168467,9.37875,0.41875,2.91300251256281,0.1570365,34.55,0.154861111111111,1.65278,11.93465,0.663542620071984,1,1.41214717096047,0.128956838334201,0.33554204560074,0.0150108024001052,0.387630001463128,1.12395948825633,0.49197397476715,0.0576827980048167,1.25511151005367,0.86975064501522,13.879878676944,0.0192763124463403,1.49188181866287,0.144506546699226,0.809494118959263,0.104119635246228,1.74555154661108,0.0262250519838029,0.155850970496917,3.15089634855687,0.355751752726122,0.816708454841973,38.3334439538373,76.3860366225728,131.862580538266,0.840239999999991,1.67175778546711
122,GA,500,0,0.115435766184651,3.94418598402665,4.64235150199378,5.19760658095589,0.0674056902674009,0.00657727631074845,0.0159582170284738,0.00657727631074845,0.113343416142512,0.0685203081287785,0.0159582170284738,0.0685203081287785,0.0495362723034005,34.3432649217616,0.0103479052606074,0.0362,0,0.0692,0.01,0.203136,0.0997904,0.023302,0.0063786,0,0.235996,3.8,0.00673868,0.37515,0.0888888888888889,0,0.00628146,1.382,0,0.0661112,0.477386,0.345761666483293,0,1.44,12.1,0.4995,2.19,5.0784,2.49476,0.58255,0.159465,21.0035842293907,5.8999,95,0.168467,9.37875,0.41875,2.91300251256281,0.1570365,34.55,0.154861111111111,1.65278,11.93465,0.663542620071984,1,0.112908577399048,0.0248236858420792,0.106675703561767,1.95004077256936,0.387630001463128,0.704849724000353,0.49197397476715,0.0811289049218722,1.32601343917181,1.77907643464124,14.926305971165,0.0737283417461698,4.41960985970513,0.128440684233161,2.60866905947785e-12,0.0402022624845565,7.30939759763243,0.0262250519838029,0.122493270822503,1.87082018591693,0.37803649697327,0.816708454841973,33.2438517478427,85.7466466454009,138.234373318961,0.840239999999991,1.67175778546711
122,GA,500,0,0.115435766184651,3.94418598402665,4.64235150199378,5.19760658095589,0.0674056902674009,0.00657727631074845,0.0159582170284738,0.00657727631074845,0.113343416142512,0.0685203081287785,0.0159582170284738,0.0685203081287785,0.0495362723034005,34.3432649217616,0.0048865067044421,0.0362,0,0.0692,0.01,0.203136,0.0997904,0.023302,0.0063786,0,0.235996,3.8,0.00673868,0.37515,0.0888888888888889,0,0.00628146,1.382,0,0.0661112,0.477386,0.345761666483293,0,1.44,12.1,0.4995,2.19,5.0784,2.49476,0.58255,0.159465,21.0035842293907,5.8999,95,0.168467,9.37875,0.41875,2.91300251256281,0.1570365,34.55,0.154861111111111,1.65278,11.93465,0.663542620071984,1,0.582683501613331,1.13261937277899e-07,0.133476677874,1.42344557998578,0.387630001463128,0.558146291259839,0.49197397476715,0.0576827980048167,1.32601343917181,1.44873097982681,49.1840664496568,0.0506118819857661,1.7083924741534,0.21957546169713,6.58246702598952e-11,0.0104624437935143,3.65287374824117,0.0262250519838029,0.407822343390313,1.83124623101156,0.42448203057904,0.816708454841973,39.9123149969004,95.6668479021653,157.049400250507,0.840239999999991,1.67175778546711
122,GA,500,1,0.115435766184651,3.94418598402665,4.64235150199378,5.19760658095589,0.0674056902674009,0.00657727631074845,0.0159582170284738,0.00657727631074845,0.113343416142512,0.0685203081287785,0.0159582170284738,0.0685203081287785,0.0495362723034005,34.3432649217616,0.0426651499960072,0.0362,0,0.0692,0.01,0.203136,0.0997904,0.023302,0.0063786,0,0.235996,3.8,0.00673868,0.37515,0.0888888888888889,0,0.00628146,1.382,0,0.0661112,0.477386,0.345761666483293,0,1.44,12.1,0.4995,2.19,5.0784,2.49476,0.58255,0.159465,21.0035842293907,5.8999,95,0.168467,9.37875,0.41875,2.91300251256281,0.1570365,34.55,0.154861111111111,1.65278,11.93465,0.663542620071984,1,0.037761354590067,4.47351539916501e-10,0.102171066598616,1.08322981141486,0.387630001463128,1.12395948825633,0.49197397476715,0.0182177042265205,3.27346768517959,1.10872920168068,29.8814900960205,0.0168368221923206,3.88552556880721,0.100114832399319,0.000906916338668913,0.048471069776101,7.07573438608025,9.44481353917248e-12,0.468223357555741,8.61789905600272,0.425376434642763,0.816708454841973,44.3276602196417,58.5726594357116,116.04561426855,0.840239999999991,1.67175778546711
122,GA,500,1,0.115435766184651,3.94418598402665,4.64235150199378,5.19760658095589,0.0674056902674009,0.00657727631074845,0.0159582170284738,0.00657727631074845,0.113343416142512,0.0685203081287785,0.0159582170284738,0.0685203081287785,0.0495362723034005,34.3432649217616,0.0169844437876018,0.0362,0,0.0692,0.01,0.203136,0.0997904,0.023302,0.0063786,0,0.235996,3.8,0.00673868,0.37515,0.0888888888888889,0,0.00628146,1.382,0,0.0661112,0.477386,0.345761666483293,0,1.44,12.1,0.4995,2.19,5.0784,2.49476,0.58255,0.159465,21.0035842293907,5.8999,95,0.168467,9.37875,0.41875,2.91300251256281,0.1570365,34.55,0.154861111111111,1.65278,11.93465,0.663542620071984,1,0.037761354590067,1.37299261608059e-14,0.106675703561767,1.08322981141486,0.346722442424389,0.877964643016063,0.437382911035942,0.078890620214078,3.55071301816798,2.58013921699482,5.98824209110219,0.0321644999898555,1.80456813489388,0.112645176114433,2.13832222689506e-18,0.148266687936661,10.5087260359772,4.35235678535388e-05,0.189665733937792,3.36791779424044,0.369146955385249,0.816708454841973,67.6630494669161,109.629197933733,201.896015078795,0.840239999999991,1.67175778546711
122,GA,500,1,0.115435766184651,3.94418598402665,4.64235150199378,5.19760658095589,0.0674056902674009,0.00657727631074845,0.0159582170284738,0.00657727631074845,0.113343416142512,0.0685203081287785,0.0159582170284738,0.0685203081287785,0.0495362723034005,34.3432649217616,0.0317501061877924,0.0362,0,0.0692,0.01,0.203136,0.0997904,0.023302,0.0063786,0,0.235996,3.8,0.00673868,0.37515,0.0888888888888889,0,0.00628146,1.382,0,0.0661112,0.477386,0.345761666483293,0,1.44,12.1,0.4995,2.19,5.0784,2.49476,0.58255,0.159465,21.0035842293907,5.8999,95,0.168467,9.37875,0.41875,2.91300251256281,0.1570365,34.55,0.154861111111111,1.65278,11.93465,0.663542620071984,1,0.0511071195324601,1.37299261608059e-15,0.33554204560074,1.08322981141486,0.387630001463128,1.12395948825633,0.41732765724745,0.14687482971743,0.833300095514468,0.86975064501522,14.926305971165,0.0506118819857661,4.41960985970513,0.21957546169713,6.58246702598952e-11,0.0286726329341234,10.5087260359772,0.0262250519838029,0.995151236192236,8.01624434987282,0.369146955385249,0.816708454841973,50.456247749978,139.47483332356,221.233019432288,0.840239999999991,1.67175778546711
122,GA,500,0,0.115435766184651,3.94418598402665,4.64235150199378,5.19760658095589,0.0674056902674009,0.00657727631074845,0.0159582170284738,0.00657727631074845,0.113343416142512,0.0685203081287785,0.0159582170284738,0.0685203081287785,0.0495362723034005,34.3432649217616,0.00349878791005068,0.0362,0,0.0692,0.01,0.203136,0.0997904,0.023302,0.0063786,0,0.235996,3.8,0.00673868,0.37515,0.0888888888888889,0,0.00628146,1.382,0,0.0661112,0.477386,0.345761666483293,0,1.44,12.1,0.4995,2.19,5.0784,2.49476,0.58255,0.159465,21.0035842293907,5.8999,95,0.168467,9.37875,0.41875,2.91300251256281,0.1570365,34.55,0.154861111111111,1.65278,11.93465,0.663542620071984,1,0.0511071195324601,8.10806660247839e-17,0.390952463826241,0.84745896001386,0.523260486075412,0.408941158666186,0.437382911035942,0.042486353321664,7.56898553524094,3.10909340726647,70.7573047986803,0.0167603336271827,1.84372375367389,0.142241787673626,6.92994178430808e-11,0.079657409189384,6.01660845173245,0.0484958776206643,0.263055755176134,8.01624434987282,0.424440336392406,0.816708454841973,34.0346728209785,77.3902867918316,128.793440570978,0.840239999999991,1.67175778546711
122,GA,500,1,0.115435766184651,3.94418598402665,4.64235150199378,5.19760658095589,0.0674056902674009,0.00657727631074845,0.0159582170284738,0.00657727631074845,0.113343416142512,0.0685203081287785,0.0159582170284738,0.0685203081287785,0.0495362723034005,34.3432649217616,0.0452226536297692,0.0362,0,0.0692,0.01,0.203136,0.0997904,0.023302,0.0063786,0,0.235996,3.8,0.00673868,0.37515,0.0888888888888889,0,0.00628146,1.382,0,0.0661112,0.477386,0.345761666483293,0,1.44,12.1,0.4995,2.19,5.0784,2.49476,0.58255,0.159465,21.0035842293907,5.8999,95,0.168467,9.37875,0.41875,2.91300251256281,0.1570365,34.55,0.154861111111111,1.65278,11.93465,0.663542620071984,1,0.37761354590067,1.37299261608059e-14,0.232765644124266,0.213306362335298,0.387630001463128,0.344188824303311,0.41732765724745,0.14687482971743,1.32601343917181,1.63157742942597,36.7058281819495,0.0648923444862926,4.41960985970513,0.112671916743538,2.07860579025522e-07,0.0615457474811785,10.5087260359772,0.0262250519838029,0.189665733937792,1.62757326437771,0.601091014573843,0.816708454841973,43.142260528841,54.4404067479365,109.800572225235,0.840239999999991,1.67175778546711
122,GA,500,0,0.115435766184651,3.94418598402665,4.64235150199378,5.19760658095589,0.0674056902674009,0.00657727631074845,0.0159582170284738,0.00657727631074845,0.113343416142512,0.0685203081287785,0.0159582170284738,0.0685203081287785,0.0495362723034005,34.3432649217616,0.00587815930980537,0.0362,0,0.0692,0.01,0.203136,0.0997904,0.023302,0.0063786,0,0.235996,3.8,0.00673868,0.37515,0.0888888888888889,0,0.00628146,1.382,0,0.0661112,0.477386,0.345761666483293,0,1.44,12.1,0.4995,2.19,5.0784,2.49476,0.58255,0.159465,21.0035842293907,5.8999,95,0.168467,9.37875,0.41875,2.91300251256281,0.1570365,34.55,0.154861111111111,1.65278,11.93465,0.663542620071984,1,0.07810861586608,6.85490059604685e-08,0.379716216609904,1.08322981141486,1.46371924524271,0.877964643016063,0.49197397476715,0.116941370040857,8.39160435770747,0.86975064501522,29.8814900960205,0.0506118819857661,3.88552556880721,0.148798790438265,2.23971559276952e-13,0.048471069776101,1.59561920926116,0.0262250519838029,0.608952758863048,8.61789905600272,0.355751752726122,0.816708454841973,26.5387916021688,85.9979972938019,131.837073729592,0.840239999999991,1.67175778546711
122,GA,500,1,0.115435766184651,3.94418598402665,4.64235150199378,5.19760658095589,0.0674056902674009,0.00657727631074845,0.0159582170284738,0.00657727631074845,0.113343416142512,0.0685203081287785,0.0159582170284738,0.0685203081287785,0.0495362723034005,34.3432649217616,0.0196170665073758,0.0362,0,0.0692,0.01,0.203136,0.0997904,0.023302,0.0063786,0,0.235996,3.8,0.00673868,0.37515,0.0888888888888889,0,0.00628146,1.382,0,0.0661112,0.477386,0.345761666483293,0,1.44,12.1,0.4995,2.19,5.0784,2.49476,0.58255,0.159465,21.0035842293907,5.8999,95,0.168467,9.37875,0.41875,2.91300251256281,0.1570365,34.55,0.154861111111111,1.65278,11.93465,0.663542620071984,1,0.433194100463836,1.05852221953854e-07,0.106675703561767,0.36196120138598,3.74289070832957,1.6987294987839,0.49197397476715,0.0297278878607167,3.27346768517959,0.433438321267789,25.4442697678591,0.0168368221923206,4.41960985970513,0.229025488744774,0.000906916338668913,0.0134012083767732,2.28369850301846,0.0119202353705456,0.835924390746135,3.60653857560054,0.37372021500578,0.816708454841973,27.992898336395,45.9831185258549,84.2958767777682,0.840239999999991,1.67175778546711
122,GA,500,1,0.115435766184651,3.94418598402665,4.64235150199378,5.19760658095589,0.0674056902674009,0.00657727631074845,0.0159582170284738,0.00657727631074845,0.113343416142512,0.0685203081287785,0.0159582170284738,0.0685203081287785,0.0495362723034005,34.3432649217616,0.019912253632379,0.0362,0,0.0692,0.01,0.203136,0.0997904,0.023302,0.0063786,0,0.235996,3.8,0.00673868,0.37515,0.0888888888888889,0,0.00628146,1.382,0,0.0661112,0.477386,0.345761666483293,0,1.44,12.1,0.4995,2.19,5.0784,2.49476,0.58255,0.159465,21.0035842293907,5.8999,95,0.168467,9.37875,0.41875,2.91300251256281,0.1570365,34.55,0.154861111111111,1.65278,11.93465,0.663542620071984,1,0.037761354590067,1.37299261608059e-14,0.106675703561767,1.08322981141486,0.387630001463128,1.12395948825633,0.49197397476715,0.0811289049218722,1.32601343917181,1.04379568744073,5.98824209110219,0.0648923444862926,4.41960985970513,0.21957546169713,2.07860579025522e-08,0.0134012083767732,10.5087260359772,0.0262250519838029,0.0672498050960735,2.09251736849333,0.369146955385249,0.816708454841973,51.1115117207404,54.0778582214857,117.325909160705,0.840239999999991,1.67175778546711
122,GA,500,0,0.115435766184651,3.94418598402665,4.64235150199378,5.19760658095589,0.0674056902674009,0.00657727631074845,0.0159582170284738,0.00657727631074845,0.113343416142512,0.0685203081287785,0.0159582170284738,0.0685203081287785,0.0495362723034005,34.3432649217616,0.0127707545986485,0.0362,0,0.0692,0.01,0.203136,0.0997904,0.023302,0.0063786,0,0.235996,3.8,0.00673868,0.37515,0.0888888888888889,0,0.00628146,1.382,0,0.0661112,0.477386,0.345761666483293,0,1.44,12.1,0.4995,2.19,5.0784,2.49476,0.58255,0.159465,21.0035842293907,5.8999,95,0.168467,9.37875,0.41875,2.91300251256281,0.1570365,34.55,0.154861111111111,1.65278,11.93465,0.663542620071984,1,0.576252830161057,6.57218251697778e-11,0.188701334039279,0.0255451630385814,0.387630001463128,0.571583186653695,0.138429272488987,0.14687482971743,12.1133363033992,1.04379568744073,5.98824209110219,0.129411744678789,2.84092144921344,0.112671916743538,2.07860579025522e-07,0.00840270240104996,10.5087260359772,0.0262250519838029,0.189665733937792,0.550279507814219,0.369146955385249,0.816708454841973,59.9272676544886,131.613746645471,221.078711434922,0.840239999999991,1.67175778546711
122,GA,500,0,0.115435766184651,3.94418598402665,4.64235150199378,5.19760658095589,0.0674056902674009,0.00657727631074845,0.0159582170284738,0.00657727631074845,0.113343416142512,0.0685203081287785,0.0159582170284738,0.0685203081287785,0.0495362723034005,34.3432649217616,0.0185134191778701,0.0362,0,0.0692,0.01,0.203136,0.0997904,0.023302,0.0063786,0,0.235996,3.8,0.00673868,0.37515,0.0888888888888889,0,0.00628146,1.382,0,0.0661112,0.477386,0.345761666483293,0,1.44,12.1,0.4995,2.19,5.0784,2.49476,0.58255,0.159465,21.0035842293907,5.8999,95,0.168467,9.37875,0.41875,2.91300251256281,0.1570365,34.55,0.154861111111111,1.65278,11.93465,0.663542620071984,1,0.037761354590067,4.47351539916501e-10,0.0694171774827975,1.08322981141486,0.387630001463128,0.877964643016063,0.49197397476715,0.116941370040857,3.27346768517959,1.10872920168068,14.926305971165,0.0163666917913981,4.41960985970513,0.21957546169713,0.809494118959263,0.00768956438968787,7.07573438608025,0.0262250519838029,1.29606487869952,2.09251736849333,0.574096774166235,0.816708454841973,41.7092857233782,110.491704434102,176.998327705295,0.840239999999991,1.67175778546711
122,GA,500,0,0.115435766184651,3.94418598402665,4.64235150199378,5.19760658095589,0.0674056902674009,0.00657727631074845,0.0159582170284738,0.00657727631074845,0.113343416142512,0.0685203081287785,0.0159582170284738,0.0685203081287785,0.0495362723034005,34.3432649217616,0.0195804285453103,0.0362,0,0.0692,0.01,0.203136,0.0997904,0.023302,0.0063786,0,0.235996,3.8,0.00673868,0.37515,0.0888888888888889,0,0.00628146,1.382,0,0.0661112,0.477386,0.345761666483293,0,1.44,12.1,0.4995,2.19,5.0784,2.49476,0.58255,0.159465,21.0035842293907,5.8999,95,0.168467,9.37875,0.41875,2.91300251256281,0.1570365,34.55,0.154861111111111,1.65278,11.93465,0.663542620071984,1,0.098371183787925,8.25858541745726e-08,0.170345521769388,0.602955331501486,0.324738617173123,0.175177052848733,0.172840549395358,0.0151918190596735,0.84780436592969,2.36585782830301,19.5376739892254,0.0666755968581324,0.420537422599128,0.101833522887259,1.57436496162661e-11,0.0181845111044066,2.84249104476916,0.000483902896876041,1.03743274424272,2.61815731834484,0.572167066208733,0.785102183241887,41.0565069264605,67.3126379364112,126.793929867332,0.840239999999991,1.67175778546711
122,GA,500,0,0.115435766184651,3.94418598402665,4.64235150199378,5.19760658095589,0.0674056902674009,0.00657727631074845,0.0159582170284738,0.00657727631074845,0.113343416142512,0.0685203081287785,0.0159582170284738,0.0685203081287785,0.0495362723034005,34.3432649217616,0.00538200510760076,0.0362,0,0.0692,0.01,0.203136,0.0997904,0.023302,0.0063786,0,0.235996,3.8,0.00673868,0.37515,0.0888888888888889,0,0.00628146,1.382,0,0.0661112,0.477386,0.345761666483293,0,1.44,12.1,0.4995,2.19,5.0784,2.49476,0.58255,0.159465,21.0035842293907,5.8999,95,0.168467,9.37875,0.41875,2.91300251256281,0.1570365,34.55,0.154861111111111,1.65278,11.93465,0.663542620071984,1,0.37761354590067,7.2493608402609e-11,0.113059523412167,1.15148892247431,0.387630001463128,0.377652508522009,0.227317861901549,0.0123453301286962,5.20848838960403,3.43617334062187,14.926305971165,0.0166766014991016,6.65472471166913,0.313007247632284,1.80395660025252e-08,0.110899897478051,29.2423854695783,1.3432499042201e-09,0.157711538253555,8.61789905600272,0.376613742054311,0.816708454841973,71.7527441901527,142.274114767933,245.95703205376,0.840239999999991,1.67175778546711
122,GA,500,0,0.115435766184651,3.94418598402665,4.64235150199378,5.19760658095589,0.0674056902674009,0.00657727631074845,0.0159582170284738,0.00657727631074845,0.113343416142512,0.0685203081287785,0.0159582170284738,0.0685203081287785,0.0495362723034005,34.3432649217616,0.00507370288518327,0.0362,0,0.0692,0.01,0.203136,0.0997904,0.023302,0.0063786,0,0.235996,3.8,0.00673868,0.37515,0.0888888888888889,0,0.00628146,1.382,0,0.0661112,0.477386,0.345761666483293,0,1.44,12.1,0.4995,2.19,5.0784,2.49476,0.58255,0.159465,21.0035842293907,5.8999,95,0.168467,9.37875,0.41875,2.91300251256281,0.1570365,34.55,0.154861111111111,1.65278,11.93465,0.663542620071984,1,0.325032270570951,8.84401651926059e-14,0.379716216609904,0.0166010387930249,3.46722442424389,1.93436217431279,0.437382911035942,0.0897190927538993,10.8926309164505,4.58086460011602,12.9498568945179,0.0399494441629009,0.952210213392367,0.354345815302376,2.23809531249679e-16,0.00768956438968787,15.4309180351339,3.97448770837526e-16,1.29606487869952,6.40819497974578,0.520591423139229,0.958933295004431,58.9044748260794,71.1301711911096,133.08082427777,0.840239999999991,1.67175778546711
122,GA,500,1,0.115435766184651,3.94418598402665,4.64235150199378,5.19760658095589,0.0674056902674009,0.00657727631074845,0.0159582170284738,0.00657727631074845,0.113343416142512,0.0685203081287785,0.0159582170284738,0.0685203081287785,0.0495362723034005,34.3432649217616,0.0215500411774947,0.0362,0,0.0692,0.01,0.203136,0.0997904,0.023302,0.0063786,0,0.235996,3.8,0.00673868,0.37515,0.0888888888888889,0,0.00628146,1.382,0,0.0661112,0.477386,0.345761666483293,0,1.44,12.1,0.4995,2.19,5.0784,2.49476,0.58255,0.159465,21.0035842293907,5.8999,95,0.168467,9.37875,0.41875,2.91300251256281,0.1570365,34.55,0.154861111111111,1.65278,11.93465,0.663542620071984,1,0.449511506333283,3.50013679521304e-05,0.33554204560074,0.0630541924613238,0.387630001463128,0.26764261419722,0.417867660662039,0.116941370040857,0.452864709860439,5.24119219651706,14.926305971165,0.03980139721935,3.88552556880721,0.21957546169713,1.791447765369e-17,0.0286726329341234,8.47494283828582,0.0262250519838029,1.29606487869952,8.61789905600272,0.355751752726122,0.816708454841973,36.7134545953318,80.8682650999887,135.730753388493,0.840239999999991,1.67175778546711
122,GA,500,1,0.115435766184651,3.94418598402665,4.64235150199378,5.19760658095589,0.0674056902674009,0.00657727631074845,0.0159582170284738,0.00657727631074845,0.113343416142512,0.0685203081287785,0.0159582170284738,0.0685203081287785,0.0495362723034005,34.3432649217616,0.0479080980927902,0.0362,0,0.0692,0.01,0.203136,0.0997904,0.023302,0.0063786,0,0.235996,3.8,0.00673868,0.37515,0.0888888888888889,0,0.00628146,1.382,0,0.0661112,0.477386,0.345761666483293,0,1.44,12.1,0.4995,2.19,5.0784,2.49476,0.58255,0.159465,21.0035842293907,5.8999,95,0.168467,9.37875,0.41875,2.91300251256281,0.1570365,34.55,0.154861111111111,1.65278,11.93465,0.663542620071984,1,0.0752613661610643,1.37299261608059e-14,0.106675703561767,1.08322981141486,0.294445178994609,1.12395948825633,0.41732765724745,0.159316220973074,1.50495311714597,1.04379568744073,7.14616564414552,0.0648923444862926,3.47212466256192,0.112671916743538,2.07860579025522e-07,0.0452013759180829,10.5087260359772,1.09348526756866e-12,0.189665733937792,2.09251736849333,0.523149887214482,0.816708454841973,57.0945938568349,118.537017425445,202.234535439025,0.840239999999991,1.67175778546711
122,GA,500,0,0.115435766184651,3.94418598402665,4.64235150199378,5.19760658095589,0.0674056902674009,0.00657727631074845,0.0159582170284738,0.00657727631074845,0.113343416142512,0.0685203081287785,0.0159582170284738,0.0685203081287785,0.0495362723034005,34.3432649217616,0.0230434740467364,0.0362,0,0.0692,0.01,0.203136,0.0997904,0.023302,0.0063786,0,0.235996,3.8,0.00673868,0.37515,0.0888888888888889,0,0.00628146,1.382,0,0.0661112,0.477386,0.345761666483293,0,1.44,12.1,0.4995,2.19,5.0784,2.49476,0.58255,0.159465,21.0035842293907,5.8999,95,0.168467,9.37875,0.41875,2.91300251256281,0.1570365,34.55,0.154861111111111,1.65278,11.93465,0.663542620071984,1,0.324374903531886,8.63678339701752e-12,0.0836585387309045,0.0303102642237714,1.1517193920821,2.12545136907206,0.149595014507914,0.102229551717247,1.44869697039308,0.713523926670958,13.0251149506815,0.0377011057373636,4.41960985970513,0.112671916743538,4.46165920418132e-18,0.00936440295194993,12.9719280186057,4.31592086903494e-08,1.38665507670855,1.6210704715016,0.355751752726122,0.816708454841973,57.1237144750849,123.077990265283,207.823746457853,0.840239999999991,1.67175778546711
122,GA,500,1,0.115435766184651,3.94418598402665,4.64235150199378,5.19760658095589,0.0674056902674009,0.00657727631074845,0.0159582170284738,0.00657727631074845,0.113343416142512,0.0685203081287785,0.0159582170284738,0.0685203081287785,0.0495362723034005,34.3432649217616,0.0384553104498804,0.0362,0,0.0692,0.01,0.203136,0.0997904,0.023302,0.0063786,0,0.235996,3.8,0.00673868,0.37515,0.0888888888888889,0,0.00628146,1.382,0,0.0661112,0.477386,0.345761666483293,0,1.44,12.1,0.4995,2.19,5.0784,2.49476,0.58255,0.159465,21.0035842293907,5.8999,95,0.168467,9.37875,0.41875,2.91300251256281,0.1570365,34.55,0.154861111111111,1.65278,11.93465,0.663542620071984,1,0.037761354590067,1.37299261608059e-14,0.33554204560074,1.08322981141486,0.387630001463128,1.12395948825633,0.49197397476715,0.116941370040857,1.32601343917181,0.86975064501522,5.98824209110219,0.0506118819857661,3.88552556880721,0.112671916743538,2.07860579025522e-07,0.0286726329341234,10.5087260359772,0.0262250519838029,0.995151236192236,8.61789905600272,0.355751752726122,0.816708454841973,60.1004005619413,102.634999491699,185.769479758088,0.840239999999991,1.67175778546711
122,GA,500,1,0.115435766184651,3.94418598402665,4.64235150199378,5.19760658095589,0.0674056902674009,0.00657727631074845,0.0159582170284738,0.00657727631074845,0.113343416142512,0.0685203081287785,0.0159582170284738,0.0685203081287785,0.0495362723034005,34.3432649217616,0.0238483422178364,0.0362,0,0.0692,0.01,0.203136,0.0997904,0.023302,0.0063786,0,0.235996,3.8,0.00673868,0.37515,0.0888888888888889,0,0.00628146,1.382,0,0.0661112,0.477386,0.345761666483293,0,1.44,12.1,0.4995,2.19,5.0784,2.49476,0.58255,0.159465,21.0035842293907,5.8999,95,0.168467,9.37875,0.41875,2.91300251256281,0.1570365,34.55,0.154861111111111,1.65278,11.93465,0.663542620071984,1,0.203747370591369,1.27759027070985e-07,0.140368203535196,0.148359248576603,0.5921834818027,0.907940817336472,0.0827906407855193,0.0419346465598868,16.6361916367476,0.73696662959153,25.0934955521434,0.0648923444862926,4.41960985970513,0.112671916743538,2.07860579025522e-07,0.0134012083767732,8.17449715384856,4.44435227702842e-08,0.210683047637309,0.486250146052684,0.349439200605967,0.816708454841973,53.1176915228423,110.819049785849,188.807544038563,0.840239999999991,1.67175778546711
122,GA,500,1,0.115435766184651,3.94418598402665,4.64235150199378,5.19760658095589,0.0674056902674009,0.00657727631074845,0.0159582170284738,0.00657727631074845,0.113343416142512,0.0685203081287785,0.0159582170284738,0.0685203081287785,0.0495362723034005,34.3432649217616,0.0658709250017193,0.0362,0,0.0692,0.01,0.203136,0.0997904,0.023302,0.0063786,0,0.235996,3.8,0.00673868,0.37515,0.0888888888888889,0,0.00628146,1.382,0,0.0661112,0.477386,0.345761666483293,0,1.44,12.1,0.4995,2.19,5.0784,2.49476,0.58255,0.159465,21.0035842293907,5.8999,95,0.168467,9.37875,0.41875,2.91300251256281,0.1570365,34.55,0.154861111111111,1.65278,11.93465,0.663542620071984,1,0.363501572445893,4.01551406560944e-07,0.379716216609904,1.39972485971381,0.537354415707005,0.551785371879522,0.437382911035942,0.0369968940350342,10.8926309164505,4.58086460011602,35.9770420202512,0.020709632895551,0.420537422599128,0.112645176114433,9.80957189478155e-18,0.10213725160442,16.7639665714191,5.26184841986122e-14,0.417112344629449,2.61815731834484,0.369146955385249,0.958933295004431,68.6151069791896,181.404213642271,257.788029211943,0.840239999999991,1.67175778546711
122,GA,500,0,0.115435766184651,3.94418598402665,4.64235150199378,5.19760658095589,0.0674056902674009,0.00657727631074845,0.0159582170284738,0.00657727631074845,0.113343416142512,0.0685203081287785,0.0159582170284738,0.0685203081287785,0.0495362723034005,34.3432649217616,0.00745090442878638,0.0362,0,0.0692,0.01,0.203136,0.0997904,0.023302,0.0063786,0,0.235996,3.8,0.00673868,0.37515,0.0888888888888889,0,0.00628146,1.382,0,0.0661112,0.477386,0.345761666483293,0,1.44,12.1,0.4995,2.19,5.0784,2.49476,0.58255,0.159465,21.0035842293907,5.8999,95,0.168467,9.37875,0.41875,2.91300251256281,0.1570365,34.55,0.154861111111111,1.65278,11.93465,0.663542620071984,1,0.410149823864621,0.00275934502696725,0.33554204560074,1.08322981141486,0.387630001463128,0.374625278591707,0.49197397476715,0.0419109649742696,1.32601343917181,0.768229940127808,24.1320808403229,0.0506118819857661,3.88552556880721,0.21957546169713,6.58246702598952e-11,0.0286726329341234,8.47494283828582,2.85005358500744e-16,0.320544286302672,2.73694831976921,0.355751752726122,0.816708454841973,48.2438773062075,76.9610321352742,142.477054003473,0.840239999999991,1.67175778546711
122,GA,500,0,0.115435766184651,3.94418598402665,4.64235150199378,5.19760658095589,0.0674056902674009,0.00657727631074845,0.0159582170284738,0.00657727631074845,0.113343416142512,0.0685203081287785,0.0159582170284738,0.0685203081287785,0.0495362723034005,34.3432649217616,0.0015756357350776,0.0362,0,0.0692,0.01,0.203136,0.0997904,0.023302,0.0063786,0,0.235996,3.8,0.00673868,0.37515,0.0888888888888889,0,0.00628146,1.382,0,0.0661112,0.477386,0.345761666483293,0,1.44,12.1,0.4995,2.19,5.0784,2.49476,0.58255,0.159465,21.0035842293907,5.8999,95,0.168467,9.37875,0.41875,2.91300251256281,0.1570365,34.55,0.154861111111111,1.65278,11.93465,0.663542620071984,1,0.303524341866888,7.2493608402609e-11,0.33554204560074,1.08322981141486,0.387630001463128,1.12395948825633,0.501223164391953,0.116941370040857,1.32601343917181,0.86975064501522,14.926305971165,0.0506118819857661,3.88552556880721,0.153723385113677,1.41601021077205e-18,0.0286726329341234,9.24267944991553,0.0262250519838029,0.170731531090209,8.61789905600272,0.355751752726122,0.816708454841973,54.6328278822347,100.351968226245,177.506501628715,0.840239999999991,1.67175778546711
122,GA,500,0,0.115435766184651,3.94418598402665,4.64235150199378,5.19760658095589,0.0674056902674009,0.00657727631074845,0.0159582170284738,0.00657727631074845,0.113343416142512,0.0685203081287785,0.0159582170284738,0.0685203081287785,0.0495362723034005,34.3432649217616,0.00638649347368019,0.0362,0,0.0692,0.01,0.203136,0.0997904,0.023302,0.0063786,0,0.235996,3.8,0.00673868,0.37515,0.0888888888888889,0,0.00628146,1.382,0,0.0661112,0.477386,0.345761666483293,0,1.44,12.1,0.4995,2.19,5.0784,2.49476,0.58255,0.159465,21.0035842293907,5.8999,95,0.168467,9.37875,0.41875,2.91300251256281,0.1570365,34.55,0.154861111111111,1.65278,11.93465,0.663542620071984,1,1.35605609496206,1.64869649545343e-06,0.319039547719435,1.08322981141486,0.507931406769115,1.12395948825633,0.49197397476715,0.116941370040857,4.31108874464091,0.86975064501522,9.46747813167914,0.0506118819857661,3.88552556880721,0.21957546169713,8.75924424912879e-06,0.0286726329341234,1.82007944903565,2.68987655158522e-11,0.995151236192236,6.84064993123488,0.355751752726122,0.816708454841973,32.3659598663665,210.052493558578,289.559934427608,0.840239999999991,1.67175778546711
122,GA,500,1,0.115435766184651,3.94418598402665,4.64235150199378,5.19760658095589,0.0674056902674009,0.00657727631074845,0.0159582170284738,0.00657727631074845,0.113343416142512,0.0685203081287785,0.0159582170284738,0.0685203081287785,0.0495362723034005,34.3432649217616,0.0894101163860858,0.0362,0,0.0692,0.01,0.203136,0.0997904,0.023302,0.0063786,0,0.235996,3.8,0.00673868,0.37515,0.0888888888888889,0,0.00628146,1.382,0,0.0661112,0.477386,0.345761666483293,0,1.44,12.1,0.4995,2.19,5.0784,2.49476,0.58255,0.159465,21.0035842293907,5.8999,95,0.168467,9.37875,0.41875,2.91300251256281,0.1570365,34.55,0.154861111111111,1.65278,11.93465,0.663542620071984,1,0.582683501613331,6.85490059604685e-08,0.355021858924853,1.63276703201205,0.387630001463128,0.877964643016063,0.49197397476715,0.0576827980048167,1.32601343917181,1.44873097982681,36.7058281819495,0.03980139721935,4.41960985970513,0.112645176114433,6.58246702598952e-11,0.0549257323456414,15.4309180351339,1.38695515175163e-19,1.29606487869952,1.96910767623804,0.416258136097572,0.958933295004431,64.6730498922148,170.040650714064,241.99576003263,0.840239999999991,1.67175778546711
122,GA,500,1,0.115435766184651,3.94418598402665,4.64235150199378,5.19760658095589,0.0674056902674009,0.00657727631074845,0.0159582170284738,0.00657727631074845,0.113343416142512,0.0685203081287785,0.0159582170284738,0.0685203081287785,0.0495362723034005,34.3432649217616,0.0287420467637452,0.0362,0,0.0692,0.01,0.203136,0.0997904,0.023302,0.0063786,0,0.235996,3.8,0.00673868,0.37515,0.0888888888888889,0,0.00628146,1.382,0,0.0661112,0.477386,0.345761666483293,0,1.44,12.1,0.4995,2.19,5.0784,2.49476,0.58255,0.159465,21.0035842293907,5.8999,95,0.168467,9.37875,0.41875,2.91300251256281,0.1570365,34.55,0.154861111111111,1.65278,11.93465,0.663542620071984,1,0.28014087079776,1.37299261608059e-14,0.409570248976607,1.08322981141486,0.387630001463128,0.347816086264758,0.49197397476715,0.14687482971743,1.32601343917181,1.04379568744073,5.98824209110219,0.0108362198853306,3.88552556880721,0.112671916743538,1.01485222645468,0.0140808520124243,8.47494283828582,0.0262250519838029,0.0734959982884775,9.10786223771933,0.355751752726122,0.785102183241887,54.9350820927036,113.203681701284,199.124824673519,0.840239999999991,1.67175778546711
122,GA,500,0,0.115435766184651,3.94418598402665,4.64235150199378,5.19760658095589,0.0674056902674009,0.00657727631074845,0.0159582170284738,0.00657727631074845,0.113343416142512,0.0685203081287785,0.0159582170284738,0.0685203081287785,0.0495362723034005,34.3432649217616,0.0156147929875201,0.0362,0,0.0692,0.01,0.203136,0.0997904,0.023302,0.0063786,0,0.235996,3.8,0.00673868,0.37515,0.0888888888888889,0,0.00628146,1.382,0,0.0661112,0.477386,0.345761666483293,0,1.44,12.1,0.4995,2.19,5.0784,2.49476,0.58255,0.159465,21.0035842293907,5.8999,95,0.168467,9.37875,0.41875,2.91300251256281,0.1570365,34.55,0.154861111111111,1.65278,11.93465,0.663542620071984,1,0.0463507318839382,0.00224231198484207,0.178078481620148,1.08322981141486,0.387630001463128,0.882600469421692,0.49197397476715,0.116941370040857,1.32601343917181,3.75729059584185,14.926305971165,0.0621473337145624,5.5876371283912,0.21957546169713,6.58246702598952e-11,0.0286726329341234,14.5312405095403,0.0262250519838029,0.995151236192236,2.57474985366775,0.355751752726122,0.816708454841973,43.3476360809856,80.4956265366398,141.908666102666,0.840239999999991,1.67175778546711
122,GA,500,1,0.115435766184651,3.94418598402665,4.64235150199378,5.19760658095589,0.0674056902674009,0.00657727631074845,0.0159582170284738,0.00657727631074845,0.113343416142512,0.0685203081287785,0.0159582170284738,0.0685203081287785,0.0495362723034005,34.3432649217616,0.0534819263689826,0.0362,0,0.0692,0.01,0.203136,0.0997904,0.023302,0.0063786,0,0.235996,3.8,0.00673868,0.37515,0.0888888888888889,0,0.00628146,1.382,0,0.0661112,0.477386,0.345761666483293,0,1.44,12.1,0.4995,2.19,5.0784,2.49476,0.58255,0.159465,21.0035842293907,5.8999,95,0.168467,9.37875,0.41875,2.91300251256281,0.1570365,34.55,0.154861111111111,1.65278,11.93465,0.663542620071984,1,0.409746136141176,6.37162154736355e-19,0.113059523412167,1.06017610615735,0.737101348540604,0.428078780926549,0.460933950564368,0.138113997394413,5.49145287552449,1.01873307610047,13.5439675436616,0.0526620969576673,0.722304155257618,0.296078553084315,3.38313429216796e-15,0.0614831038734513,2.0796939731947,7.39463418642764e-20,0.361649712982071,3.99793853910387,0.46219916662503,0.660711659572347,39.2096353956605,113.902337566683,211.603047735936,0.840239999999991,1.67175778546711
122,GA,500,1,0.115435766184651,3.94418598402665,4.64235150199378,5.19760658095589,0.0674056902674009,0.00657727631074845,0.0159582170284738,0.00657727631074845,0.113343416142512,0.0685203081287785,0.0159582170284738,0.0685203081287785,0.0495362723034005,34.3432649217616,0.0285368121682724,0.0362,0,0.0692,0.01,0.203136,0.0997904,0.023302,0.0063786,0,0.235996,3.8,0.00673868,0.37515,0.0888888888888889,0,0.00628146,1.382,0,0.0661112,0.477386,0.345761666483293,0,1.44,12.1,0.4995,2.19,5.0784,2.49476,0.58255,0.159465,21.0035842293907,5.8999,95,0.168467,9.37875,0.41875,2.91300251256281,0.1570365,34.55,0.154861111111111,1.65278,11.93465,0.663542620071984,1,0.337874804223008,6.2879936978629e-18,0.250818380550198,0.157587581807599,0.416780880633115,1.27935837408454,0.106964210568871,0.0419109649742696,4.37977534906498,1.74161963230173,9.46747813167914,0.0510413062487021,1.74140048301238,0.12647110200761,2.23971559276952e-14,0.0306966742281059,9.30084855605617,1.20046451401648e-16,0.320544286302672,6.55857546741764,0.369146955385249,0.758511957981166,51.1870183265721,133.543287282864,227.246585849145,0.840239999999991,1.67175778546711
122,GA,500,0,0.115435766184651,3.94418598402665,4.64235150199378,5.19760658095589,0.0674056902674009,0.00657727631074845,0.0159582170284738,0.00657727631074845,0.113343416142512,0.0685203081287785,0.0159582170284738,0.0685203081287785,0.0495362723034005,34.3432649217616,0.0113217658946818,0.0362,0,0.0692,0.01,0.203136,0.0997904,0.023302,0.0063786,0,0.235996,3.8,0.00673868,0.37515,0.0888888888888889,0,0.00628146,1.382,0,0.0661112,0.477386,0.345761666483293,0,1.44,12.1,0.4995,2.19,5.0784,2.49476,0.58255,0.159465,21.0035842293907,5.8999,95,0.168467,9.37875,0.41875,2.91300251256281,0.1570365,34.55,0.154861111111111,1.65278,11.93465,0.663542620071984,1,0.37761354590067,1.37299261608059e-14,0.33554204560074,1.08322981141486,0.387630001463128,1.12395948825633,0.49197397476715,0.14687482971743,1.32601343917181,0.86975064501522,5.98824209110219,0.0648923444862926,3.88552556880721,0.112671916743538,6.58246702598952e-11,0.0286726329341234,10.5087260359772,0.00262250519838029,0.189665733937792,8.61789905600272,0.369146955385249,0.816708454841973,59.7163617065201,130.677629575026,219.721598336905,0.840239999999991,1.67175778546711
122,GA,500,1,0.115435766184651,3.94418598402665,4.64235150199378,5.19760658095589,0.0674056902674009,0.00657727631074845,0.0159582170284738,0.00657727631074845,0.113343416142512,0.0685203081287785,0.0159582170284738,0.0685203081287785,0.0495362723034005,34.3432649217616,0.0208994646364163,0.0362,0,0.0692,0.01,0.203136,0.0997904,0.023302,0.0063786,0,0.235996,3.8,0.00673868,0.37515,0.0888888888888889,0,0.00628146,1.382,0,0.0661112,0.477386,0.345761666483293,0,1.44,12.1,0.4995,2.19,5.0784,2.49476,0.58255,0.159465,21.0035842293907,5.8999,95,0.168467,9.37875,0.41875,2.91300251256281,0.1570365,34.55,0.154861111111111,1.65278,11.93465,0.663542620071984,1,0.846322127465164,1.37299261608059e-14,0.115179877493814,0.16538186588297,0.523260486075412,1.45160291364319,0.447718646133985,0.0706975216214114,7.56898553524094,1.04379568744073,5.98824209110219,0.0491137450021722,4.41960985970513,0.327015622095177,0.000103111509123934,0.134012083767732,10.9092882679503,3.73766423058633e-13,0.189665733937792,2.09251736849333,0.369146955385249,0.816708454841973,74.1586694689853,69.4804093928016,159.232368634063,0.840239999999991,1.67175778546711
122,GA,500,1,0.115435766184651,3.94418598402665,4.64235150199378,5.19760658095589,0.0674056902674009,0.00657727631074845,0.0159582170284738,0.00657727631074845,0.113343416142512,0.0685203081287785,0.0159582170284738,0.0685203081287785,0.0495362723034005,34.3432649217616,0.0263717331969207,0.0362,0,0.0692,0.01,0.203136,0.0997904,0.023302,0.0063786,0,0.235996,3.8,0.00673868,0.37515,0.0888888888888889,0,0.00628146,1.382,0,0.0661112,0.477386,0.345761666483293,0,1.44,12.1,0.4995,2.19,5.0784,2.49476,0.58255,0.159465,21.0035842293907,5.8999,95,0.168467,9.37875,0.41875,2.91300251256281,0.1570365,34.55,0.154861111111111,1.65278,11.93465,0.663542620071984,1,0.03872508626526,0.940131063132449,0.379716216609904,0.411598348772582,0.387630001463128,1.12395948825633,0.528079095117289,0.116941370040857,10.8926309164505,0.86975064501522,18.255782256651,0.037853667775077,1.77104160612104,0.21957546169713,4.81490788019457e-16,0.0286726329341234,2.51277614288806,8.45974464083687e-09,0.194516311085156,4.78321083217178,0.355751752726122,0.958933295004431,48.6650857806773,158.486804158948,213.939151228802,0.840239999999991,1.67175778546711
122,GA,500,1,0.115435766184651,3.94418598402665,4.64235150199378,5.19760658095589,0.0674056902674009,0.00657727631074845,0.0159582170284738,0.00657727631074845,0.113343416142512,0.0685203081287785,0.0159582170284738,0.0685203081287785,0.0495362723034005,34.3432649217616,0.110737583585063,0.0362,0,0.0692,0.01,0.203136,0.0997904,0.023302,0.0063786,0,0.235996,3.8,0.00673868,0.37515,0.0888888888888889,0,0.00628146,1.382,0,0.0661112,0.477386,0.345761666483293,0,1.44,12.1,0.4995,2.19,5.0784,2.49476,0.58255,0.159465,21.0035842293907,5.8999,95,0.168467,9.37875,0.41875,2.91300251256281,0.1570365,34.55,0.154861111111111,1.65278,11.93465,0.663542620071984,1,0.0433194100463836,6.85490059604685e-08,0.33554204560074,0.403940347586626,0.387630001463128,0.109747067282121,0.0765947091596555,0.0123453301286962,10.8926309164505,0.86975064501522,12.9498568945179,0.03980139721935,3.88552556880721,0.313007247632284,0.000441806033405704,0.048471069776101,8.47494283828582,3.13356372407745e-13,1.29606487869952,8.61789905600272,0.425376434642763,0.958933295004431,38.7824151591556,177.910496863513,224.312000783451,0.840239999999991,1.67175778546711
122,GA,500,1,0.115435766184651,3.94418598402665,4.64235150199378,5.19760658095589,0.0674056902674009,0.00657727631074845,0.0159582170284738,0.00657727631074845,0.113343416142512,0.0685203081287785,0.0159582170284738,0.0685203081287785,0.0495362723034005,34.3432649217616,0.210995432897257,0.0362,0,0.0692,0.01,0.203136,0.0997904,0.023302,0.0063786,0,0.235996,3.8,0.00673868,0.37515,0.0888888888888889,0,0.00628146,1.382,0,0.0661112,0.477386,0.345761666483293,0,1.44,12.1,0.4995,2.19,5.0784,2.49476,0.58255,0.159465,21.0035842293907,5.8999,95,0.168467,9.37875,0.41875,2.91300251256281,0.1570365,34.55,0.154861111111111,1.65278,11.93465,0.663542620071984,1,0.363479111087168,6.85490059604685e-08,0.379716216609904,1.19309889797858,0.812042234127727,0.634153152411786,0.437382911035942,0.0577263879409969,10.8926309164505,3.55390927023668,10.5575153830508,0.03980139721935,4.49982693123173,0.264282008785214,0.809494118959263,0.134589441100373,15.4309180351339,4.23135354067356e-05,1.29606487869952,3.36791779424044,0.617038772445126,0.668745151801258,48.0224890212923,76.8231059508584,162.898994284824,0.840239999999991,1.67175778546711
122,GA,500,1,0.115435766184651,3.94418598402665,4.64235150199378,5.19760658095589,0.0674056902674009,0.00657727631074845,0.0159582170284738,0.00657727631074845,0.113343416142512,0.0685203081287785,0.0159582170284738,0.0685203081287785,0.0495362723034005,34.3432649217616,0.0199826169956575,0.0362,0,0.0692,0.01,0.203136,0.0997904,0.023302,0.0063786,0,0.235996,3.8,0.00673868,0.37515,0.0888888888888889,0,0.00628146,1.382,0,0.0661112,0.477386,0.345761666483293,0,1.44,12.1,0.4995,2.19,5.0784,2.49476,0.58255,0.159465,21.0035842293907,5.8999,95,0.168467,9.37875,0.41875,2.91300251256281,0.1570365,34.55,0.154861111111111,1.65278,11.93465,0.663542620071984,1,0.037761354590067,7.52816989649467e-19,0.319039547719435,1.08322981141486,0.387630001463128,1.12395948825633,0.412243041651951,0.116941370040857,1.32601343917181,1.55255931578925,9.46747813167914,0.0506118819857661,3.88552556880721,0.21957546169713,4.65371225366025e-07,0.0286726329341234,8.47494283828582,0.0262250519838029,0.995151236192236,8.61789905600272,0.369146955385249,0.816708454841973,44.4137484998319,119.730958432449,191.015583858101,0.840239999999991,1.67175778546711
122,GA,500,0,0.115435766184651,3.94418598402665,4.64235150199378,5.19760658095589,0.0674056902674009,0.00657727631074845,0.0159582170284738,0.00657727631074845,0.113343416142512,0.0685203081287785,0.0159582170284738,0.0685203081287785,0.0495362723034005,34.3432649217616,0.0116464264457238,0.0362,0,0.0692,0.01,0.203136,0.0997904,0.023302,0.0063786,0,0.235996,3.8,0.00673868,0.37515,0.0888888888888889,0,0.00628146,1.382,0,0.0661112,0.477386,0.345761666483293,0,1.44,12.1,0.4995,2.19,5.0784,2.49476,0.58255,0.159465,21.0035842293907,5.8999,95,0.168467,9.37875,0.41875,2.91300251256281,0.1570365,34.55,0.154861111111111,1.65278,11.93465,0.663542620071984,1,0.037761354590067,3.60913569991961e-09,0.0961158346282183,0.403940347586626,0.387630001463128,1.12395948825633,0.2757295670651,0.116941370040857,2.88096957925371,2.10897562165758,14.926305971165,0.0168368221923206,1.49188181866287,0.12036548497557,1.68417308059653e-06,0.105141968929709,5.06121960051148,9.44481353917248e-12,0.886649381973208,0.507974383047029,0.347786375200467,0.816708454841973,49.0113093797188,175.387447787758,263.76046098694,0.840239999999991,1.67175778546711
122,GA,500,1,0.115435766184651,3.94418598402665,4.64235150199378,5.19760658095589,0.0674056902674009,0.00657727631074845,0.0159582170284738,0.00657727631074845,0.113343416142512,0.0685203081287785,0.0159582170284738,0.0685203081287785,0.0495362723034005,34.3432649217616,0.00494740851557888,0.0362,0,0.0692,0.01,0.203136,0.0997904,0.023302,0.0063786,0,0.235996,3.8,0.00673868,0.37515,0.0888888888888889,0,0.00628146,1.382,0,0.0661112,0.477386,0.345761666483293,0,1.44,12.1,0.4995,2.19,5.0784,2.49476,0.58255,0.159465,21.0035842293907,5.8999,95,0.168467,9.37875,0.41875,2.91300251256281,0.1570365,34.55,0.154861111111111,1.65278,11.93465,0.663542620071984,1,0.037761354590067,2.52766016549392e-10,0.33554204560074,1.08322981141486,0.387630001463128,1.12395948825633,0.49197397476715,0.0811289049218722,1.32601343917181,0.86975064501522,14.926305971165,0.0648923444862926,3.88552556880721,0.21957546169713,6.58246702598952e-11,0.134012083767732,10.5087260359772,0.00262250519838029,0.995151236192236,8.61789905600272,0.355751752726122,0.816708454841973,58.22503826343,75.068396005958,150.140819912199,0.840239999999991,1.67175778546711
122,GA,500,0,0.115435766184651,3.94418598402665,4.64235150199378,5.19760658095589,0.0674056902674009,0.00657727631074845,0.0159582170284738,0.00657727631074845,0.113343416142512,0.0685203081287785,0.0159582170284738,0.0685203081287785,0.0495362723034005,34.3432649217616,0.0136120082015133,0.0362,0,0.0692,0.01,0.203136,0.0997904,0.023302,0.0063786,0,0.235996,3.8,0.00673868,0.37515,0.0888888888888889,0,0.00628146,1.382,0,0.0661112,0.477386,0.345761666483293,0,1.44,12.1,0.4995,2.19,5.0784,2.49476,0.58255,0.159465,21.0035842293907,5.8999,95,0.168467,9.37875,0.41875,2.91300251256281,0.1570365,34.55,0.154861111111111,1.65278,11.93465,0.663542620071984,1,0.287624525686122,1.37299261608059e-14,0.106675703561767,1.08322981141486,0.387630001463128,0.138662106678765,0.41732765724745,0.0897190927538993,10.8926309164505,1.04379568744073,5.98824209110219,0.0606651981040626,4.41960985970513,0.112671916743538,2.07860579025522e-07,0.0831445859145277,10.5087260359772,0.0262250519838029,0.0994661599162918,3.36791779424044,0.35421127265183,0.816708454841973,71.1643239071943,91.5826478957604,183.300603815648,0.840239999999991,1.67175778546711
122,GA,500,1,0.115435766184651,3.94418598402665,4.64235150199378,5.19760658095589,0.0674056902674009,0.00657727631074845,0.0159582170284738,0.00657727631074845,0.113343416142512,0.0685203081287785,0.0159582170284738,0.0685203081287785,0.0495362723034005,34.3432649217616,0.0387926753902504,0.0362,0,0.0692,0.01,0.203136,0.0997904,0.023302,0.0063786,0,0.235996,3.8,0.00673868,0.37515,0.0888888888888889,0,0.00628146,1.382,0,0.0661112,0.477386,0.345761666483293,0,1.44,12.1,0.4995,2.19,5.0784,2.49476,0.58255,0.159465,21.0035842293907,5.8999,95,0.168467,9.37875,0.41875,2.91300251256281,0.1570365,34.55,0.154861111111111,1.65278,11.93465,0.663542620071984,1,0.10418993561088,1.37299261608059e-14,0.106675703561767,0.204986863545088,0.546210626633476,0.907940817336472,0.197590703907433,0.0539197133096094,2.74406241755441,1.04379568744073,7.2996286782976,0.0346143824733163,6.23403007301814,0.301972618290376,0.000906916338668913,0.0134012083767732,10.5087260359772,7.05297851977842e-08,0.468223357555741,2.09251736849333,0.369146955385249,0.816708454841973,44.1682688232322,60.8419553491764,118.664810384013,0.840239999999991,1.67175778546711
122,GA,500,0,0.115435766184651,3.94418598402665,4.64235150199378,5.19760658095589,0.0674056902674009,0.00657727631074845,0.0159582170284738,0.00657727631074845,0.113343416142512,0.0685203081287785,0.0159582170284738,0.0685203081287785,0.0495362723034005,34.3432649217616,0.00705706041845174,0.0362,0,0.0692,0.01,0.203136,0.0997904,0.023302,0.0063786,0,0.235996,3.8,0.00673868,0.37515,0.0888888888888889,0,0.00628146,1.382,0,0.0661112,0.477386,0.345761666483293,0,1.44,12.1,0.4995,2.19,5.0784,2.49476,0.58255,0.159465,21.0035842293907,5.8999,95,0.168467,9.37875,0.41875,2.91300251256281,0.1570365,34.55,0.154861111111111,1.65278,11.93465,0.663542620071984,1,0.037761354590067,7.2493608402609e-11,0.33554204560074,1.08322981141486,0.387630001463128,1.12395948825633,0.49197397476715,0.116941370040857,1.32601343917181,0.86975064501522,14.926305971165,0.0506118819857661,3.88552556880721,0.21957546169713,6.58246702598952e-11,0.0286726329341234,8.47494283828582,0.00262250519838029,0.995151236192236,8.61789905600272,0.355751752726122,0.816708454841973,51.1923636767653,110.034779877953,185.921934829844,0.840239999999991,1.67175778546711
122,GA,500,1,0.115435766184651,3.94418598402665,4.64235150199378,5.19760658095589,0.0674056902674009,0.00657727631074845,0.0159582170284738,0.00657727631074845,0.113343416142512,0.0685203081287785,0.0159582170284738,0.0685203081287785,0.0495362723034005,34.3432649217616,0.017925984926829,0.0362,0,0.0692,0.01,0.203136,0.0997904,0.023302,0.0063786,0,0.235996,3.8,0.00673868,0.37515,0.0888888888888889,0,0.00628146,1.382,0,0.0661112,0.477386,0.345761666483293,0,1.44,12.1,0.4995,2.19,5.0784,2.49476,0.58255,0.159465,21.0035842293907,5.8999,95,0.168467,9.37875,0.41875,2.91300251256281,0.1570365,34.55,0.154861111111111,1.65278,11.93465,0.663542620071984,1,0.415694897742659,0.0137907693306426,0.286001210500044,0.0774361707992593,0.805841511665759,0.219686961282793,0.160579117552169,0.023670096570063,7.76486956270087,1.09440096826138,28.4255254605748,0.0168368221923206,1.89095554856611,0.160819095942175,1.19293531101949e-09,0.0181845111044066,15.350831999918,1.57719450320267e-17,0.248165136781965,0.777949614634188,0.608031652628201,0.747291354229341,73.8026754858829,122.125869925812,237.227381572248,0.840239999999991,1.67175778546711
122,GA,500,1,0.115435766184651,3.94418598402665,4.64235150199378,5.19760658095589,0.0674056902674009,0.00657727631074845,0.0159582170284738,0.00657727631074845,0.113343416142512,0.0685203081287785,0.0159582170284738,0.0685203081287785,0.0495362723034005,34.3432649217616,0.0487786899133289,0.0362,0,0.0692,0.01,0.203136,0.0997904,0.023302,0.0063786,0,0.235996,3.8,0.00673868,0.37515,0.0888888888888889,0,0.00628146,1.382,0,0.0661112,0.477386,0.345761666483293,0,1.44,12.1,0.4995,2.19,5.0784,2.49476,0.58255,0.159465,21.0035842293907,5.8999,95,0.168467,9.37875,0.41875,2.91300251256281,0.1570365,34.55,0.154861111111111,1.65278,11.93465,0.663542620071984,1,0.037761354590067,7.2493608402609e-11,0.33554204560074,0.187025776109526,4.5523479541494,1.61561660236559,0.217097568982365,0.116941370040857,8.39160435770747,1.68033744834454,9.36914114799649,0.0506118819857661,3.88552556880721,0.21957546169713,0.000156043204089122,0.0286726329341234,8.47494283828582,0.0262250519838029,1.4422577507824,5.46927268153819,0.355751752726122,0.816708454841973,49.3061638281143,47.5722275841636,107.554890533617,0.840239999999991,1.67175778546711
122,GA,500,0,0.115435766184651,3.94418598402665,4.64235150199378,5.19760658095589,0.0674056902674009,0.00657727631074845,0.0159582170284738,0.00657727631074845,0.113343416142512,0.0685203081287785,0.0159582170284738,0.0685203081287785,0.0495362723034005,34.3432649217616,0.0102254571228423,0.0362,0,0.0692,0.01,0.203136,0.0997904,0.023302,0.0063786,0,0.235996,3.8,0.00673868,0.37515,0.0888888888888889,0,0.00628146,1.382,0,0.0661112,0.477386,0.345761666483293,0,1.44,12.1,0.4995,2.19,5.0784,2.49476,0.58255,0.159465,21.0035842293907,5.8999,95,0.168467,9.37875,0.41875,2.91300251256281,0.1570365,34.55,0.154861111111111,1.65278,11.93465,0.663542620071984,1,0.913381268467511,8.25858541745726e-07,0.484352991439676,1.39972485971381,0.387630001463128,1.12395948825633,0.555404410358929,0.116941370040857,20.8744843504647,3.29273991650781,14.926305971165,0.0506118819857661,4.20537422599128,0.121518053337472,6.58246702598952e-11,0.0286726329341234,8.47494283828582,2.10757209920929e-20,0.417112344629449,2.61815731834484,0.572167066208733,0.816708454841973,34.0094805405047,188.703339948839,265.062971942589,0.840239999999991,1.67175778546711
122,GA,500,1,0.115435766184651,3.94418598402665,4.64235150199378,5.19760658095589,0.0674056902674009,0.00657727631074845,0.0159582170284738,0.00657727631074845,0.113343416142512,0.0685203081287785,0.0159582170284738,0.0685203081287785,0.0495362723034005,34.3432649217616,0.0146066405402211,0.0362,0,0.0692,0.01,0.203136,0.0997904,0.023302,0.0063786,0,0.235996,3.8,0.00673868,0.37515,0.0888888888888889,0,0.00628146,1.382,0,0.0661112,0.477386,0.345761666483293,0,1.44,12.1,0.4995,2.19,5.0784,2.49476,0.58255,0.159465,21.0035842293907,5.8999,95,0.168467,9.37875,0.41875,2.91300251256281,0.1570365,34.55,0.154861111111111,1.65278,11.93465,0.663542620071984,1,0.846322127465164,7.2493608402609e-11,0.121019718782115,0.186167452989518,0.387630001463128,1.12395948825633,0.49197397476715,0.116941370040857,4.83179188799018,3.10909340726647,7.1271718131986,0.0133022055842234,1.46311206218709,0.21957546169713,6.58246702598952e-11,0.0286726329341234,5.06121960051148,0.0301820525749473,0.203729210459424,8.01624434987282,0.478908930359068,0.816708454841973,44.7670460958208,141.35463926877,217.845503200958,0.840239999999991,1.67175778546711
122,GA,500,1,0.115435766184651,3.94418598402665,4.64235150199378,5.19760658095589,0.0674056902674009,0.00657727631074845,0.0159582170284738,0.00657727631074845,0.113343416142512,0.0685203081287785,0.0159582170284738,0.0685203081287785,0.0495362723034005,34.3432649217616,0.0553992368307138,0.0362,0,0.0692,0.01,0.203136,0.0997904,0.023302,0.0063786,0,0.235996,3.8,0.00673868,0.37515,0.0888888888888889,0,0.00628146,1.382,0,0.0661112,0.477386,0.345761666483293,0,1.44,12.1,0.4995,2.19,5.0784,2.49476,0.58255,0.159465,21.0035842293907,5.8999,95,0.168467,9.37875,0.41875,2.91300251256281,0.1570365,34.55,0.154861111111111,1.65278,11.93465,0.663542620071984,1,1.02498647206923,6.85490059604685e-08,0.319039547719435,0.403940347586626,1.51716110912304,0.493571251311567,0.437382911035942,0.046713876892349,6.31551340487285,2.15477027427159,34.8173030877224,0.0592439704663513,3.49710540795989,0.112645176114433,5.11370302002197e-05,0.0253262035588987,15.4309180351339,1.2010406730947e-13,1.29606487869952,1.3045839696864,0.591739862258238,0.958933295004431,64.6804673450297,94.9713593978703,163.719013501081,0.840239999999991,1.67175778546711
122,GA,500,1,0.115435766184651,3.94418598402665,4.64235150199378,5.19760658095589,0.0674056902674009,0.00657727631074845,0.0159582170284738,0.00657727631074845,0.113343416142512,0.0685203081287785,0.0159582170284738,0.0685203081287785,0.0495362723034005,34.3432649217616,0.0426048015950317,0.0362,0,0.0692,0.01,0.203136,0.0997904,0.023302,0.0063786,0,0.235996,3.8,0.00673868,0.37515,0.0888888888888889,0,0.00628146,1.382,0,0.0661112,0.477386,0.345761666483293,0,1.44,12.1,0.4995,2.19,5.0784,2.49476,0.58255,0.159465,21.0035842293907,5.8999,95,0.168467,9.37875,0.41875,2.91300251256281,0.1570365,34.55,0.154861111111111,1.65278,11.93465,0.663542620071984,1,0.582683501613331,4.24768382833096e-15,0.239919977357982,1.08322981141486,0.387630001463128,0.558146291259839,0.41732765724745,0.14687482971743,1.32601343917181,1.44873097982681,6.85502581168269,0.0648923444862926,4.41960985970513,0.112671916743538,6.58246702598952e-11,0.134012083767732,10.5087260359772,0.0262250519838029,0.407822343390313,2.09251736849333,0.42448203057904,0.816708454841973,48.0192867099302,138.191685834224,217.224937777866,0.840239999999991,1.67175778546711
122,GA,500,1,0.115435766184651,3.94418598402665,4.64235150199378,5.19760658095589,0.0674056902674009,0.00657727631074845,0.0159582170284738,0.00657727631074845,0.113343416142512,0.0685203081287785,0.0159582170284738,0.0685203081287785,0.0495362723034005,34.3432649217616,0.0411942522655319,0.0362,0,0.0692,0.01,0.203136,0.0997904,0.023302,0.0063786,0,0.235996,3.8,0.00673868,0.37515,0.0888888888888889,0,0.00628146,1.382,0,0.0661112,0.477386,0.345761666483293,0,1.44,12.1,0.4995,2.19,5.0784,2.49476,0.58255,0.159465,21.0035842293907,5.8999,95,0.168467,9.37875,0.41875,2.91300251256281,0.1570365,34.55,0.154861111111111,1.65278,11.93465,0.663542620071984,1,0.037761354590067,2.11015958122419e-17,0.106675703561767,1.95004077256936,0.387630001463128,1.12395948825633,0.41732765724745,0.116941370040857,5.90790648835231,1.04379568744073,14.926305971165,0.0506118819857661,3.88552556880721,0.112671916743538,4.65371225366025e-07,0.0286726329341234,8.47494283828582,0.0262250519838029,0.189665733937792,2.09251736849333,0.369146955385249,0.816708454841973,54.3269787059682,155.07770212117,244.208326452241,0.840239999999991,1.67175778546711
122,GA,500,1,0.115435766184651,3.94418598402665,4.64235150199378,5.19760658095589,0.0674056902674009,0.00657727631074845,0.0159582170284738,0.00657727631074845,0.113343416142512,0.0685203081287785,0.0159582170284738,0.0685203081287785,0.0495362723034005,34.3432649217616,0.0226211430450595,0.0362,0,0.0692,0.01,0.203136,0.0997904,0.023302,0.0063786,0,0.235996,3.8,0.00673868,0.37515,0.0888888888888889,0,0.00628146,1.382,0,0.0661112,0.477386,0.345761666483293,0,1.44,12.1,0.4995,2.19,5.0784,2.49476,0.58255,0.159465,21.0035842293907,5.8999,95,0.168467,9.37875,0.41875,2.91300251256281,0.1570365,34.55,0.154861111111111,1.65278,11.93465,0.663542620071984,1,0.37761354590067,1.37299261608059e-14,0.33554204560074,1.08322981141486,0.387630001463128,1.12395948825633,0.41732765724745,0.14687482971743,1.32601343917181,1.04379568744073,5.98824209110219,0.0648923444862926,3.88552556880721,0.21957546169713,2.07860579025522e-08,0.0134012083767732,10.5087260359772,0.0262250519838029,0.189665733937792,2.09251736849333,0.369146955385249,0.816708454841973,55.8762292926429,127.228754340321,211.658569472945,0.840239999999991,1.67175778546711
122,GA,500,1,0.115435766184651,3.94418598402665,4.64235150199378,5.19760658095589,0.0674056902674009,0.00657727631074845,0.0159582170284738,0.00657727631074845,0.113343416142512,0.0685203081287785,0.0159582170284738,0.0685203081287785,0.0495362723034005,34.3432649217616,0.0636309572984305,0.0362,0,0.0692,0.01,0.203136,0.0997904,0.023302,0.0063786,0,0.235996,3.8,0.00673868,0.37515,0.0888888888888889,0,0.00628146,1.382,0,0.0661112,0.477386,0.345761666483293,0,1.44,12.1,0.4995,2.19,5.0784,2.49476,0.58255,0.159465,21.0035842293907,5.8999,95,0.168467,9.37875,0.41875,2.91300251256281,0.1570365,34.55,0.154861111111111,1.65278,11.93465,0.663542620071984,1,0.0511071195324601,6.35670684069668e-06,0.349513776964365,1.74278582980647,0.387630001463128,0.763365629576978,0.49197397476715,0.0151141930675403,0.0353231313351354,0.86975064501522,15.0517195964132,0.0192763124463403,3.88552556880721,0.21957546169713,6.58246702598952e-11,0.0134012083767732,8.47494283828582,0.00109693314538489,0.995151236192236,8.01624434987282,0.355751752726122,0.816708454841973,36.5783653850631,87.7897521656624,144.070520811137,0.840239999999991,1.67175778546711
122,GA,500,1,0.115435766184651,3.94418598402665,4.64235150199378,5.19760658095589,0.0674056902674009,0.00657727631074845,0.0159582170284738,0.00657727631074845,0.113343416142512,0.0685203081287785,0.0159582170284738,0.0685203081287785,0.0495362723034005,34.3432649217616,0.015075029160797,0.0362,0,0.0692,0.01,0.203136,0.0997904,0.023302,0.0063786,0,0.235996,3.8,0.00673868,0.37515,0.0888888888888889,0,0.00628146,1.382,0,0.0661112,0.477386,0.345761666483293,0,1.44,12.1,0.4995,2.19,5.0784,2.49476,0.58255,0.159465,21.0035842293907,5.8999,95,0.168467,9.37875,0.41875,2.91300251256281,0.1570365,34.55,0.154861111111111,1.65278,11.93465,0.663542620071984,1,0.325032270570951,6.85490059604685e-08,0.147317714570313,0.84745896001386,1.65259867218287,1.02099603855866,0.437382911035942,0.0582552351938185,0.833300095514468,0.512485638195356,25.4442697678591,0.0481444305343451,2.56289163342466,0.112645176114433,6.58246702598952e-11,0.148266687936661,8.78266817544753,2.78007485422863e-12,0.995151236192236,8.48455462585815,0.368178919942555,0.816708454841973,67.9335370472465,75.4689272088591,160.339739972453,0.840239999999991,1.67175778546711
122,GA,500,0,0.115435766184651,3.94418598402665,4.64235150199378,5.19760658095589,0.0674056902674009,0.00657727631074845,0.0159582170284738,0.00657727631074845,0.113343416142512,0.0685203081287785,0.0159582170284738,0.0685203081287785,0.0495362723034005,34.3432649217616,2.78733697672258e-18,0.0362,0,0.0692,0.01,0.203136,0.0997904,0.023302,0.0063786,0,0.235996,3.8,0.00673868,0.37515,0.0888888888888889,0,0.00628146,1.382,0,0.0661112,0.477386,0.345761666483293,0,1.44,12.1,0.4995,2.19,5.0784,2.49476,0.58255,0.159465,21.0035842293907,5.8999,95,0.168467,9.37875,0.41875,2.91300251256281,0.1570365,34.55,0.154861111111111,1.65278,11.93465,0.663542620071984,1,0.37761354590067,1.37299261608059e-14,0.106675703561767,1.08322981141486,0.387630001463128,1.12395948825633,0.41732765724745,0.14687482971743,1.32601343917181,1.04379568744073,5.98824209110219,0.0648923444862926,4.41960985970513,0.112671916743538,2.07860579025522e-08,0.0134012083767732,10.5087260359772,0.0262250519838029,0.189665733937792,2.09251736849333,0.369146955385249,0.816708454841973,50.4649312634182,103.655783187877,177.383885724265,0.840239999999991,1.67175778546711
122,GA,500,0,0.115435766184651,3.94418598402665,4.64235150199378,5.19760658095589,0.0674056902674009,0.00657727631074845,0.0159582170284738,0.00657727631074845,0.113343416142512,0.0685203081287785,0.0159582170284738,0.0685203081287785,0.0495362723034005,34.3432649217616,0.0185501713960191,0.0362,0,0.0692,0.01,0.203136,0.0997904,0.023302,0.0063786,0,0.235996,3.8,0.00673868,0.37515,0.0888888888888889,0,0.00628146,1.382,0,0.0661112,0.477386,0.345761666483293,0,1.44,12.1,0.4995,2.19,5.0784,2.49476,0.58255,0.159465,21.0035842293907,5.8999,95,0.168467,9.37875,0.41875,2.91300251256281,0.1570365,34.55,0.154861111111111,1.65278,11.93465,0.663542620071984,1,0.521462077808158,1.37299261608059e-14,0.0985908471277979,0.0969798347475094,0.387630001463128,0.82978549435813,0.186774851414092,0.108862297635958,0.642827438621109,1.04379568744073,5.98824209110219,0.03980139721935,3.45782403063766,0.112671916743538,2.07860579025522e-07,0.134012083767732,10.5087260359772,0.0262250519838029,0.695691728678829,2.09251736849333,0.353005293519043,0.958933295004431,51.5422334999336,146.489059362234,204.304745892996,0.840239999999991,1.67175778546711
122,GA,500,0,0.115435766184651,3.94418598402665,4.64235150199378,5.19760658095589,0.0674056902674009,0.00657727631074845,0.0159582170284738,0.00657727631074845,0.113343416142512,0.0685203081287785,0.0159582170284738,0.0685203081287785,0.0495362723034005,34.3432649217616,0.011430408850617,0.0362,0,0.0692,0.01,0.203136,0.0997904,0.023302,0.0063786,0,0.235996,3.8,0.00673868,0.37515,0.0888888888888889,0,0.00628146,1.382,0,0.0661112,0.477386,0.345761666483293,0,1.44,12.1,0.4995,2.19,5.0784,2.49476,0.58255,0.159465,21.0035842293907,5.8999,95,0.168467,9.37875,0.41875,2.91300251256281,0.1570365,34.55,0.154861111111111,1.65278,11.93465,0.663542620071984,1,0.037761354590067,7.2493608402609e-11,0.33554204560074,1.08322981141486,1.1785147851768,1.27935837408454,0.41732765724745,0.0576827980048167,5.90790648835231,0.86975064501522,14.926305971165,0.0192763124463403,1.84974606996705,0.21957546169713,0.109181512313709,0.0362479440393882,8.47494283828582,0.00262250519838029,0.0995151236192236,8.01624434987282,0.574096774166235,0.816708454841973,60.7402624610918,135.074527526467,226.129180288082,0.840239999999991,1.67175778546711
122,GA,500,0,0.115435766184651,3.94418598402665,4.64235150199378,5.19760658095589,0.0674056902674009,0.00657727631074845,0.0159582170284738,0.00657727631074845,0.113343416142512,0.0685203081287785,0.0159582170284738,0.0685203081287785,0.0495362723034005,34.3432649217616,0.0207664551562299,0.0362,0,0.0692,0.01,0.203136,0.0997904,0.023302,0.0063786,0,0.235996,3.8,0.00673868,0.37515,0.0888888888888889,0,0.00628146,1.382,0,0.0661112,0.477386,0.345761666483293,0,1.44,12.1,0.4995,2.19,5.0784,2.49476,0.58255,0.159465,21.0035842293907,5.8999,95,0.168467,9.37875,0.41875,2.91300251256281,0.1570365,34.55,0.154861111111111,1.65278,11.93465,0.663542620071984,1,0.037761354590067,1.01575353823747e-10,0.379716216609904,1.08322981141486,0.537354415707005,1.12395948825633,0.37644961902334,0.14687482971743,10.8926309164505,1.04379568744073,5.98824209110219,0.03980139721935,5.13153400797091,0.264282008785214,0.809494118959263,0.0452013759180829,15.4309180351339,4.23135354067356e-05,1.29606487869952,2.09251736849333,0.612419483874119,0.816708454841973,63.4788602353782,146.597057137483,242.976276073749,0.840239999999991,1.67175778546711
122,GA,500,0,0.115435766184651,3.94418598402665,4.64235150199378,5.19760658095589,0.0674056902674009,0.00657727631074845,0.0159582170284738,0.00657727631074845,0.113343416142512,0.0685203081287785,0.0159582170284738,0.0685203081287785,0.0495362723034005,34.3432649217616,0.016640899886958,0.0362,0,0.0692,0.01,0.203136,0.0997904,0.023302,0.0063786,0,0.235996,3.8,0.00673868,0.37515,0.0888888888888889,0,0.00628146,1.382,0,0.0661112,0.477386,0.345761666483293,0,1.44,12.1,0.4995,2.19,5.0784,2.49476,0.58255,0.159465,21.0035842293907,5.8999,95,0.168467,9.37875,0.41875,2.91300251256281,0.1570365,34.55,0.154861111111111,1.65278,11.93465,0.663542620071984,1,0.913381268467511,2.14606873743604e-14,0.102171066598616,1.08322981141486,0.264655760799285,1.12395948825633,0.555404410358929,0.0182177042265205,6.0729948551954,1.10872920168068,14.926305971165,0.0506118819857661,3.88552556880721,0.33351382135523,6.58246702598952e-11,0.048471069776101,8.47494283828582,0.0262250519838029,0.468223357555741,2.09251736849333,0.369146955385249,0.816708454841973,56.8309729617239,57.3606458038332,127.064904622113,0.840239999999991,1.67175778546711
122,GA,500,0,0.115435766184651,3.94418598402665,4.64235150199378,5.19760658095589,0.0674056902674009,0.00657727631074845,0.0159582170284738,0.00657727631074845,0.113343416142512,0.0685203081287785,0.0159582170284738,0.0685203081287785,0.0495362723034005,34.3432649217616,0.013008462961593,0.0362,0,0.0692,0.01,0.203136,0.0997904,0.023302,0.0063786,0,0.235996,3.8,0.00673868,0.37515,0.0888888888888889,0,0.00628146,1.382,0,0.0661112,0.477386,0.345761666483293,0,1.44,12.1,0.4995,2.19,5.0784,2.49476,0.58255,0.159465,21.0035842293907,5.8999,95,0.168467,9.37875,0.41875,2.91300251256281,0.1570365,34.55,0.154861111111111,1.65278,11.93465,0.663542620071984,1,0.03872508626526,0.125783288239609,0.101992598978881,1.08322981141486,0.439612466735505,0.82978549435813,0.319973590482319,0.0582552351938185,2.63208927765504,0.409910991673812,14.926305971165,0.0176944881754276,2.02418040879517,0.21957546169713,2.13832222689506e-18,0.00930287724810679,6.41573990044779,0.0262250519838029,0.468223357555741,1.21723686055953,0.355751752726122,0.816708454841973,64.876172768758,168.990791329174,271.793084583847,0.840239999999991,1.67175778546711
122,GA,500,1,0.115435766184651,3.94418598402665,4.64235150199378,5.19760658095589,0.0674056902674009,0.00657727631074845,0.0159582170284738,0.00657727631074845,0.113343416142512,0.0685203081287785,0.0159582170284738,0.0685203081287785,0.0495362723034005,34.3432649217616,0.022425134859322,0.0362,0,0.0692,0.01,0.203136,0.0997904,0.023302,0.0063786,0,0.235996,3.8,0.00673868,0.37515,0.0888888888888889,0,0.00628146,1.382,0,0.0661112,0.477386,0.345761666483293,0,1.44,12.1,0.4995,2.19,5.0784,2.49476,0.58255,0.159465,21.0035842293907,5.8999,95,0.168467,9.37875,0.41875,2.91300251256281,0.1570365,34.55,0.154861111111111,1.65278,11.93465,0.663542620071984,1,0.519334856806983,1.86864633394185e-10,0.33554204560074,1.08322981141486,0.264655760799285,0.570857256763282,0.393330823096134,0.116941370040857,1.32601343917181,0.51780760349557,23.7252760407179,0.0506118819857661,3.88552556880721,0.21957546169713,3.41276552404286e-07,0.0219829603878507,8.47494283828582,0.0262250519838029,1.31447649649435,8.61789905600272,0.355751752726122,0.816708454841973,51.8502987138584,174.550677076062,265.574885549238,0.840239999999991,1.67175778546711
122,GA,500,1,0.115435766184651,3.94418598402665,4.64235150199378,5.19760658095589,0.0674056902674009,0.00657727631074845,0.0159582170284738,0.00657727631074845,0.113343416142512,0.0685203081287785,0.0159582170284738,0.0685203081287785,0.0495362723034005,34.3432649217616,0.0749506978548151,0.0362,0,0.0692,0.01,0.203136,0.0997904,0.023302,0.0063786,0,0.235996,3.8,0.00673868,0.37515,0.0888888888888889,0,0.00628146,1.382,0,0.0661112,0.477386,0.345761666483293,0,1.44,12.1,0.4995,2.19,5.0784,2.49476,0.58255,0.159465,21.0035842293907,5.8999,95,0.168467,9.37875,0.41875,2.91300251256281,0.1570365,34.55,0.154861111111111,1.65278,11.93465,0.663542620071984,1,1.02498647206923,0.00039895790968723,0.390952463826241,0.117872872448999,0.690418307525937,0.374901023921699,0.34926025908368,0.0339657531133412,17.5895024076994,1.17919580785529,14.926305971165,0.0157185361786953,0.601648642415594,0.21957546169713,7.10870042973419e-11,0.00895170201068053,10.5087260359772,2.28734501194676e-21,0.690932551412104,1.39271522272493,0.356827814960136,0.816708454841973,73.2778322918024,157.12012092144,265.659973054434,0.840239999999991,1.67175778546711
122,GA,500,0,0.115435766184651,3.94418598402665,4.64235150199378,5.19760658095589,0.0674056902674009,0.00657727631074845,0.0159582170284738,0.00657727631074845,0.113343416142512,0.0685203081287785,0.0159582170284738,0.0685203081287785,0.0495362723034005,34.3432649217616,0.0242301137216305,0.0362,0,0.0692,0.01,0.203136,0.0997904,0.023302,0.0063786,0,0.235996,3.8,0.00673868,0.37515,0.0888888888888889,0,0.00628146,1.382,0,0.0661112,0.477386,0.345761666483293,0,1.44,12.1,0.4995,2.19,5.0784,2.49476,0.58255,0.159465,21.0035842293907,5.8999,95,0.168467,9.37875,0.41875,2.91300251256281,0.1570365,34.55,0.154861111111111,1.65278,11.93465,0.663542620071984,1,0.37761354590067,4.93029447830157e-09,0.259125104969854,0.131657833636732,0.387630001463128,0.182047220284887,0.131749069090302,0.0215575511429008,1.32601343917181,0.318725922274698,10.1740912829591,0.0828297811209294,3.88552556880721,0.21957546169713,0.00029644168538526,0.0134012083767732,10.5087260359772,0.0262250519838029,0.625578117707173,7.66446638396022,0.449988906644536,0.958933295004431,54.4710511357226,93.2081606298886,151.67088882564,0.840239999999991,1.67175778546711
122,GA,500,1,0.115435766184651,3.94418598402665,4.64235150199378,5.19760658095589,0.0674056902674009,0.00657727631074845,0.0159582170284738,0.00657727631074845,0.113343416142512,0.0685203081287785,0.0159582170284738,0.0685203081287785,0.0495362723034005,34.3432649217616,0.0146033525444861,0.0362,0,0.0692,0.01,0.203136,0.0997904,0.023302,0.0063786,0,0.235996,3.8,0.00673868,0.37515,0.0888888888888889,0,0.00628146,1.382,0,0.0661112,0.477386,0.345761666483293,0,1.44,12.1,0.4995,2.19,5.0784,2.49476,0.58255,0.159465,21.0035842293907,5.8999,95,0.168467,9.37875,0.41875,2.91300251256281,0.1570365,34.55,0.154861111111111,1.65278,11.93465,0.663542620071984,1,0.508871063422381,1.37299261608059e-14,0.106675703561767,1.08322981141486,0.387630001463128,1.02099603855866,0.49197397476715,0.0811289049218722,5.0164151770343,0.512485638195356,25.4442697678591,0.0367623215560257,4.41960985970513,0.21957546169713,6.58246702598952e-11,0.121417845926654,10.5087260359772,9.44481353917248e-12,0.468223357555741,8.61789905600272,0.355751752726122,0.816708454841973,75.6723684802447,125.313364287638,229.10945309067,0.840239999999991,1.67175778546711
122,GA,500,0,0.115435766184651,3.94418598402665,4.64235150199378,5.19760658095589,0.0674056902674009,0.00657727631074845,0.0159582170284738,0.00657727631074845,0.113343416142512,0.0685203081287785,0.0159582170284738,0.0685203081287785,0.0495362723034005,34.3432649217616,0.00487671519188168,0.0362,0,0.0692,0.01,0.203136,0.0997904,0.023302,0.0063786,0,0.235996,3.8,0.00673868,0.37515,0.0888888888888889,0,0.00628146,1.382,0,0.0661112,0.477386,0.345761666483293,0,1.44,12.1,0.4995,2.19,5.0784,2.49476,0.58255,0.159465,21.0035842293907,5.8999,95,0.168467,9.37875,0.41875,2.91300251256281,0.1570365,34.55,0.154861111111111,1.65278,11.93465,0.663542620071984,1,0.508871063422381,2.81633336519399e-06,0.0754893241902208,0.0579019513167334,0.374289070832957,1.64933065575545,0.49197397476715,0.0811289049218722,5.0164151770343,0.253762556834221,25.4442697678591,0.0127661405723222,4.41960985970513,0.24105353424909,2.23971559276952e-13,0.00640855132126961,1.82007944903565,2.78007485422863e-12,0.494334151489724,6.8839903158064,0.369146955385249,0.816708454841973,37.2011917949755,108.662508096922,170.250516131831,0.840239999999991,1.67175778546711
122,GA,500,1,0.115435766184651,3.94418598402665,4.64235150199378,5.19760658095589,0.0674056902674009,0.00657727631074845,0.0159582170284738,0.00657727631074845,0.113343416142512,0.0685203081287785,0.0159582170284738,0.0685203081287785,0.0495362723034005,34.3432649217616,0.0215321892144015,0.0362,0,0.0692,0.01,0.203136,0.0997904,0.023302,0.0063786,0,0.235996,3.8,0.00673868,0.37515,0.0888888888888889,0,0.00628146,1.382,0,0.0661112,0.477386,0.345761666483293,0,1.44,12.1,0.4995,2.19,5.0784,2.49476,0.58255,0.159465,21.0035842293907,5.8999,95,0.168467,9.37875,0.41875,2.91300251256281,0.1570365,34.55,0.154861111111111,1.65278,11.93465,0.663542620071984,1,0.037761354590067,2.99353288963675e-14,0.488772273996567,1.39972485971381,0.387630001463128,0.551785371879522,0.49197397476715,0.0521526063278319,1.32601343917181,3.29273991650781,14.926305971165,0.0506118819857661,3.88552556880721,0.21957546169713,1.57436496162661e-11,0.0286726329341234,12.8058992501938,2.10757209920929e-19,0.417112344629449,2.61815731834484,0.572167066208733,0.816708454841973,50.0367745597834,89.9679265405119,160.195945812541,0.840239999999991,1.67175778546711
122,GA,500,1,0.115435766184651,3.94418598402665,4.64235150199378,5.19760658095589,0.0674056902674009,0.00657727631074845,0.0159582170284738,0.00657727631074845,0.113343416142512,0.0685203081287785,0.0159582170284738,0.0685203081287785,0.0495362723034005,34.3432649217616,0.0297074612784124,0.0362,0,0.0692,0.01,0.203136,0.0997904,0.023302,0.0063786,0,0.235996,3.8,0.00673868,0.37515,0.0888888888888889,0,0.00628146,1.382,0,0.0661112,0.477386,0.345761666483293,0,1.44,12.1,0.4995,2.19,5.0784,2.49476,0.58255,0.159465,21.0035842293907,5.8999,95,0.168467,9.37875,0.41875,2.91300251256281,0.1570365,34.55,0.154861111111111,1.65278,11.93465,0.663542620071984,1,0.612548500504053,0.000181454098040417,0.120994965987727,1.08322981141486,0.523260486075412,0.790972685982996,0.49197397476715,0.12758690135907,1.32601343917181,0.512485638195356,25.0934955521434,0.0506118819857661,2.65320590739658,0.222577370288047,6.58246702598952e-11,0.0857272517112301,5.06121960051148,2.28734501194676e-20,0.995151236192236,0.972179972361438,0.378537585475765,0.816708454841973,54.4573585043782,147.152147746969,234.634442351811,0.840239999999991,1.67175778546711
122,GA,500,0,0.115435766184651,3.94418598402665,4.64235150199378,5.19760658095589,0.0674056902674009,0.00657727631074845,0.0159582170284738,0.00657727631074845,0.113343416142512,0.0685203081287785,0.0159582170284738,0.0685203081287785,0.0495362723034005,34.3432649217616,0.0131420543354807,0.0362,0,0.0692,0.01,0.203136,0.0997904,0.023302,0.0063786,0,0.235996,3.8,0.00673868,0.37515,0.0888888888888889,0,0.00628146,1.382,0,0.0661112,0.477386,0.345761666483293,0,1.44,12.1,0.4995,2.19,5.0784,2.49476,0.58255,0.159465,21.0035842293907,5.8999,95,0.168467,9.37875,0.41875,2.91300251256281,0.1570365,34.55,0.154861111111111,1.65278,11.93465,0.663542620071984,1,0.744467503747806,3.80772740021238e-19,0.0743581957801286,0.131657833636732,0.387630001463128,1.0427851361232,0.369990044881856,0.0897190927538993,10.8926309164505,4.58086460011602,16.942540576199,0.0648923444862926,0.952210213392367,0.21957546169713,6.58246702598952e-11,0.0134012083767732,11.1920071228968,9.72797905625576e-21,0.465313113222956,1.02973372027796,0.574096774166235,0.816708454841973,41.9526292210495,69.2671643047409,126.765225312201,0.840239999999991,1.67175778546711
122,GA,500,1,0.115435766184651,3.94418598402665,4.64235150199378,5.19760658095589,0.0674056902674009,0.00657727631074845,0.0159582170284738,0.00657727631074845,0.113343416142512,0.0685203081287785,0.0159582170284738,0.0685203081287785,0.0495362723034005,34.3432649217616,0.00394563743203768,0.0362,0,0.0692,0.01,0.203136,0.0997904,0.023302,0.0063786,0,0.235996,3.8,0.00673868,0.37515,0.0888888888888889,0,0.00628146,1.382,0,0.0661112,0.477386,0.345761666483293,0,1.44,12.1,0.4995,2.19,5.0784,2.49476,0.58255,0.159465,21.0035842293907,5.8999,95,0.168467,9.37875,0.41875,2.91300251256281,0.1570365,34.55,0.154861111111111,1.65278,11.93465,0.663542620071984,1,0.267973582756084,1.37299261608059e-14,0.0853130142597304,1.42275540358593,0.374289070832957,0.126747015162166,0.49197397476715,0.0762888407553339,11.3894747291681,0.512485638195356,88.611324040503,0.0481444305343451,7.32085609347959,0.21957546169713,6.58246702598952e-11,0.121417845926654,6.13049498337991,2.78007485422863e-12,0.494334151489724,8.48455462585815,0.368178919942555,0.816708454841973,50.0771013045067,105.590844937655,179.365397895101,0.840239999999991,1.67175778546711
122,GA,500,1,0.115435766184651,3.94418598402665,4.64235150199378,5.19760658095589,0.0674056902674009,0.00657727631074845,0.0159582170284738,0.00657727631074845,0.113343416142512,0.0685203081287785,0.0159582170284738,0.0685203081287785,0.0495362723034005,34.3432649217616,0.0812258720451487,0.0362,0,0.0692,0.01,0.203136,0.0997904,0.023302,0.0063786,0,0.235996,3.8,0.00673868,0.37515,0.0888888888888889,0,0.00628146,1.382,0,0.0661112,0.477386,0.345761666483293,0,1.44,12.1,0.4995,2.19,5.0784,2.49476,0.58255,0.159465,21.0035842293907,5.8999,95,0.168467,9.37875,0.41875,2.91300251256281,0.1570365,34.55,0.154861111111111,1.65278,11.93465,0.663542620071984,1,0.410149823864621,3.61600277846288e-07,0.431183747379774,1.95004077256936,0.522967001378383,0.408941158666186,0.352309904132563,0.0151141930675403,12.0150814501604,1.77907643464124,88.611324040503,0.0257166618163716,2.35824685056349,0.131592292982422,2.60866905947785e-12,0.0495346980801409,7.30939759763243,6.00948589172599e-10,0.263055755176134,8.48455462585815,0.458992974101996,0.758511957981166,35.6554122265153,132.216972173045,209.966404666174,0.840239999999991,1.67175778546711
122,GA,500,0,0.115435766184651,3.94418598402665,4.64235150199378,5.19760658095589,0.0674056902674009,0.00657727631074845,0.0159582170284738,0.00657727631074845,0.113343416142512,0.0685203081287785,0.0159582170284738,0.0685203081287785,0.0495362723034005,34.3432649217616,0.0185228745370399,0.0362,0,0.0692,0.01,0.203136,0.0997904,0.023302,0.0063786,0,0.235996,3.8,0.00673868,0.37515,0.0888888888888889,0,0.00628146,1.382,0,0.0661112,0.477386,0.345761666483293,0,1.44,12.1,0.4995,2.19,5.0784,2.49476,0.58255,0.159465,21.0035842293907,5.8999,95,0.168467,9.37875,0.41875,2.91300251256281,0.1570365,34.55,0.154861111111111,1.65278,11.93465,0.663542620071984,1,0.433194100463836,1.37299261608059e-14,0.106675703561767,1.08322981141486,0.387630001463128,0.354393655656604,0.49197397476715,0.0182177042265205,3.27346768517959,1.10872920168068,37.3832130452404,0.0168368221923206,4.41960985970513,0.21957546169713,0.000906916338668913,0.0134012083767732,7.07573438608025,0.0262250519838029,0.835924390746135,4.09456305560179,0.574096774166235,0.816708454841973,36.7550830375899,74.6629725046314,128.174453146937,0.840239999999991,1.67175778546711
122,GA,500,1,0.115435766184651,3.94418598402665,4.64235150199378,5.19760658095589,0.0674056902674009,0.00657727631074845,0.0159582170284738,0.00657727631074845,0.113343416142512,0.0685203081287785,0.0159582170284738,0.0685203081287785,0.0495362723034005,34.3432649217616,0.0737448583934608,0.0362,0,0.0692,0.01,0.203136,0.0997904,0.023302,0.0063786,0,0.235996,3.8,0.00673868,0.37515,0.0888888888888889,0,0.00628146,1.382,0,0.0661112,0.477386,0.345761666483293,0,1.44,12.1,0.4995,2.19,5.0784,2.49476,0.58255,0.159465,21.0035842293907,5.8999,95,0.168467,9.37875,0.41875,2.91300251256281,0.1570365,34.55,0.154861111111111,1.65278,11.93465,0.663542620071984,1,0.794771115813605,5.76761628748796e-18,0.453773539190672,0.365176006860324,0.82225188355249,0.252226657435237,0.481793186828245,0.0258885049030702,6.86693148081724,5.72752345947607,36.7058281819495,0.0156022395084138,0.83479428426615,0.229757236362411,0.487577371792449,0.0831445859145277,12.0892318522764,9.79042796298462e-10,0.77677538638401,1.81058291655125,0.435194013963933,0.668745151801258,51.22937754435,59.1804947156171,139.724216805936,0.840239999999991,1.67175778546711
122,GA,500,1,0.115435766184651,3.94418598402665,4.64235150199378,5.19760658095589,0.0674056902674009,0.00657727631074845,0.0159582170284738,0.00657727631074845,0.113343416142512,0.0685203081287785,0.0159582170284738,0.0685203081287785,0.0495362723034005,34.3432649217616,0.0344041017918422,0.0362,0,0.0692,0.01,0.203136,0.0997904,0.023302,0.0063786,0,0.235996,3.8,0.00673868,0.37515,0.0888888888888889,0,0.00628146,1.382,0,0.0661112,0.477386,0.345761666483293,0,1.44,12.1,0.4995,2.19,5.0784,2.49476,0.58255,0.159465,21.0035842293907,5.8999,95,0.168467,9.37875,0.41875,2.91300251256281,0.1570365,34.55,0.154861111111111,1.65278,11.93465,0.663542620071984,1,0.037761354590067,7.2493608402609e-11,0.33554204560074,1.08322981141486,1.02300111241968,1.12395948825633,0.49197397476715,0.116941370040857,1.32601343917181,1.04379568744073,12.0637187441461,0.0506118819857661,4.41960985970513,0.103656087836739,6.58246702598952e-11,0.0286726329341234,8.47494283828582,0.00262250519838029,0.0995151236192236,2.09251736849333,0.369146955385249,0.816708454841973,44.757962140021,100.404185639321,167.695572304408,0.840239999999991,1.67175778546711
122,GA,500,0,0.115435766184651,3.94418598402665,4.64235150199378,5.19760658095589,0.0674056902674009,0.00657727631074845,0.0159582170284738,0.00657727631074845,0.113343416142512,0.0685203081287785,0.0159582170284738,0.0685203081287785,0.0495362723034005,34.3432649217616,0.011915214197181,0.0362,0,0.0692,0.01,0.203136,0.0997904,0.023302,0.0063786,0,0.235996,3.8,0.00673868,0.37515,0.0888888888888889,0,0.00628146,1.382,0,0.0661112,0.477386,0.345761666483293,0,1.44,12.1,0.4995,2.19,5.0784,2.49476,0.58255,0.159465,21.0035842293907,5.8999,95,0.168467,9.37875,0.41875,2.91300251256281,0.1570365,34.55,0.154861111111111,1.65278,11.93465,0.663542620071984,1,0.144669546263794,0.000181454098040417,0.390952463826241,1.76975239238623,0.374289070832957,0.105349027060605,0.363370562140442,0.0375534712784159,10.8926309164505,0.512485638195356,67.7776753780048,0.0168368221923206,1.01649538933208,0.117209212239949,0.809494118959263,0.0696884144628491,7.07573438608025,2.13209485737777e-16,0.0675289401398659,6.12882154187485,0.459244421647998,0.816708454841973,56.8056795058497,192.071115614126,291.982766843938,0.840239999999991,1.67175778546711
122,GA,500,1,0.115435766184651,3.94418598402665,4.64235150199378,5.19760658095589,0.0674056902674009,0.00657727631074845,0.0159582170284738,0.00657727631074845,0.113343416142512,0.0685203081287785,0.0159582170284738,0.0685203081287785,0.0495362723034005,34.3432649217616,0.0390575769897419,0.0362,0,0.0692,0.01,0.203136,0.0997904,0.023302,0.0063786,0,0.235996,3.8,0.00673868,0.37515,0.0888888888888889,0,0.00628146,1.382,0,0.0661112,0.477386,0.345761666483293,0,1.44,12.1,0.4995,2.19,5.0784,2.49476,0.58255,0.159465,21.0035842293907,5.8999,95,0.168467,9.37875,0.41875,2.91300251256281,0.1570365,34.55,0.154861111111111,1.65278,11.93465,0.663542620071984,1,0.037761354590067,7.2493608402609e-11,0.33554204560074,1.08322981141486,0.387630001463128,1.12395948825633,0.49197397476715,0.116941370040857,0.419598167184308,0.86975064501522,14.926305971165,0.0506118819857661,3.88552556880721,0.301972618290376,6.58246702598952e-11,0.0306966742281059,8.47494283828582,0.0262250519838029,0.995151236192236,8.61789905600272,0.355751752726122,0.816708454841973,45.0995245989743,101.875516689374,169.838672437337,0.840239999999991,1.67175778546711
122,GA,500,1,0.115435766184651,3.94418598402665,4.64235150199378,5.19760658095589,0.0674056902674009,0.00657727631074845,0.0159582170284738,0.00657727631074845,0.113343416142512,0.0685203081287785,0.0159582170284738,0.0685203081287785,0.0495362723034005,34.3432649217616,0.0872592328867399,0.0362,0,0.0692,0.01,0.203136,0.0997904,0.023302,0.0063786,0,0.235996,3.8,0.00673868,0.37515,0.0888888888888889,0,0.00628146,1.382,0,0.0661112,0.477386,0.345761666483293,0,1.44,12.1,0.4995,2.19,5.0784,2.49476,0.58255,0.159465,21.0035842293907,5.8999,95,0.168467,9.37875,0.41875,2.91300251256281,0.1570365,34.55,0.154861111111111,1.65278,11.93465,0.663542620071984,1,0.135879104256481,6.85490059604685e-08,0.275141935686574,1.08322981141486,0.551086825063416,1.12395948825633,0.41732765724745,0.14687482971743,1.32601343917181,1.01873307610047,29.2885011820845,0.03980139721935,0.947715301823303,0.112645176114433,3.38313429216796e-16,0.0844586461694756,2.97287225563837,0.0262250519838029,0.158997433493103,6.07119894852393,0.349439200605967,0.958933295004431,60.8123662569794,132.17282977755,198.645550761163,0.840239999999991,1.67175778546711
122,GA,500,0,0.115435766184651,3.94418598402665,4.64235150199378,5.19760658095589,0.0674056902674009,0.00657727631074845,0.0159582170284738,0.00657727631074845,0.113343416142512,0.0685203081287785,0.0159582170284738,0.0685203081287785,0.0495362723034005,34.3432649217616,1.2734339547079e-50,0.0362,0,0.0692,0.01,0.203136,0.0997904,0.023302,0.0063786,0,0.235996,3.8,0.00673868,0.37515,0.0888888888888889,0,0.00628146,1.382,0,0.0661112,0.477386,0.345761666483293,0,1.44,12.1,0.4995,2.19,5.0784,2.49476,0.58255,0.159465,21.0035842293907,5.8999,95,0.168467,9.37875,0.41875,2.91300251256281,0.1570365,34.55,0.154861111111111,1.65278,11.93465,0.663542620071984,1,0.0819468741283352,0.125783288239609,0.383071644929609,0.110968881591953,0.719125668505112,0.29483975328474,0.261092367198137,0.0168950745787976,3.55071301816798,0.409910991673812,16.4770510175373,0.00802110190850742,1.25534097226223,0.183457040926985,2.28441202304034e-13,0.0241305582326782,2.51277614288806,2.2956033613271e-14,0.154625895402745,1.35627898999679,0.47465364075444,0.11710736291422,35.3631654932998,12.7667153073593,144.380352710732,0.840239999999991,1.67175778546711
122,GA,500,0,0.115435766184651,3.94418598402665,4.64235150199378,5.19760658095589,0.0674056902674009,0.00657727631074845,0.0159582170284738,0.00657727631074845,0.113343416142512,0.0685203081287785,0.0159582170284738,0.0685203081287785,0.0495362723034005,34.3432649217616,0.00478075684580945,0.0362,0,0.0692,0.01,0.203136,0.0997904,0.023302,0.0063786,0,0.235996,3.8,0.00673868,0.37515,0.0888888888888889,0,0.00628146,1.382,0,0.0661112,0.477386,0.345761666483293,0,1.44,12.1,0.4995,2.19,5.0784,2.49476,0.58255,0.159465,21.0035842293907,5.8999,95,0.168467,9.37875,0.41875,2.91300251256281,0.1570365,34.55,0.154861111111111,1.65278,11.93465,0.663542620071984,1,0.0364773007124725,0.0415033617668133,0.198520737559823,0.0882068974309456,0.365120411627262,1.43499936904444,0.212416100430514,0.116941370040857,6.07839232761268,0.499603141290076,9.33758700528218,0.0319632091007298,3.88552556880721,0.21957546169713,6.58246702598952e-11,0.0153797608376554,5.33800630674243,8.40675226566195e-13,0.281503792618305,1.67424268242947,0.355751752726122,0.816708454841973,43.4789930185821,88.3053243285666,151.602428995075,0.840239999999991,1.67175778546711
122,GA,500,0,0.115435766184651,3.94418598402665,4.64235150199378,5.19760658095589,0.0674056902674009,0.00657727631074845,0.0159582170284738,0.00657727631074845,0.113343416142512,0.0685203081287785,0.0159582170284738,0.0685203081287785,0.0495362723034005,34.3432649217616,0.0166655805600392,0.0362,0,0.0692,0.01,0.203136,0.0997904,0.023302,0.0063786,0,0.235996,3.8,0.00673868,0.37515,0.0888888888888889,0,0.00628146,1.382,0,0.0661112,0.477386,0.345761666483293,0,1.44,12.1,0.4995,2.19,5.0784,2.49476,0.58255,0.159465,21.0035842293907,5.8999,95,0.168467,9.37875,0.41875,2.91300251256281,0.1570365,34.55,0.154861111111111,1.65278,11.93465,0.663542620071984,1,0.037761354590067,7.2493608402609e-11,0.33554204560074,1.08322981141486,0.387630001463128,1.12395948825633,0.49197397476715,0.0343903730857857,1.32601343917181,0.512485638195356,38.3496993195081,0.0506118819857661,3.88552556880721,0.21957546169713,1.36563384977564e-09,0.0286726329341234,8.47494283828582,0.00262250519838029,0.995151236192236,8.61789905600272,0.355751752726122,0.816708454841973,54.3444448069336,56.1354088554075,123.078163091103,0.840239999999991,1.67175778546711
122,GA,500,1,0.115435766184651,3.94418598402665,4.64235150199378,5.19760658095589,0.0674056902674009,0.00657727631074845,0.0159582170284738,0.00657727631074845,0.113343416142512,0.0685203081287785,0.0159582170284738,0.0685203081287785,0.0495362723034005,34.3432649217616,0.0345888823823,0.0362,0,0.0692,0.01,0.203136,0.0997904,0.023302,0.0063786,0,0.235996,3.8,0.00673868,0.37515,0.0888888888888889,0,0.00628146,1.382,0,0.0661112,0.477386,0.345761666483293,0,1.44,12.1,0.4995,2.19,5.0784,2.49476,0.58255,0.159465,21.0035842293907,5.8999,95,0.168467,9.37875,0.41875,2.91300251256281,0.1570365,34.55,0.154861111111111,1.65278,11.93465,0.663542620071984,1,0.037761354590067,0.0124543907982777,0.466313665812949,0.0202100277015197,0.387630001463128,1.12395948825633,0.49197397476715,0.116941370040857,11.6458973438373,0.86975064501522,14.8464970289946,0.01643690238027,3.88552556880721,0.291017792829165,3.81234982264063e-15,0.0286726329341234,8.47494283828582,0.0262250519838029,0.995151236192236,10.7291791674647,0.484755499573509,0.816708454841973,64.8010633251567,95.2530640943296,181.431500453128,0.840239999999991,1.67175778546711
122,GA,500,0,0.115435766184651,3.94418598402665,4.64235150199378,5.19760658095589,0.0674056902674009,0.00657727631074845,0.0159582170284738,0.00657727631074845,0.113343416142512,0.0685203081287785,0.0159582170284738,0.0685203081287785,0.0495362723034005,34.3432649217616,0.0148361410654562,0.0362,0,0.0692,0.01,0.203136,0.0997904,0.023302,0.0063786,0,0.235996,3.8,0.00673868,0.37515,0.0888888888888889,0,0.00628146,1.382,0,0.0661112,0.477386,0.345761666483293,0,1.44,12.1,0.4995,2.19,5.0784,2.49476,0.58255,0.159465,21.0035842293907,5.8999,95,0.168467,9.37875,0.41875,2.91300251256281,0.1570365,34.55,0.154861111111111,1.65278,11.93465,0.663542620071984,1,0.729730960185838,1.37299261608059e-14,0.106675703561767,1.08322981141486,0.407419812545633,1.12395948825633,0.41732765724745,0.142695359419798,3.27346768517959,0.292843551066097,76.3826182335823,0.115969504159006,0.719316831792246,0.112671916743538,2.07860579025522e-07,0.134012083767732,1.42199834609059,0.0262250519838029,0.189665733937792,2.09251736849333,0.371983179317296,0.816708454841973,40.4104870850335,96.6935994161035,158.804754761389,0.840239999999991,1.67175778546711
122,GA,500,0,0.115435766184651,3.94418598402665,4.64235150199378,5.19760658095589,0.0674056902674009,0.00657727631074845,0.0159582170284738,0.00657727631074845,0.113343416142512,0.0685203081287785,0.0159582170284738,0.0685203081287785,0.0495362723034005,34.3432649217616,0.00392429167580479,0.0362,0,0.0692,0.01,0.203136,0.0997904,0.023302,0.0063786,0,0.235996,3.8,0.00673868,0.37515,0.0888888888888889,0,0.00628146,1.382,0,0.0661112,0.477386,0.345761666483293,0,1.44,12.1,0.4995,2.19,5.0784,2.49476,0.58255,0.159465,21.0035842293907,5.8999,95,0.168467,9.37875,0.41875,2.91300251256281,0.1570365,34.55,0.154861111111111,1.65278,11.93465,0.663542620071984,1,0.160117292438674,7.2493608402609e-11,0.28223751879668,1.08322981141486,0.387630001463128,0.704616837622873,0.279903072988022,0.116941370040857,0.337846211784034,2.2144448149077,33.3636248142992,0.0648923444862926,3.88552556880721,0.21957546169713,7.22958426361652e-14,0.0286726329341234,10.5087260359772,0.0262250519838029,0.755381519449082,2.09251736849333,0.369146955385249,0.816708454841973,46.1029213547605,151.112929343552,231.129693696418,0.840239999999991,1.67175778546711
122,GA,500,1,0.115435766184651,3.94418598402665,4.64235150199378,5.19760658095589,0.0674056902674009,0.00657727631074845,0.0159582170284738,0.00657727631074845,0.113343416142512,0.0685203081287785,0.0159582170284738,0.0685203081287785,0.0495362723034005,34.3432649217616,0.0411997314702139,0.0362,0,0.0692,0.01,0.203136,0.0997904,0.023302,0.0063786,0,0.235996,3.8,0.00673868,0.37515,0.0888888888888889,0,0.00628146,1.382,0,0.0661112,0.477386,0.345761666483293,0,1.44,12.1,0.4995,2.19,5.0784,2.49476,0.58255,0.159465,21.0035842293907,5.8999,95,0.168467,9.37875,0.41875,2.91300251256281,0.1570365,34.55,0.154861111111111,1.65278,11.93465,0.663542620071984,1,0.0599295675900188,5.97818516183078e-11,0.251300805049816,0.722536706482973,0.705246618745837,2.16851478638081,0.0765947091596555,0.00644212381608836,3.14134904270369,1.10872920168068,15.810169831783,0.0300082628969471,0.737973773126169,0.21957546169713,6.58246702598952e-11,0.048471069776101,10.5087260359772,1.08085712296168e-08,0.363885960378456,2.32991836562645,0.574096774166235,0.816708454841973,65.573896676892,185.528174224571,292.739628982761,0.840239999999991,1.67175778546711
122,GA,500,1,0.115435766184651,3.94418598402665,4.64235150199378,5.19760658095589,0.0674056902674009,0.00657727631074845,0.0159582170284738,0.00657727631074845,0.113343416142512,0.0685203081287785,0.0159582170284738,0.0685203081287785,0.0495362723034005,34.3432649217616,0.0372460619697319,0.0362,0,0.0692,0.01,0.203136,0.0997904,0.023302,0.0063786,0,0.235996,3.8,0.00673868,0.37515,0.0888888888888889,0,0.00628146,1.382,0,0.0661112,0.477386,0.345761666483293,0,1.44,12.1,0.4995,2.19,5.0784,2.49476,0.58255,0.159465,21.0035842293907,5.8999,95,0.168467,9.37875,0.41875,2.91300251256281,0.1570365,34.55,0.154861111111111,1.65278,11.93465,0.663542620071984,1,0.267973582756084,1.01575353823747e-10,0.246314083914369,1.42275540358593,1.14934849028098,1.77255550098967,0.49197397476715,0.0762888407553339,11.3894747291681,4.02519743812579,12.9498568945179,0.0277355553288218,3.88552556880721,0.112645176114433,1.20107535232191e-12,0.0286726329341234,9.24267944991553,0.00262250519838029,1.5141658359006,8.61789905600272,0.459244421647998,0.816708454841973,36.4914112890848,164.588445942726,238.017971920286,0.840239999999991,1.67175778546711
122,GA,500,0,0.115435766184651,3.94418598402665,4.64235150199378,5.19760658095589,0.0674056902674009,0.00657727631074845,0.0159582170284738,0.00657727631074845,0.113343416142512,0.0685203081287785,0.0159582170284738,0.0685203081287785,0.0495362723034005,34.3432649217616,0.00471641061091902,0.0362,0,0.0692,0.01,0.203136,0.0997904,0.023302,0.0063786,0,0.235996,3.8,0.00673868,0.37515,0.0888888888888889,0,0.00628146,1.382,0,0.0661112,0.477386,0.345761666483293,0,1.44,12.1,0.4995,2.19,5.0784,2.49476,0.58255,0.159465,21.0035842293907,5.8999,95,0.168467,9.37875,0.41875,2.91300251256281,0.1570365,34.55,0.154861111111111,1.65278,11.93465,0.663542620071984,1,0.037761354590067,1.37299261608059e-14,0.106675703561767,1.08322981141486,0.387630001463128,0.112395948825633,0.49197397476715,0.116941370040857,1.32601343917181,1.04379568744073,5.98824209110219,0.0506118819857661,3.88552556880721,0.21957546169713,6.58246702598952e-11,0.0286726329341234,10.5087260359772,0.0262250519838029,0.0995151236192236,8.61789905600272,0.355751752726122,0.816708454841973,57.9105130794537,73.9259060003322,148.427398954764,0.840239999999991,1.67175778546711
122,GA,500,1,0.115435766184651,3.94418598402665,4.64235150199378,5.19760658095589,0.0674056902674009,0.00657727631074845,0.0159582170284738,0.00657727631074845,0.113343416142512,0.0685203081287785,0.0159582170284738,0.0685203081287785,0.0495362723034005,34.3432649217616,0.00787512122675353,0.0362,0,0.0692,0.01,0.203136,0.0997904,0.023302,0.0063786,0,0.235996,3.8,0.00673868,0.37515,0.0888888888888889,0,0.00628146,1.382,0,0.0661112,0.477386,0.345761666483293,0,1.44,12.1,0.4995,2.19,5.0784,2.49476,0.58255,0.159465,21.0035842293907,5.8999,95,0.168467,9.37875,0.41875,2.91300251256281,0.1570365,34.55,0.154861111111111,1.65278,11.93465,0.663542620071984,1,0.207668592789796,0.238701832441829,0.106675703561767,0.614877157220278,0.374289070832957,1.3327890698555,0.49197397476715,0.0297278878607167,3.27346768517959,0.458695320590984,14.1423368182148,0.0142647376166364,2.57514661566731,0.178053796371194,0.000906916338668913,0.0483200109590245,8.51808847634785,0.00262250519838029,0.835924390746135,4.09456305560179,0.574096774166235,0.816708454841973,71.5764831121127,77.2442988896267,166.156499312108,0.840239999999991,1.67175778546711
122,GA,500,1,0.115435766184651,3.94418598402665,4.64235150199378,5.19760658095589,0.0674056902674009,0.00657727631074845,0.0159582170284738,0.00657727631074845,0.113343416142512,0.0685203081287785,0.0159582170284738,0.0685203081287785,0.0495362723034005,34.3432649217616,0.0396998041811156,0.0362,0,0.0692,0.01,0.203136,0.0997904,0.023302,0.0063786,0,0.235996,3.8,0.00673868,0.37515,0.0888888888888889,0,0.00628146,1.382,0,0.0661112,0.477386,0.345761666483293,0,1.44,12.1,0.4995,2.19,5.0784,2.49476,0.58255,0.159465,21.0035842293907,5.8999,95,0.168467,9.37875,0.41875,2.91300251256281,0.1570365,34.55,0.154861111111111,1.65278,11.93465,0.663542620071984,1,1.02498647206923,6.85490059604685e-08,0.0743581957801286,0.155918644252674,0.346722442424389,1.4598632802406,0.437382911035942,0.0897190927538993,10.8926309164505,1.10872920168068,16.942540576199,0.03980139721935,0.952210213392367,0.110816348482218,0.00029644168538526,0.00768956438968787,3.47893223330968,9.72797905625576e-20,0.468223357555741,1.02973372027796,0.459244421647998,0.958933295004431,37.8025849101841,124.069783061859,167.18570645597,0.840239999999991,1.67175778546711
122,GA,500,0,0.115435766184651,3.94418598402665,4.64235150199378,5.19760658095589,0.0674056902674009,0.00657727631074845,0.0159582170284738,0.00657727631074845,0.113343416142512,0.0685203081287785,0.0159582170284738,0.0685203081287785,0.0495362723034005,34.3432649217616,0.00796606309609161,0.0362,0,0.0692,0.01,0.203136,0.0997904,0.023302,0.0063786,0,0.235996,3.8,0.00673868,0.37515,0.0888888888888889,0,0.00628146,1.382,0,0.0661112,0.477386,0.345761666483293,0,1.44,12.1,0.4995,2.19,5.0784,2.49476,0.58255,0.159465,21.0035842293907,5.8999,95,0.168467,9.37875,0.41875,2.91300251256281,0.1570365,34.55,0.154861111111111,1.65278,11.93465,0.663542620071984,1,0.325032270570951,3.70999907929856e-08,0.187605371282888,1.73403110414654,1.3371018761812,1.02050691140025,0.570859992927983,0.0151141930675403,1.60437034828234,0.968509132778431,9.17325168994967,0.020709632895551,1.15570663578898,0.36750101244143,2.60866905947785e-12,0.0495346980801409,5.54718803884665,6.00948589172599e-10,1.29606487869952,8.48455462585815,0.536391671833231,0.958933295004431,61.6898962749785,90.4596803156357,156.023548873012,0.840239999999991,1.67175778546711
122,GA,500,1,0.115435766184651,3.94418598402665,4.64235150199378,5.19760658095589,0.0674056902674009,0.00657727631074845,0.0159582170284738,0.00657727631074845,0.113343416142512,0.0685203081287785,0.0159582170284738,0.0685203081287785,0.0495362723034005,34.3432649217616,0.0275086277106654,0.0362,0,0.0692,0.01,0.203136,0.0997904,0.023302,0.0063786,0,0.235996,3.8,0.00673868,0.37515,0.0888888888888889,0,0.00628146,1.382,0,0.0661112,0.477386,0.345761666483293,0,1.44,12.1,0.4995,2.19,5.0784,2.49476,0.58255,0.159465,21.0035842293907,5.8999,95,0.168467,9.37875,0.41875,2.91300251256281,0.1570365,34.55,0.154861111111111,1.65278,11.93465,0.663542620071984,1,0.0524226207476397,7.2493608402609e-11,0.355021858924853,0.0474458769984402,0.365120411627262,1.43499936904444,0.0649961784993046,0.029638685884608,10.517826808246,0.499603141290076,14.926305971165,0.0506118819857661,2.84032051792247,0.14212253919835,6.58246702598952e-11,0.0286726329341234,5.09837333567005,0.0262250519838029,0.207128414256045,2.45621530672174,0.416258136097572,0.816708454841973,35.1952382907227,111.190726900372,171.340182353885,0.840239999999991,1.67175778546711
122,GA,500,0,0.115435766184651,3.94418598402665,4.64235150199378,5.19760658095589,0.0674056902674009,0.00657727631074845,0.0159582170284738,0.00657727631074845,0.113343416142512,0.0685203081287785,0.0159582170284738,0.0685203081287785,0.0495362723034005,34.3432649217616,0.00689503539729989,0.0362,0,0.0692,0.01,0.203136,0.0997904,0.023302,0.0063786,0,0.235996,3.8,0.00673868,0.37515,0.0888888888888889,0,0.00628146,1.382,0,0.0661112,0.477386,0.345761666483293,0,1.44,12.1,0.4995,2.19,5.0784,2.49476,0.58255,0.159465,21.0035842293907,5.8999,95,0.168467,9.37875,0.41875,2.91300251256281,0.1570365,34.55,0.154861111111111,1.65278,11.93465,0.663542620071984,1,0.325032270570951,1.07963681788823e-08,0.187605371282888,0.02789939474312,0.314097020096809,1.14085275216875,0.242591163600335,0.0811289049218722,1.60437034828234,4.58086460011602,16.0670850933887,0.020709632895551,5.85959674629619,0.112645176114433,6.58246702598952e-11,0.0588399772538822,15.4309180351339,4.6252773694813e-06,1.29606487869952,3.36791779424044,0.507492366482157,0.958933295004431,40.5524234320562,145.58738749894,192.374649500729,0.840239999999991,1.67175778546711
122,GA,500,1,0.115435766184651,3.94418598402665,4.64235150199378,5.19760658095589,0.0674056902674009,0.00657727631074845,0.0159582170284738,0.00657727631074845,0.113343416142512,0.0685203081287785,0.0159582170284738,0.0685203081287785,0.0495362723034005,34.3432649217616,0.113367713058665,0.0362,0,0.0692,0.01,0.203136,0.0997904,0.023302,0.0063786,0,0.235996,3.8,0.00673868,0.37515,0.0888888888888889,0,0.00628146,1.382,0,0.0661112,0.477386,0.345761666483293,0,1.44,12.1,0.4995,2.19,5.0784,2.49476,0.58255,0.159465,21.0035842293907,5.8999,95,0.168467,9.37875,0.41875,2.91300251256281,0.1570365,34.55,0.154861111111111,1.65278,11.93465,0.663542620071984,1,1.37100857419031,2.56459798667933e-08,0.484352991439676,1.08322981141486,0.387630001463128,0.244173570840693,0.555404410358929,0.116941370040857,5.32195671513312,0.86975064501522,61.8812918686374,0.0506118819857661,3.88552556880721,0.121518053337472,6.58246702598952e-11,0.0438865063825049,16.2240704150147,4.24375451749881e-12,0.229727384544271,1.68229918239502,0.427882401749961,0.816708454841973,86.7812433428198,198.223413739962,329.491371497814,0.840239999999991,1.67175778546711
122,GA,500,1,0.115435766184651,3.94418598402665,4.64235150199378,5.19760658095589,0.0674056902674009,0.00657727631074845,0.0159582170284738,0.00657727631074845,0.113343416142512,0.0685203081287785,0.0159582170284738,0.0685203081287785,0.0495362723034005,34.3432649217616,0.0316764007203959,0.0362,0,0.0692,0.01,0.203136,0.0997904,0.023302,0.0063786,0,0.235996,3.8,0.00673868,0.37515,0.0888888888888889,0,0.00628146,1.382,0,0.0661112,0.477386,0.345761666483293,0,1.44,12.1,0.4995,2.19,5.0784,2.49476,0.58255,0.159465,21.0035842293907,5.8999,95,0.168467,9.37875,0.41875,2.91300251256281,0.1570365,34.55,0.154861111111111,1.65278,11.93465,0.663542620071984,1,0.722224422995839,2.69187835004594e-08,0.268220935677371,0.233915926925921,0.474704157409484,0.783028792711281,0.28676655066765,0.0665784446450671,1.26816736125314,0.713523926670958,23.1457508299311,0.0677739989367973,0.949791164093663,0.179261071523082,1.18915010287659e-12,0.104728618821731,2.67555198150275,3.1721724273208e-08,0.869604933192373,3.11751226698031,0.415470729805512,0.936478812385753,40.223442367909,109.829526862664,157.502686073236,0.840239999999991,1.67175778546711
122,GA,500,1,0.115435766184651,3.94418598402665,4.64235150199378,5.19760658095589,0.0674056902674009,0.00657727631074845,0.0159582170284738,0.00657727631074845,0.113343416142512,0.0685203081287785,0.0159582170284738,0.0685203081287785,0.0495362723034005,34.3432649217616,0.0217122035951263,0.0362,0,0.0692,0.01,0.203136,0.0997904,0.023302,0.0063786,0,0.235996,3.8,0.00673868,0.37515,0.0888888888888889,0,0.00628146,1.382,0,0.0661112,0.477386,0.345761666483293,0,1.44,12.1,0.4995,2.19,5.0784,2.49476,0.58255,0.159465,21.0035842293907,5.8999,95,0.168467,9.37875,0.41875,2.91300251256281,0.1570365,34.55,0.154861111111111,1.65278,11.93465,0.663542620071984,1,0.037761354590067,1.07963681788823e-08,0.33554204560074,1.08322981141486,0.387630001463128,0.877964643016063,0.49197397476715,0.0897190927538993,1.60437034828234,0.86975064501522,16.4770510175373,0.0168368221923206,4.69065533698456,0.110833292852295,6.58246702598952e-11,0.0286726329341234,8.47494283828582,4.6252773694813e-06,0.468223357555741,1.35627898999679,0.355751752726122,0.958933295004431,53.5903132902993,248.9504738749,313.202191584451,0.840239999999991,1.67175778546711
122,GA,500,1,0.115435766184651,3.94418598402665,4.64235150199378,5.19760658095589,0.0674056902674009,0.00657727631074845,0.0159582170284738,0.00657727631074845,0.113343416142512,0.0685203081287785,0.0159582170284738,0.0685203081287785,0.0495362723034005,34.3432649217616,0.0836388133783067,0.0362,0,0.0692,0.01,0.203136,0.0997904,0.023302,0.0063786,0,0.235996,3.8,0.00673868,0.37515,0.0888888888888889,0,0.00628146,1.382,0,0.0661112,0.477386,0.345761666483293,0,1.44,12.1,0.4995,2.19,5.0784,2.49476,0.58255,0.159465,21.0035842293907,5.8999,95,0.168467,9.37875,0.41875,2.91300251256281,0.1570365,34.55,0.154861111111111,1.65278,11.93465,0.663542620071984,1,0.363479111087168,4.24768382833096e-15,0.239919977357982,0.84745896001386,0.387630001463128,0.634153152411786,0.49197397476715,0.0576827980048167,4.52864709860439,0.909002146579157,6.85502581168269,0.0322242209876462,4.49982693123173,0.21957546169713,0.0125440359807552,0.0549257323456414,11.7048172577826,1.38695515175163e-19,0.407822343390313,1.96910767623804,0.562640894229742,0.668745151801258,60.9373551821643,75.7207556683338,174.165474241242,0.840239999999991,1.67175778546711
122,GA,500,0,0.115435766184651,3.94418598402665,4.64235150199378,5.19760658095589,0.0674056902674009,0.00657727631074845,0.0159582170284738,0.00657727631074845,0.113343416142512,0.0685203081287785,0.0159582170284738,0.0685203081287785,0.0495362723034005,34.3432649217616,0.00352118229869609,0.0362,0,0.0692,0.01,0.203136,0.0997904,0.023302,0.0063786,0,0.235996,3.8,0.00673868,0.37515,0.0888888888888889,0,0.00628146,1.382,0,0.0661112,0.477386,0.345761666483293,0,1.44,12.1,0.4995,2.19,5.0784,2.49476,0.58255,0.159465,21.0035842293907,5.8999,95,0.168467,9.37875,0.41875,2.91300251256281,0.1570365,34.55,0.154861111111111,1.65278,11.93465,0.663542620071984,1,0.482388053029542,3.13128713877957e-17,0.239919977357982,0.84745896001386,0.387630001463128,0.706228745631855,0.261092367198137,0.0576827980048167,0.436131697727161,0.409910991673812,46.7461529089356,0.0736567543236949,4.41960985970513,0.0925586384177945,3.81234982264063e-15,0.0103796057587602,10.5087260359772,2.66037202937028e-20,0.995151236192236,0.787485197301342,0.47465364075444,0.816708454841973,40.1035666327398,121.324544198994,188.656631658214,0.840239999999991,1.67175778546711
122,GA,500,0,0.115435766184651,3.94418598402665,4.64235150199378,5.19760658095589,0.0674056902674009,0.00657727631074845,0.0159582170284738,0.00657727631074845,0.113343416142512,0.0685203081287785,0.0159582170284738,0.0685203081287785,0.0495362723034005,34.3432649217616,0.0098982663869175,0.0362,0,0.0692,0.01,0.203136,0.0997904,0.023302,0.0063786,0,0.235996,3.8,0.00673868,0.37515,0.0888888888888889,0,0.00628146,1.382,0,0.0661112,0.477386,0.345761666483293,0,1.44,12.1,0.4995,2.19,5.0784,2.49476,0.58255,0.159465,21.0035842293907,5.8999,95,0.168467,9.37875,0.41875,2.91300251256281,0.1570365,34.55,0.154861111111111,1.65278,11.93465,0.663542620071984,1,0.190696103834659,7.2493608402609e-11,0.0975604173361331,0.0514880384377128,0.374289070832957,0.585055453091574,0.49197397476715,0.0811289049218722,1.28053418797614,0.86975064501522,5.82737892308412,0.0123489183198461,3.44742309362732,0.10792304755027,4.49357595770549e-09,0.0873569481549243,8.17449715384856,1.58823526087991e-05,0.995151236192236,9.8316211649306,0.355751752726122,0.816708454841973,55.9641225197954,59.1502670864622,128.389315054269,0.840239999999991,1.67175778546711
122,GA,500,1,0.115435766184651,3.94418598402665,4.64235150199378,5.19760658095589,0.0674056902674009,0.00657727631074845,0.0159582170284738,0.00657727631074845,0.113343416142512,0.0685203081287785,0.0159582170284738,0.0685203081287785,0.0495362723034005,34.3432649217616,0.0361825702074332,0.0362,0,0.0692,0.01,0.203136,0.0997904,0.023302,0.0063786,0,0.235996,3.8,0.00673868,0.37515,0.0888888888888889,0,0.00628146,1.382,0,0.0661112,0.477386,0.345761666483293,0,1.44,12.1,0.4995,2.19,5.0784,2.49476,0.58255,0.159465,21.0035842293907,5.8999,95,0.168467,9.37875,0.41875,2.91300251256281,0.1570365,34.55,0.154861111111111,1.65278,11.93465,0.663542620071984,1,0.144669546263794,1.37299261608059e-14,0.272655634843159,0.0789394361666515,0.673097985110451,0.408941158666186,0.486887527809446,0.0811289049218722,1.68287663508614,1.2949669960718,8.92610684667907,0.0174176138478978,0.989601498882483,0.21957546169713,7.10870042973419e-11,0.107651330913272,3.65640242158632,9.44481353917248e-12,1.63645678532751,8.81522936344573,0.348163784310639,0.816708454841973,56.899821186564,65.2622420176398,136.808681723911,0.840239999999991,1.67175778546711
122,GA,500,1,0.115435766184651,3.94418598402665,4.64235150199378,5.19760658095589,0.0674056902674009,0.00657727631074845,0.0159582170284738,0.00657727631074845,0.113343416142512,0.0685203081287785,0.0159582170284738,0.0685203081287785,0.0495362723034005,34.3432649217616,0.0676828515349998,0.0362,0,0.0692,0.01,0.203136,0.0997904,0.023302,0.0063786,0,0.235996,3.8,0.00673868,0.37515,0.0888888888888889,0,0.00628146,1.382,0,0.0661112,0.477386,0.345761666483293,0,1.44,12.1,0.4995,2.19,5.0784,2.49476,0.58255,0.159465,21.0035842293907,5.8999,95,0.168467,9.37875,0.41875,2.91300251256281,0.1570365,34.55,0.154861111111111,1.65278,11.93465,0.663542620071984,1,1.02498647206923,0.00597613610378823,0.102171066598616,0.0799657059580052,0.546210626633476,2.08826905789341,0.437382911035942,0.114093870394109,2.84107383515993,1.88056875579437,58.719039505719,0.0530237112105325,2.15792731845173,0.100653674419686,1.14875264655555e-12,0.03146311471895,11.9099726089675,9.91879714848188e-11,0.132850990733804,2.73694831976921,0.427769918528889,0.958933295004431,75.9127220763806,115.972035807606,196.85130707678,0.840239999999991,1.67175778546711
122,GA,500,1,0.115435766184651,3.94418598402665,4.64235150199378,5.19760658095589,0.0674056902674009,0.00657727631074845,0.0159582170284738,0.00657727631074845,0.113343416142512,0.0685203081287785,0.0159582170284738,0.0685203081287785,0.0495362723034005,34.3432649217616,0.00985747756916109,0.0362,0,0.0692,0.01,0.203136,0.0997904,0.023302,0.0063786,0,0.235996,3.8,0.00673868,0.37515,0.0888888888888889,0,0.00628146,1.382,0,0.0661112,0.477386,0.345761666483293,0,1.44,12.1,0.4995,2.19,5.0784,2.49476,0.58255,0.159465,21.0035842293907,5.8999,95,0.168467,9.37875,0.41875,2.91300251256281,0.1570365,34.55,0.154861111111111,1.65278,11.93465,0.663542620071984,1,0.112908577399048,1.25522678780722e-19,0.0839363855083583,1.95004077256936,0.387630001463128,1.12395948825633,0.509507990776523,0.14687482971743,5.90790648835231,0.86975064501522,88.611324040503,0.0506118819857661,1.15570663578898,0.121518053337472,4.65371225366025e-08,0.0614831038734513,6.13049498337991,0.000709651237225947,0.995151236192236,8.48455462585815,0.566236563537123,0.816708454841973,58.5023067761654,185.817634183727,286.022461712826,0.840239999999991,1.67175778546711
122,GA,500,1,0.115435766184651,3.94418598402665,4.64235150199378,5.19760658095589,0.0674056902674009,0.00657727631074845,0.0159582170284738,0.00657727631074845,0.113343416142512,0.0685203081287785,0.0159582170284738,0.0685203081287785,0.0495362723034005,34.3432649217616,0.0146106094398938,0.0362,0,0.0692,0.01,0.203136,0.0997904,0.023302,0.0063786,0,0.235996,3.8,0.00673868,0.37515,0.0888888888888889,0,0.00628146,1.382,0,0.0661112,0.477386,0.345761666483293,0,1.44,12.1,0.4995,2.19,5.0784,2.49476,0.58255,0.159465,21.0035842293907,5.8999,95,0.168467,9.37875,0.41875,2.91300251256281,0.1570365,34.55,0.154861111111111,1.65278,11.93465,0.663542620071984,1,0.037761354590067,1.81244663579821e-07,0.106675703561767,1.08322981141486,0.387630001463128,2.12545136907206,0.49197397476715,0.14687482971743,1.32601343917181,2.89483211803682,89.9211400930517,0.0648923444862926,4.41960985970513,0.112671916743538,2.1650303900495e-14,0.134012083767732,8.47494283828582,2.56931982711824e-15,0.189665733937792,2.09251736849333,0.369146955385249,0.816708454841973,36.8235742104204,92.1569993214048,149.663105594036,0.840239999999991,1.67175778546711
122,GA,500,0,0.115435766184651,3.94418598402665,4.64235150199378,5.19760658095589,0.0674056902674009,0.00657727631074845,0.0159582170284738,0.00657727631074845,0.113343416142512,0.0685203081287785,0.0159582170284738,0.0685203081287785,0.0495362723034005,34.3432649217616,0.000328647211323995,0.0362,0,0.0692,0.01,0.203136,0.0997904,0.023302,0.0063786,0,0.235996,3.8,0.00673868,0.37515,0.0888888888888889,0,0.00628146,1.382,0,0.0661112,0.477386,0.345761666483293,0,1.44,12.1,0.4995,2.19,5.0784,2.49476,0.58255,0.159465,21.0035842293907,5.8999,95,0.168467,9.37875,0.41875,2.91300251256281,0.1570365,34.55,0.154861111111111,1.65278,11.93465,0.663542620071984,1,0.410149823864621,4.47351539916501e-10,0.358347906524076,0.101545224441536,1.28498028570191,0.907940817336472,0.409909234748018,0.0390413280861195,4.37977534906498,3.66675173867706,29.8814900960205,0.0168368221923206,3.17679634748729,0.284287023415144,1.22566752767373e-10,0.0306966742281059,1.978531959564,2.08058175848037e-14,0.468223357555741,6.55857546741764,0.375849078759741,0.758511957981166,14.3574976716999,74.0380490594819,111.967097995655,0.840239999999991,1.67175778546711
122,GA,500,1,0.115435766184651,3.94418598402665,4.64235150199378,5.19760658095589,0.0674056902674009,0.00657727631074845,0.0159582170284738,0.00657727631074845,0.113343416142512,0.0685203081287785,0.0159582170284738,0.0685203081287785,0.0495362723034005,34.3432649217616,0.0333591493433143,0.0362,0,0.0692,0.01,0.203136,0.0997904,0.023302,0.0063786,0,0.235996,3.8,0.00673868,0.37515,0.0888888888888889,0,0.00628146,1.382,0,0.0661112,0.477386,0.345761666483293,0,1.44,12.1,0.4995,2.19,5.0784,2.49476,0.58255,0.159465,21.0035842293907,5.8999,95,0.168467,9.37875,0.41875,2.91300251256281,0.1570365,34.55,0.154861111111111,1.65278,11.93465,0.663542620071984,1,0.409746136141176,6.85490059604685e-08,0.252372044785375,0.787269396654539,0.656049462715907,0.256396264919394,0.437382911035942,0.0209469764528217,10.8926309164505,1.01873307610047,30.4910174344586,0.0196749602997088,0.722304155257618,0.112645176114433,0.0271162738034706,0.0614831038734513,3.25206483882638,3.34439611245802e-18,0.361649712982071,9.2396112904261,0.358524397110838,0.958933295004431,38.6744041443748,90.5329531181084,133.08446748219,0.840239999999991,1.67175778546711
122,GA,500,0,0.115435766184651,3.94418598402665,4.64235150199378,5.19760658095589,0.0674056902674009,0.00657727631074845,0.0159582170284738,0.00657727631074845,0.113343416142512,0.0685203081287785,0.0159582170284738,0.0685203081287785,0.0495362723034005,34.3432649217616,0.0146965654516308,0.0362,0,0.0692,0.01,0.203136,0.0997904,0.023302,0.0063786,0,0.235996,3.8,0.00673868,0.37515,0.0888888888888889,0,0.00628146,1.382,0,0.0661112,0.477386,0.345761666483293,0,1.44,12.1,0.4995,2.19,5.0784,2.49476,0.58255,0.159465,21.0035842293907,5.8999,95,0.168467,9.37875,0.41875,2.91300251256281,0.1570365,34.55,0.154861111111111,1.65278,11.93465,0.663542620071984,1,0.037761354590067,0.000181454098040417,0.33554204560074,1.08322981141486,0.387630001463128,1.12395948825633,0.49197397476715,0.12758690135907,1.32601343917181,0.512485638195356,8.92610684667907,0.0506118819857661,2.65320590739658,0.21957546169713,6.58246702598952e-11,0.0286726329341234,8.47494283828582,0.0262250519838029,0.0995151236192236,8.61789905600272,0.574096774166235,0.816708454841973,63.4095689930667,96.9519221424179,182.120134027167,0.840239999999991,1.67175778546711
122,GA,500,1,0.115435766184651,3.94418598402665,4.64235150199378,5.19760658095589,0.0674056902674009,0.00657727631074845,0.0159582170284738,0.00657727631074845,0.113343416142512,0.0685203081287785,0.0159582170284738,0.0685203081287785,0.0495362723034005,34.3432649217616,0.0380765591870701,0.0362,0,0.0692,0.01,0.203136,0.0997904,0.023302,0.0063786,0,0.235996,3.8,0.00673868,0.37515,0.0888888888888889,0,0.00628146,1.382,0,0.0661112,0.477386,0.345761666483293,0,1.44,12.1,0.4995,2.19,5.0784,2.49476,0.58255,0.159465,21.0035842293907,5.8999,95,0.168467,9.37875,0.41875,2.91300251256281,0.1570365,34.55,0.154861111111111,1.65278,11.93465,0.663542620071984,1,0.199000526540514,2.52234108540636e-14,0.33554204560074,0.148359248576603,0.5921834818027,1.12395948825633,0.49197397476715,0.0811289049218722,16.6361916367476,0.86975064501522,14.926305971165,0.0168368221923206,4.41960985970513,0.21957546169713,6.58246702598952e-11,0.0286726329341234,8.47494283828582,0.0262250519838029,0.995151236192236,8.61789905600272,0.355751752726122,0.816708454841973,77.0340099639379,83.3271065562324,179.061980976379,0.840239999999991,1.67175778546711
122,GA,500,1,0.115435766184651,3.94418598402665,4.64235150199378,5.19760658095589,0.0674056902674009,0.00657727631074845,0.0159582170284738,0.00657727631074845,0.113343416142512,0.0685203081287785,0.0159582170284738,0.0685203081287785,0.0495362723034005,34.3432649217616,0.0125635433121608,0.0362,0,0.0692,0.01,0.203136,0.0997904,0.023302,0.0063786,0,0.235996,3.8,0.00673868,0.37515,0.0888888888888889,0,0.00628146,1.382,0,0.0661112,0.477386,0.345761666483293,0,1.44,12.1,0.4995,2.19,5.0784,2.49476,0.58255,0.159465,21.0035842293907,5.8999,95,0.168467,9.37875,0.41875,2.91300251256281,0.1570365,34.55,0.154861111111111,1.65278,11.93465,0.663542620071984,1,0.0444559303719107,1.08612927413472e-12,0.0786772243944641,0.0373609773108371,0.746696478864772,0.622771506506541,0.240706572764569,0.0863547610164914,4.37977534906498,4.14229249910611,47.2401794867427,0.00740471809564488,3.17679634748729,0.21630110544916,2.7253628374406e-08,0.00889918452424679,5.04355463157259,5.70149887400548e-19,0.2781447713759,9.11728018098615,0.552238279523602,0.758511957981166,22.2442361107302,88.7356057795004,139.23066571914,0.840239999999991,1.67175778546711
122,GA,500,0,0.115435766184651,3.94418598402665,4.64235150199378,5.19760658095589,0.0674056902674009,0.00657727631074845,0.0159582170284738,0.00657727631074845,0.113343416142512,0.0685203081287785,0.0159582170284738,0.0685203081287785,0.0495362723034005,34.3432649217616,0.0133268315631788,0.0362,0,0.0692,0.01,0.203136,0.0997904,0.023302,0.0063786,0,0.235996,3.8,0.00673868,0.37515,0.0888888888888889,0,0.00628146,1.382,0,0.0661112,0.477386,0.345761666483293,0,1.44,12.1,0.4995,2.19,5.0784,2.49476,0.58255,0.159465,21.0035842293907,5.8999,95,0.168467,9.37875,0.41875,2.91300251256281,0.1570365,34.55,0.154861111111111,1.65278,11.93465,0.663542620071984,1,0.410149823864621,7.2493608402609e-10,0.41552131248852,1.08322981141486,0.737101348540604,1.12395948825633,0.49197397476715,0.0576827980048167,0.833300095514468,0.86975064501522,14.926305971165,0.0192763124463403,3.88552556880721,0.12647110200761,6.58246702598952e-11,0.00746237111728264,2.92423854695783,0.00013228835818295,0.995151236192236,6.55857546741764,0.355751752726122,0.816708454841973,32.7755295556979,175.129767797911,247.20917078915,0.840239999999991,1.67175778546711
122,GA,500,0,0.115435766184651,3.94418598402665,4.64235150199378,5.19760658095589,0.0674056902674009,0.00657727631074845,0.0159582170284738,0.00657727631074845,0.113343416142512,0.0685203081287785,0.0159582170284738,0.0685203081287785,0.0495362723034005,34.3432649217616,0.00776567122268282,0.0362,0,0.0692,0.01,0.203136,0.0997904,0.023302,0.0063786,0,0.235996,3.8,0.00673868,0.37515,0.0888888888888889,0,0.00628146,1.382,0,0.0661112,0.477386,0.345761666483293,0,1.44,12.1,0.4995,2.19,5.0784,2.49476,0.58255,0.159465,21.0035842293907,5.8999,95,0.168467,9.37875,0.41875,2.91300251256281,0.1570365,34.55,0.154861111111111,1.65278,11.93465,0.663542620071984,1,0.0916288316139114,1.64323863079778e-13,0.277335039413994,0.0789394361666515,2.50525336465939,1.0674281911628,0.247316265187379,0.026747262207699,1.59538700283146,0.512485638195356,3.91540625002707,0.0123489183198461,6.61939029384576,0.161078230904017,5.024749053894e-17,0.0448831406237602,8.29988069080877,0.000820109397835687,1.5141658359006,6.02614147440161,0.374224630206698,0.816708454841973,35.2973006284196,63.8860163071497,113.521073050993,0.840239999999991,1.67175778546711
122,GA,500,1,0.115435766184651,3.94418598402665,4.64235150199378,5.19760658095589,0.0674056902674009,0.00657727631074845,0.0159582170284738,0.00657727631074845,0.113343416142512,0.0685203081287785,0.0159582170284738,0.0685203081287785,0.0495362723034005,34.3432649217616,0.0056108290094686,0.0362,0,0.0692,0.01,0.203136,0.0997904,0.023302,0.0063786,0,0.235996,3.8,0.00673868,0.37515,0.0888888888888889,0,0.00628146,1.382,0,0.0661112,0.477386,0.345761666483293,0,1.44,12.1,0.4995,2.19,5.0784,2.49476,0.58255,0.159465,21.0035842293907,5.8999,95,0.168467,9.37875,0.41875,2.91300251256281,0.1570365,34.55,0.154861111111111,1.65278,11.93465,0.663542620071984,1,0.037761354590067,1.37299261608059e-14,0.0719554922018008,1.08322981141486,0.346722442424389,0.877964643016063,0.49197397476715,0.0576827980048167,3.55071301816798,0.949739540455731,5.98824209110219,0.0192763124463403,4.41960985970513,0.21957546169713,0.109181512313709,0.148266687936661,10.5087260359772,0.00132390400816407,0.189665733937792,3.36791779424044,0.574096774166235,0.816708454841973,54.8986071082851,101.957351726551,179.737955987414,0.840239999999991,1.67175778546711
122,GA,500,1,0.115435766184651,3.94418598402665,4.64235150199378,5.19760658095589,0.0674056902674009,0.00657727631074845,0.0159582170284738,0.00657727631074845,0.113343416142512,0.0685203081287785,0.0159582170284738,0.0685203081287785,0.0495362723034005,34.3432649217616,0.0270950160772689,0.0362,0,0.0692,0.01,0.203136,0.0997904,0.023302,0.0063786,0,0.235996,3.8,0.00673868,0.37515,0.0888888888888889,0,0.00628146,1.382,0,0.0661112,0.477386,0.345761666483293,0,1.44,12.1,0.4995,2.19,5.0784,2.49476,0.58255,0.159465,21.0035842293907,5.8999,95,0.168467,9.37875,0.41875,2.91300251256281,0.1570365,34.55,0.154861111111111,1.65278,11.93465,0.663542620071984,1,0.098826993712629,3.61600277846288e-07,0.216503935361126,0.453942655418488,2.29204562370403,0.907940817336472,0.108841377854299,0.0897190927538993,2.12274319735741,0.73696662959153,4.48230758670022,0.0277355553288218,0.952210213392367,0.12647110200761,0.0126020088799756,0.0134012083767732,3.789385088098,0.0637785555940518,1.29606487869952,3.36791779424044,0.484668364391721,0.758511957981166,41.7083804640708,68.8424193704412,132.468214433822,0.840239999999991,1.67175778546711
122,GA,500,0,0.115435766184651,3.94418598402665,4.64235150199378,5.19760658095589,0.0674056902674009,0.00657727631074845,0.0159582170284738,0.00657727631074845,0.113343416142512,0.0685203081287785,0.0159582170284738,0.0685203081287785,0.0495362723034005,34.3432649217616,0.0201099021403676,0.0362,0,0.0692,0.01,0.203136,0.0997904,0.023302,0.0063786,0,0.235996,3.8,0.00673868,0.37515,0.0888888888888889,0,0.00628146,1.382,0,0.0661112,0.477386,0.345761666483293,0,1.44,12.1,0.4995,2.19,5.0784,2.49476,0.58255,0.159465,21.0035842293907,5.8999,95,0.168467,9.37875,0.41875,2.91300251256281,0.1570365,34.55,0.154861111111111,1.65278,11.93465,0.663542620071984,1,1.30675423337098,8.25858541745726e-07,0.379716216609904,1.39972485971381,0.329329688832283,1.16262706449766,0.437382911035942,0.0582552351938185,0.833300095514468,4.58086460011602,19.5376739892254,0.102793021787213,2.56289163342466,0.112645176114433,2.13832222689506e-18,0.148266687936661,8.78266817544753,2.10757209920929e-19,0.995151236192236,2.61815731834484,0.574096774166235,0.958933295004431,48.7777385089285,146.892654248615,201.961129902108,0.840239999999991,1.67175778546711
122,GA,500,0,0.115435766184651,3.94418598402665,4.64235150199378,5.19760658095589,0.0674056902674009,0.00657727631074845,0.0159582170284738,0.00657727631074845,0.113343416142512,0.0685203081287785,0.0159582170284738,0.0685203081287785,0.0495362723034005,34.3432649217616,0.00779744596640891,0.0362,0,0.0692,0.01,0.203136,0.0997904,0.023302,0.0063786,0,0.235996,3.8,0.00673868,0.37515,0.0888888888888889,0,0.00628146,1.382,0,0.0661112,0.477386,0.345761666483293,0,1.44,12.1,0.4995,2.19,5.0784,2.49476,0.58255,0.159465,21.0035842293907,5.8999,95,0.168467,9.37875,0.41875,2.91300251256281,0.1570365,34.55,0.154861111111111,1.65278,11.93465,0.663542620071984,1,0.524012258550122,0.000304209854453001,0.106675703561767,0.316591415880286,0.671734316806811,0.555766469264128,0.49197397476715,0.0811289049218722,1.52387406719625,0.86975064501522,14.926305971165,0.0367623215560257,1.83847581336385,0.114777397909349,6.58246702598952e-11,0.101502803741916,4.61771213059937,6.99117968163584e-21,0.331786336011284,2.70169516362502,0.489578835731559,0.816708454841973,49.6773906046848,69.8932402007343,135.256571016449,0.840239999999991,1.67175778546711
122,GA,500,1,0.115435766184651,3.94418598402665,4.64235150199378,5.19760658095589,0.0674056902674009,0.00657727631074845,0.0159582170284738,0.00657727631074845,0.113343416142512,0.0685203081287785,0.0159582170284738,0.0685203081287785,0.0495362723034005,34.3432649217616,0.010964628875762,0.0362,0,0.0692,0.01,0.203136,0.0997904,0.023302,0.0063786,0,0.235996,3.8,0.00673868,0.37515,0.0888888888888889,0,0.00628146,1.382,0,0.0661112,0.477386,0.345761666483293,0,1.44,12.1,0.4995,2.19,5.0784,2.49476,0.58255,0.159465,21.0035842293907,5.8999,95,0.168467,9.37875,0.41875,2.91300251256281,0.1570365,34.55,0.154861111111111,1.65278,11.93465,0.663542620071984,1,0.037761354590067,8.8672107466311e-10,0.28342883532747,1.08322981141486,0.979979291874766,0.939708245687775,0.49197397476715,0.0811289049218722,0.855396724735364,0.550555359087387,14.926305971165,0.0193224049118705,4.41960985970513,0.21957546169713,2.76148587744937e-13,0.122427109290982,10.5087260359772,0.0415870595111078,1.52509138157128,2.38904128415442,0.447389886239617,0.816708454841973,54.2463353744727,128.986683405546,212.181131617649,0.840239999999991,1.67175778546711
122,GA,500,1,0.115435766184651,3.94418598402665,4.64235150199378,5.19760658095589,0.0674056902674009,0.00657727631074845,0.0159582170284738,0.00657727631074845,0.113343416142512,0.0685203081287785,0.0159582170284738,0.0685203081287785,0.0495362723034005,34.3432649217616,0.0909269667128464,0.0362,0,0.0692,0.01,0.203136,0.0997904,0.023302,0.0063786,0,0.235996,3.8,0.00673868,0.37515,0.0888888888888889,0,0.00628146,1.382,0,0.0661112,0.477386,0.345761666483293,0,1.44,12.1,0.4995,2.19,5.0784,2.49476,0.58255,0.159465,21.0035842293907,5.8999,95,0.168467,9.37875,0.41875,2.91300251256281,0.1570365,34.55,0.154861111111111,1.65278,11.93465,0.663542620071984,1,0.325032270570951,6.85490059604685e-08,0.355021858924853,1.63276703201205,0.546210626633476,0.877964643016063,0.437382911035942,0.0182177042265205,10.8926309164505,5.72752345947607,36.7058281819495,0.03980139721935,0.952210213392367,0.112645176114433,2.79748765035835e-15,0.00831445859145277,15.4309180351339,0.000435235678535388,1.29606487869952,3.36791779424044,0.459244421647998,0.958933295004431,49.3404567857838,102.38440158953,156.109511654253,0.840239999999991,1.67175778546711
122,GA,500,1,0.115435766184651,3.94418598402665,4.64235150199378,5.19760658095589,0.0674056902674009,0.00657727631074845,0.0159582170284738,0.00657727631074845,0.113343416142512,0.0685203081287785,0.0159582170284738,0.0685203081287785,0.0495362723034005,34.3432649217616,0.0446186172791633,0.0362,0,0.0692,0.01,0.203136,0.0997904,0.023302,0.0063786,0,0.235996,3.8,0.00673868,0.37515,0.0888888888888889,0,0.00628146,1.382,0,0.0661112,0.477386,0.345761666483293,0,1.44,12.1,0.4995,2.19,5.0784,2.49476,0.58255,0.159465,21.0035842293907,5.8999,95,0.168467,9.37875,0.41875,2.91300251256281,0.1570365,34.55,0.154861111111111,1.65278,11.93465,0.663542620071984,1,0.433194100463836,1.37299261608059e-14,0.187605371282888,1.08322981141486,0.484777459181534,0.877964643016063,0.437382911035942,0.0811289049218722,1.60437034828234,4.58086460011602,29.8814900960205,0.0367623215560257,4.41960985970513,0.21957546169713,0.000906916338668913,0.048471069776101,15.4309180351339,0.00262250519838029,0.468223357555741,3.36791779424044,0.574096774166235,0.816708454841973,54.0705289680599,138.686294655014,223.881792501323,0.840239999999991,1.67175778546711
122,GA,500,1,0.115435766184651,3.94418598402665,4.64235150199378,5.19760658095589,0.0674056902674009,0.00657727631074845,0.0159582170284738,0.00657727631074845,0.113343416142512,0.0685203081287785,0.0159582170284738,0.0685203081287785,0.0495362723034005,34.3432649217616,0.0207951282459473,0.0362,0,0.0692,0.01,0.203136,0.0997904,0.023302,0.0063786,0,0.235996,3.8,0.00673868,0.37515,0.0888888888888889,0,0.00628146,1.382,0,0.0661112,0.477386,0.345761666483293,0,1.44,12.1,0.4995,2.19,5.0784,2.49476,0.58255,0.159465,21.0035842293907,5.8999,95,0.168467,9.37875,0.41875,2.91300251256281,0.1570365,34.55,0.154861111111111,1.65278,11.93465,0.663542620071984,1,0.144669546263794,0.000181454098040417,0.178078481620148,1.08322981141486,0.387630001463128,1.12395948825633,0.447718646133985,0.042486353321664,7.56898553524094,0.450128741619122,32.9528002792937,0.0167603336271827,5.5876371283912,0.181086691318901,2.07860579025522e-07,0.0730424550714795,11.0207405764091,0.0262250519838029,0.263055755176134,8.61789905600272,0.424440336392406,0.816708454841973,71.0425474147824,119.801199937886,217.730388378871,0.840239999999991,1.67175778546711
122,GA,500,1,0.115435766184651,3.94418598402665,4.64235150199378,5.19760658095589,0.0674056902674009,0.00657727631074845,0.0159582170284738,0.00657727631074845,0.113343416142512,0.0685203081287785,0.0159582170284738,0.0685203081287785,0.0495362723034005,34.3432649217616,0.0138646551330177,0.0362,0,0.0692,0.01,0.203136,0.0997904,0.023302,0.0063786,0,0.235996,3.8,0.00673868,0.37515,0.0888888888888889,0,0.00628146,1.382,0,0.0661112,0.477386,0.345761666483293,0,1.44,12.1,0.4995,2.19,5.0784,2.49476,0.58255,0.159465,21.0035842293907,5.8999,95,0.168467,9.37875,0.41875,2.91300251256281,0.1570365,34.55,0.154861111111111,1.65278,11.93465,0.663542620071984,1,0.037761354590067,7.2493608402609e-10,0.33554204560074,1.08322981141486,0.387630001463128,1.77255550098967,0.49197397476715,0.116941370040857,10.8926309164505,4.58086460011602,12.9498568945179,0.0506118819857661,3.88552556880721,0.145032067742465,0.809494118959263,0.0286726329341234,8.47494283828582,3.97448770837526e-17,0.995151236192236,8.61789905600272,0.355751752726122,0.816708454841973,31.3082219382084,97.7530463629037,150.999705212761,0.840239999999991,1.67175778546711
122,GA,500,1,0.115435766184651,3.94418598402665,4.64235150199378,5.19760658095589,0.0674056902674009,0.00657727631074845,0.0159582170284738,0.00657727631074845,0.113343416142512,0.0685203081287785,0.0159582170284738,0.0685203081287785,0.0495362723034005,34.3432649217616,0.0310514655256736,0.0362,0,0.0692,0.01,0.203136,0.0997904,0.023302,0.0063786,0,0.235996,3.8,0.00673868,0.37515,0.0888888888888889,0,0.00628146,1.382,0,0.0661112,0.477386,0.345761666483293,0,1.44,12.1,0.4995,2.19,5.0784,2.49476,0.58255,0.159465,21.0035842293907,5.8999,95,0.168467,9.37875,0.41875,2.91300251256281,0.1570365,34.55,0.154861111111111,1.65278,11.93465,0.663542620071984,1,0.112908577399048,2.11015958122419e-17,0.0839363855083583,1.08322981141486,0.387630001463128,0.100261536326899,0.509507990776523,0.14687482971743,1.32601343917181,0.514095775517382,5.98824209110219,0.0648923444862926,4.41960985970513,0.112671916743538,2.07860579025522e-08,0.0134012083767732,10.5087260359772,0.0262250519838029,0.189665733937792,8.48455462585815,0.566236563537123,0.816708454841973,53.0410467854755,75.8564725907563,145.921770795409,0.840239999999991,1.67175778546711
122,GA,500,0,0.115435766184651,3.94418598402665,4.64235150199378,5.19760658095589,0.0674056902674009,0.00657727631074845,0.0159582170284738,0.00657727631074845,0.113343416142512,0.0685203081287785,0.0159582170284738,0.0685203081287785,0.0495362723034005,34.3432649217616,0.00543543704522919,0.0362,0,0.0692,0.01,0.203136,0.0997904,0.023302,0.0063786,0,0.235996,3.8,0.00673868,0.37515,0.0888888888888889,0,0.00628146,1.382,0,0.0661112,0.477386,0.345761666483293,0,1.44,12.1,0.4995,2.19,5.0784,2.49476,0.58255,0.159465,21.0035842293907,5.8999,95,0.168467,9.37875,0.41875,2.91300251256281,0.1570365,34.55,0.154861111111111,1.65278,11.93465,0.663542620071984,1,0.037761354590067,1.37299261608059e-14,0.106675703561767,1.08322981141486,0.387630001463128,1.12395948825633,0.41732765724745,0.14687482971743,13.2601343917181,1.04379568744073,14.926305971165,0.0648923444862926,4.41960985970513,0.112671916743538,6.58246702598952e-11,0.0286726329341234,8.47494283828582,0.0262250519838029,0.189665733937792,2.09251736849333,0.355751752726122,0.816708454841973,62.0125393759282,96.9722396550194,180.747981723936,0.840239999999991,1.67175778546711
122,GA,500,0,0.115435766184651,3.94418598402665,4.64235150199378,5.19760658095589,0.0674056902674009,0.00657727631074845,0.0159582170284738,0.00657727631074845,0.113343416142512,0.0685203081287785,0.0159582170284738,0.0685203081287785,0.0495362723034005,34.3432649217616,0.0112302634760482,0.0362,0,0.0692,0.01,0.203136,0.0997904,0.023302,0.0063786,0,0.235996,3.8,0.00673868,0.37515,0.0888888888888889,0,0.00628146,1.382,0,0.0661112,0.477386,0.345761666483293,0,1.44,12.1,0.4995,2.19,5.0784,2.49476,0.58255,0.159465,21.0035842293907,5.8999,95,0.168467,9.37875,0.41875,2.91300251256281,0.1570365,34.55,0.154861111111111,1.65278,11.93465,0.663542620071984,1,0.433194100463836,6.85490059604685e-08,0.106675703561767,1.08322981141486,0.374289070832957,1.12395948825633,0.49197397476715,0.116941370040857,1.32601343917181,4.58086460011602,14.926305971165,0.0506118819857661,3.88552556880721,0.21957546169713,0.000906916338668913,0.0286726329341234,8.47494283828582,3.13356372407745e-13,0.835924390746135,4.09456305560179,0.355751752726122,0.958933295004431,39.7787559221916,145.07309431014,191.064663988894,0.840239999999991,1.67175778546711
122,GA,500,0,0.115435766184651,3.94418598402665,4.64235150199378,5.19760658095589,0.0674056902674009,0.00657727631074845,0.0159582170284738,0.00657727631074845,0.113343416142512,0.0685203081287785,0.0159582170284738,0.0685203081287785,0.0495362723034005,34.3432649217616,0.00745053096188901,0.0362,0,0.0692,0.01,0.203136,0.0997904,0.023302,0.0063786,0,0.235996,3.8,0.00673868,0.37515,0.0888888888888889,0,0.00628146,1.382,0,0.0661112,0.477386,0.345761666483293,0,1.44,12.1,0.4995,2.19,5.0784,2.49476,0.58255,0.159465,21.0035842293907,5.8999,95,0.168467,9.37875,0.41875,2.91300251256281,0.1570365,34.55,0.154861111111111,1.65278,11.93465,0.663542620071984,1,1.02498647206923,7.2493608402609e-11,0.390952463826241,0.0222245668912946,0.365120411627262,2.43768352618124,0.437382911035942,0.0390413280861195,6.0729948551954,0.499603141290076,29.2185066946688,0.0135652690038085,1.25173636143628,0.110816348482218,4.964938377005e-10,0.00768956438968787,5.06121960051148,0.0262250519838029,0.207128414256045,0.785369048313896,0.355751752726122,0.816708454841973,68.9660613746018,119.894152343785,215.767715787477,0.840239999999991,1.67175778546711
122,GA,500,1,0.115435766184651,3.94418598402665,4.64235150199378,5.19760658095589,0.0674056902674009,0.00657727631074845,0.0159582170284738,0.00657727631074845,0.113343416142512,0.0685203081287785,0.0159582170284738,0.0685203081287785,0.0495362723034005,34.3432649217616,0.0475680361612475,0.0362,0,0.0692,0.01,0.203136,0.0997904,0.023302,0.0063786,0,0.235996,3.8,0.00673868,0.37515,0.0888888888888889,0,0.00628146,1.382,0,0.0661112,0.477386,0.345761666483293,0,1.44,12.1,0.4995,2.19,5.0784,2.49476,0.58255,0.159465,21.0035842293907,5.8999,95,0.168467,9.37875,0.41875,2.91300251256281,0.1570365,34.55,0.154861111111111,1.65278,11.93465,0.663542620071984,1,0.37761354590067,3.52758878304675e-09,0.205123590851622,1.95004077256936,0.233243041368488,0.756213395660614,0.41732765724745,0.048388079744405,1.58866737449053,5.49286426318251,19.5376739892254,0.0526620969576673,4.41960985970513,0.284287023415144,4.65371225366025e-06,0.00638182779942625,10.5087260359772,7.17136694946562e-21,0.0758580758946017,3.88957939419728,0.566236563537123,0.816708454841973,35.6147218184666,131.789987066577,196.98195915419,0.840239999999991,1.67175778546711
122,GA,500,1,0.115435766184651,3.94418598402665,4.64235150199378,5.19760658095589,0.0674056902674009,0.00657727631074845,0.0159582170284738,0.00657727631074845,0.113343416142512,0.0685203081287785,0.0159582170284738,0.0685203081287785,0.0495362723034005,34.3432649217616,0.0173800717001086,0.0362,0,0.0692,0.01,0.203136,0.0997904,0.023302,0.0063786,0,0.235996,3.8,0.00673868,0.37515,0.0888888888888889,0,0.00628146,1.382,0,0.0661112,0.477386,0.345761666483293,0,1.44,12.1,0.4995,2.19,5.0784,2.49476,0.58255,0.159465,21.0035842293907,5.8999,95,0.168467,9.37875,0.41875,2.91300251256281,0.1570365,34.55,0.154861111111111,1.65278,11.93465,0.663542620071984,1,0.363479111087168,1.21817414375463e-12,0.106675703561767,1.08322981141486,0.387630001463128,0.634153152411786,0.537641724503813,0.14687482971743,4.52864709860439,0.512485638195356,10.5575153830508,0.0648923444862926,4.41960985970513,0.164583134885912,0.0125440359807552,0.0134012083767732,10.5087260359772,0.0262250519838029,0.0838624901609079,9.22701646898401,0.574096774166235,0.816708454841973,63.517342068908,96.6918371766205,181.909452011408,0.840239999999991,1.67175778546711
122,GA,500,1,0.115435766184651,3.94418598402665,4.64235150199378,5.19760658095589,0.0674056902674009,0.00657727631074845,0.0159582170284738,0.00657727631074845,0.113343416142512,0.0685203081287785,0.0159582170284738,0.0685203081287785,0.0495362723034005,34.3432649217616,0.0415165942882831,0.0362,0,0.0692,0.01,0.203136,0.0997904,0.023302,0.0063786,0,0.235996,3.8,0.00673868,0.37515,0.0888888888888889,0,0.00628146,1.382,0,0.0661112,0.477386,0.345761666483293,0,1.44,12.1,0.4995,2.19,5.0784,2.49476,0.58255,0.159465,21.0035842293907,5.8999,95,0.168467,9.37875,0.41875,2.91300251256281,0.1570365,34.55,0.154861111111111,1.65278,11.93465,0.663542620071984,1,0.0511071195324601,0.125783288239609,0.0719554922018008,0.84745896001386,0.387630001463128,0.381454832316643,0.217097568982365,0.0582552351938185,1.86412874473012,5.0679665359321,9.72340954091972,0.0962213297046763,1.43583498984136,0.112645176114433,0.109181512313709,0.0831445859145277,10.5087260359772,0.000435235678535388,0.305275129504086,8.01624434987282,0.574096774166235,0.816708454841973,60.206659462151,83.3475033028126,162.259604804733,0.840239999999991,1.67175778546711
122,GA,500,1,0.115435766184651,3.94418598402665,4.64235150199378,5.19760658095589,0.0674056902674009,0.00657727631074845,0.0159582170284738,0.00657727631074845,0.113343416142512,0.0685203081287785,0.0159582170284738,0.0685203081287785,0.0495362723034005,34.3432649217616,0.0498150140100684,0.0362,0,0.0692,0.01,0.203136,0.0997904,0.023302,0.0063786,0,0.235996,3.8,0.00673868,0.37515,0.0888888888888889,0,0.00628146,1.382,0,0.0661112,0.477386,0.345761666483293,0,1.44,12.1,0.4995,2.19,5.0784,2.49476,0.58255,0.159465,21.0035842293907,5.8999,95,0.168467,9.37875,0.41875,2.91300251256281,0.1570365,34.55,0.154861111111111,1.65278,11.93465,0.663542620071984,1,0.846322127465164,1.37299261608059e-14,0.106675703561767,0.0186167452989518,0.387630001463128,1.12395948825633,0.41732765724745,0.14687482971743,7.56898553524094,1.04379568744073,25.0934955521434,0.0648923444862926,0.948584406495536,0.112671916743538,2.07860579025522e-07,0.0134012083767732,5.06121960051148,0.0262250519838029,0.189665733937792,2.73694831976921,0.369146955385249,0.816708454841973,56.5449787561826,69.4136285957161,141.53690970068,0.840239999999991,1.67175778546711
122,GA,500,1,0.115435766184651,3.94418598402665,4.64235150199378,5.19760658095589,0.0674056902674009,0.00657727631074845,0.0159582170284738,0.00657727631074845,0.113343416142512,0.0685203081287785,0.0159582170284738,0.0685203081287785,0.0495362723034005,34.3432649217616,0.0134938065359573,0.0362,0,0.0692,0.01,0.203136,0.0997904,0.023302,0.0063786,0,0.235996,3.8,0.00673868,0.37515,0.0888888888888889,0,0.00628146,1.382,0,0.0661112,0.477386,0.345761666483293,0,1.44,12.1,0.4995,2.19,5.0784,2.49476,0.58255,0.159465,21.0035842293907,5.8999,95,0.168467,9.37875,0.41875,2.91300251256281,0.1570365,34.55,0.154861111111111,1.65278,11.93465,0.663542620071984,1,0.0471992997504319,6.18135514122948e-14,0.106675703561767,1.08322981141486,0.241920198169056,0.882600469421692,0.514839196202187,0.116941370040857,3.27346768517959,3.57245712425845,16.3634938349281,0.0506118819857661,0.993645809886446,0.100114832399319,6.58246702598952e-11,0.032712089464921,7.07573438608025,0.0262250519838029,0.0847156777593198,1.0883261727602,0.355751752726122,0.816708454841973,52.9786666571235,67.7738449966353,135.962802054313,0.840239999999991,1.67175778546711
122,GA,500,0,0.115435766184651,3.94418598402665,4.64235150199378,5.19760658095589,0.0674056902674009,0.00657727631074845,0.0159582170284738,0.00657727631074845,0.113343416142512,0.0685203081287785,0.0159582170284738,0.0685203081287785,0.0495362723034005,34.3432649217616,0.00551013760693152,0.0362,0,0.0692,0.01,0.203136,0.0997904,0.023302,0.0063786,0,0.235996,3.8,0.00673868,0.37515,0.0888888888888889,0,0.00628146,1.382,0,0.0661112,0.477386,0.345761666483293,0,1.44,12.1,0.4995,2.19,5.0784,2.49476,0.58255,0.159465,21.0035842293907,5.8999,95,0.168467,9.37875,0.41875,2.91300251256281,0.1570365,34.55,0.154861111111111,1.65278,11.93465,0.663542620071984,1,0.37761354590067,3.53685052856357,0.33554204560074,1.15148892247431,0.387630001463128,1.12395948825633,0.428019969057823,0.0105150412854561,13.2601343917181,0.318725922274698,14.926305971165,0.0506118819857661,3.88552556880721,0.118298724856354,6.58246702598952e-11,0.0103153555875017,2.32703221138598,1.32270289613422e-16,0.157711538253555,8.61789905600272,0.355751752726122,0.816708454841973,33.3963958128844,78.9721779101721,130.0920739854,0.840239999999991,1.67175778546711
122,GA,500,1,0.115435766184651,3.94418598402665,4.64235150199378,5.19760658095589,0.0674056902674009,0.00657727631074845,0.0159582170284738,0.00657727631074845,0.113343416142512,0.0685203081287785,0.0159582170284738,0.0685203081287785,0.0495362723034005,34.3432649217616,0.0810393825046949,0.0362,0,0.0692,0.01,0.203136,0.0997904,0.023302,0.0063786,0,0.235996,3.8,0.00673868,0.37515,0.0888888888888889,0,0.00628146,1.382,0,0.0661112,0.477386,0.345761666483293,0,1.44,12.1,0.4995,2.19,5.0784,2.49476,0.58255,0.159465,21.0035842293907,5.8999,95,0.168467,9.37875,0.41875,2.91300251256281,0.1570365,34.55,0.154861111111111,1.65278,11.93465,0.663542620071984,1,1.02498647206923,8.70525997635319e-15,0.0743581957801286,1.08322981141486,0.346722442424389,1.4598632802406,0.437382911035942,0.0897190927538993,10.8926309164505,4.58086460011602,16.942540576199,0.0506118819857661,0.952210213392367,0.110816348482218,0.00029644168538526,0.00768956438968787,15.4309180351339,0.0262250519838029,0.0757854783167915,1.02973372027796,0.489667717615822,0.958933295004431,57.8828446529541,152.684913671985,217.106551314719,0.840239999999991,1.67175778546711
122,GA,500,0,0.115435766184651,3.94418598402665,4.64235150199378,5.19760658095589,0.0674056902674009,0.00657727631074845,0.0159582170284738,0.00657727631074845,0.113343416142512,0.0685203081287785,0.0159582170284738,0.0685203081287785,0.0495362723034005,34.3432649217616,0.00682206072920392,0.0362,0,0.0692,0.01,0.203136,0.0997904,0.023302,0.0063786,0,0.235996,3.8,0.00673868,0.37515,0.0888888888888889,0,0.00628146,1.382,0,0.0661112,0.477386,0.345761666483293,0,1.44,12.1,0.4995,2.19,5.0784,2.49476,0.58255,0.159465,21.0035842293907,5.8999,95,0.168467,9.37875,0.41875,2.91300251256281,0.1570365,34.55,0.154861111111111,1.65278,11.93465,0.663542620071984,1,0.508871063422381,7.2493608402609e-11,0.106675703561767,1.08322981141486,0.374289070832957,1.14085275216875,0.49197397476715,0.0811289049218722,13.2601343917181,0.86975064501522,14.926305971165,0.0481444305343451,4.41960985970513,0.21957546169713,6.58246702598952e-11,0.134012083767732,8.33768186817541,0.00262250519838029,0.0672498050960735,6.8839903158064,0.355751752726122,0.816708454841973,65.9800854744884,103.806979379628,193.084168656429,0.840239999999991,1.67175778546711
122,GA,500,0,0.115435766184651,3.94418598402665,4.64235150199378,5.19760658095589,0.0674056902674009,0.00657727631074845,0.0159582170284738,0.00657727631074845,0.113343416142512,0.0685203081287785,0.0159582170284738,0.0685203081287785,0.0495362723034005,34.3432649217616,0.0203016075649191,0.0362,0,0.0692,0.01,0.203136,0.0997904,0.023302,0.0063786,0,0.235996,3.8,0.00673868,0.37515,0.0888888888888889,0,0.00628146,1.382,0,0.0661112,0.477386,0.345761666483293,0,1.44,12.1,0.4995,2.19,5.0784,2.49476,0.58255,0.159465,21.0035842293907,5.8999,95,0.168467,9.37875,0.41875,2.91300251256281,0.1570365,34.55,0.154861111111111,1.65278,11.93465,0.663542620071984,1,0.410149823864621,3.61600277846288e-07,0.443953346279751,0.0157587581807599,0.346722442424389,0.907940817336472,0.280937647984477,0.15117031460227,4.37977534906498,0.86975064501522,4.48230758670022,0.141506926749212,2.98899125272833,0.112645176114433,0.0126020088799756,0.0306966742281059,8.47494283828582,9.72797905625576e-20,0.989112365061969,6.55857546741764,0.375849078759741,0.758511957981166,62.4391560284864,67.2291610596904,151.072117384331,0.840239999999991,1.67175778546711
122,GA,500,1,0.115435766184651,3.94418598402665,4.64235150199378,5.19760658095589,0.0674056902674009,0.00657727631074845,0.0159582170284738,0.00657727631074845,0.113343416142512,0.0685203081287785,0.0159582170284738,0.0685203081287785,0.0495362723034005,34.3432649217616,0.0168442630132888,0.0362,0,0.0692,0.01,0.203136,0.0997904,0.023302,0.0063786,0,0.235996,3.8,0.00673868,0.37515,0.0888888888888889,0,0.00628146,1.382,0,0.0661112,0.477386,0.345761666483293,0,1.44,12.1,0.4995,2.19,5.0784,2.49476,0.58255,0.159465,21.0035842293907,5.8999,95,0.168467,9.37875,0.41875,2.91300251256281,0.1570365,34.55,0.154861111111111,1.65278,11.93465,0.663542620071984,1,0.037761354590067,7.2493608402609e-11,0.33554204560074,1.08322981141486,0.387630001463128,0.112395948825633,0.49197397476715,0.116941370040857,1.32601343917181,0.86975064501522,14.926305971165,0.0506118819857661,3.88552556880721,0.21957546169713,6.58246702598952e-11,0.0286726329341234,7.07573438608025,0.0262250519838029,0.0995151236192236,2.09251736849333,0.425376434642763,0.816708454841973,42.8373475538768,86.3351598066267,148.548460613594,0.840239999999991,1.67175778546711
122,GA,500,0,0.115435766184651,3.94418598402665,4.64235150199378,5.19760658095589,0.0674056902674009,0.00657727631074845,0.0159582170284738,0.00657727631074845,0.113343416142512,0.0685203081287785,0.0159582170284738,0.0685203081287785,0.0495362723034005,34.3432649217616,0.00784908569030137,0.0362,0,0.0692,0.01,0.203136,0.0997904,0.023302,0.0063786,0,0.235996,3.8,0.00673868,0.37515,0.0888888888888889,0,0.00628146,1.382,0,0.0661112,0.477386,0.345761666483293,0,1.44,12.1,0.4995,2.19,5.0784,2.49476,0.58255,0.159465,21.0035842293907,5.8999,95,0.168467,9.37875,0.41875,2.91300251256281,0.1570365,34.55,0.154861111111111,1.65278,11.93465,0.663542620071984,1,0.151001119807738,1.37299261608059e-14,0.260834757889196,1.08322981141486,0.230765642618654,0.291008864679124,0.41732765724745,0.116941370040857,1.32601343917181,0.586551018129257,14.926305971165,0.0506118819857661,4.41960985970513,0.112671916743538,2.07860579025522e-07,0.0108560314154367,6.58984318242795,0.00781973419411956,0.189665733937792,5.13193549803677,0.355751752726122,0.816708454841973,39.3893281201937,124.474833735099,191.799693161883,0.840239999999991,1.67175778546711
122,GA,500,0,0.115435766184651,3.94418598402665,4.64235150199378,5.19760658095589,0.0674056902674009,0.00657727631074845,0.0159582170284738,0.00657727631074845,0.113343416142512,0.0685203081287785,0.0159582170284738,0.0685203081287785,0.0495362723034005,34.3432649217616,0.0117208686250902,0.0362,0,0.0692,0.01,0.203136,0.0997904,0.023302,0.0063786,0,0.235996,3.8,0.00673868,0.37515,0.0888888888888889,0,0.00628146,1.382,0,0.0661112,0.477386,0.345761666483293,0,1.44,12.1,0.4995,2.19,5.0784,2.49476,0.58255,0.159465,21.0035842293907,5.8999,95,0.168467,9.37875,0.41875,2.91300251256281,0.1570365,34.55,0.154861111111111,1.65278,11.93465,0.663542620071984,1,0.037761354590067,1.37299261608059e-14,0.106675703561767,1.08322981141486,0.387630001463128,1.12395948825633,0.49197397476715,0.116941370040857,1.32601343917181,1.04379568744073,5.98824209110219,0.0648923444862926,4.41960985970513,0.21957546169713,2.07860579025522e-07,0.0286726329341234,8.47494283828582,0.00262250519838029,0.189665733937792,8.61789905600272,0.369146955385249,0.816708454841973,43.160661892372,77.5987201598254,138.174641115644,0.840239999999991,1.67175778546711
122,GA,500,0,0.115435766184651,3.94418598402665,4.64235150199378,5.19760658095589,0.0674056902674009,0.00657727631074845,0.0159582170284738,0.00657727631074845,0.113343416142512,0.0685203081287785,0.0159582170284738,0.0685203081287785,0.0495362723034005,34.3432649217616,0.0132160396364277,0.0362,0,0.0692,0.01,0.203136,0.0997904,0.023302,0.0063786,0,0.235996,3.8,0.00673868,0.37515,0.0888888888888889,0,0.00628146,1.382,0,0.0661112,0.477386,0.345761666483293,0,1.44,12.1,0.4995,2.19,5.0784,2.49476,0.58255,0.159465,21.0035842293907,5.8999,95,0.168467,9.37875,0.41875,2.91300251256281,0.1570365,34.55,0.154861111111111,1.65278,11.93465,0.663542620071984,1,0.037761354590067,8.50379936890504e-10,0.28458430643001,1.08322981141486,0.374289070832957,0.882600469421692,0.49197397476715,0.0811289049218722,3.27346768517959,0.450815041522166,14.926305971165,0.0168368221923206,4.41960985970513,0.40078948408744,1.41715680813627e-12,0.122427109290982,7.07573438608025,0.00262250519838029,0.0672498050960735,2.38904128415442,0.574096774166235,0.816708454841973,47.2323739016502,182.334706867945,270.487938095883,0.840239999999991,1.67175778546711
122,GA,500,0,0.115435766184651,3.94418598402665,4.64235150199378,5.19760658095589,0.0674056902674009,0.00657727631074845,0.0159582170284738,0.00657727631074845,0.113343416142512,0.0685203081287785,0.0159582170284738,0.0685203081287785,0.0495362723034005,34.3432649217616,0.00153114382340791,0.0362,0,0.0692,0.01,0.203136,0.0997904,0.023302,0.0063786,0,0.235996,3.8,0.00673868,0.37515,0.0888888888888889,0,0.00628146,1.382,0,0.0661112,0.477386,0.345761666483293,0,1.44,12.1,0.4995,2.19,5.0784,2.49476,0.58255,0.159465,21.0035842293907,5.8999,95,0.168467,9.37875,0.41875,2.91300251256281,0.1570365,34.55,0.154861111111111,1.65278,11.93465,0.663542620071984,1,0.309926962847524,6.09650437899576e-18,0.0985908471277979,0.873117397170448,1.75866672260151,1.12395948825633,0.356785247242764,0.108862297635958,1.32601343917181,0.86975064501522,14.926305971165,0.0510413062487021,3.88552556880721,0.1851986627429,6.58246702598952e-11,0.0130242863359595,8.47494283828582,0.0262250519838029,0.407822343390313,8.61789905600272,0.355751752726122,0.816708454841973,47.5703969368574,75.308673991252,139.780381472678,0.840239999999991,1.67175778546711
122,GA,500,1,0.115435766184651,3.94418598402665,4.64235150199378,5.19760658095589,0.0674056902674009,0.00657727631074845,0.0159582170284738,0.00657727631074845,0.113343416142512,0.0685203081287785,0.0159582170284738,0.0685203081287785,0.0495362723034005,34.3432649217616,0.0800969680753772,0.0362,0,0.0692,0.01,0.203136,0.0997904,0.023302,0.0063786,0,0.235996,3.8,0.00673868,0.37515,0.0888888888888889,0,0.00628146,1.382,0,0.0661112,0.477386,0.345761666483293,0,1.44,12.1,0.4995,2.19,5.0784,2.49476,0.58255,0.159465,21.0035842293907,5.8999,95,0.168467,9.37875,0.41875,2.91300251256281,0.1570365,34.55,0.154861111111111,1.65278,11.93465,0.663542620071984,1,0.363501572445893,4.24768382833096e-15,0.429590990971992,0.181343682837769,0.484777459181534,0.877964643016063,0.49197397476715,0.0576827980048167,0.160437034828234,1.44873097982681,14.926305971165,0.0192763124463403,0.910797801901417,0.112645176114433,3.57544711806242e-06,0.0175322492207075,1.6833214766699,4.6252773694813e-06,0.0844298921068291,6.57989961638323,0.369146955385249,0.816708454841973,63.4764933403038,89.4745451814497,173.031555065191,0.840239999999991,1.67175778546711
122,GA,500,0,0.115435766184651,3.94418598402665,4.64235150199378,5.19760658095589,0.0674056902674009,0.00657727631074845,0.0159582170284738,0.00657727631074845,0.113343416142512,0.0685203081287785,0.0159582170284738,0.0685203081287785,0.0495362723034005,34.3432649217616,0.00359454685089893,0.0362,0,0.0692,0.01,0.203136,0.0997904,0.023302,0.0063786,0,0.235996,3.8,0.00673868,0.37515,0.0888888888888889,0,0.00628146,1.382,0,0.0661112,0.477386,0.345761666483293,0,1.44,12.1,0.4995,2.19,5.0784,2.49476,0.58255,0.159465,21.0035842293907,5.8999,95,0.168467,9.37875,0.41875,2.91300251256281,0.1570365,34.55,0.154861111111111,1.65278,11.93465,0.663542620071984,1,0.488682945476242,0.00597613610378823,0.260055376719176,1.08322981141486,0.763669405593525,2.01041837124004,0.447718646133985,0.0215575511429008,7.56898553524094,0.848081184670969,13.0739283442025,0.0273611095967278,0.948584406495536,0.173878445827519,8.40341995482226e-12,0.03146311471895,2.92131804839069,7.77325261877652e-10,0.886649381973208,1.91812938251581,0.45369615227388,0.816708454841973,33.7627207255424,82.9090924855471,135.278863963694,0.840239999999991,1.67175778546711
122,GA,500,1,0.115435766184651,3.94418598402665,4.64235150199378,5.19760658095589,0.0674056902674009,0.00657727631074845,0.0159582170284738,0.00657727631074845,0.113343416142512,0.0685203081287785,0.0159582170284738,0.0685203081287785,0.0495362723034005,34.3432649217616,0.0305690151099179,0.0362,0,0.0692,0.01,0.203136,0.0997904,0.023302,0.0063786,0,0.235996,3.8,0.00673868,0.37515,0.0888888888888889,0,0.00628146,1.382,0,0.0661112,0.477386,0.345761666483293,0,1.44,12.1,0.4995,2.19,5.0784,2.49476,0.58255,0.159465,21.0035842293907,5.8999,95,0.168467,9.37875,0.41875,2.91300251256281,0.1570365,34.55,0.154861111111111,1.65278,11.93465,0.663542620071984,1,0.144669546263794,0.000181454098040417,0.390952463826241,0.186167452989518,0.387630001463128,0.408941158666186,0.49197397476715,0.12758690135907,7.56898553524094,0.512485638195356,8.92610684667907,0.0167603336271827,2.65320590739658,0.21957546169713,7.10870042973419e-11,0.0140808520124243,5.06121960051148,0.0262250519838029,0.263055755176134,2.09251736849333,0.574096774166235,0.816708454841973,50.3397628425577,114.09283395872,190.03812555976,0.840239999999991,1.67175778546711
122,GA,500,0,0.115435766184651,3.94418598402665,4.64235150199378,5.19760658095589,0.0674056902674009,0.00657727631074845,0.0159582170284738,0.00657727631074845,0.113343416142512,0.0685203081287785,0.0159582170284738,0.0685203081287785,0.0495362723034005,34.3432649217616,0.00335084730191149,0.0362,0,0.0692,0.01,0.203136,0.0997904,0.023302,0.0063786,0,0.235996,3.8,0.00673868,0.37515,0.0888888888888889,0,0.00628146,1.382,0,0.0661112,0.477386,0.345761666483293,0,1.44,12.1,0.4995,2.19,5.0784,2.49476,0.58255,0.159465,21.0035842293907,5.8999,95,0.168467,9.37875,0.41875,2.91300251256281,0.1570365,34.55,0.154861111111111,1.65278,11.93465,0.663542620071984,1,0.966371224542811,2.11015958122419e-17,0.390952463826241,1.95004077256936,1.46371924524271,0.882600469421692,0.49197397476715,0.0430102186428343,3.27346768517959,3.10909340726647,29.6303386407242,0.0168368221923206,1.15570663578898,0.13825844602132,0.366188288921789,0.03146311471895,6.13049498337991,0.0262250519838029,0.995151236192236,2.09887592765425,0.566236563537123,0.816708454841973,54.6973250586225,165.345757957207,257.151159076051,0.840239999999991,1.67175778546711
122,GA,500,1,0.115435766184651,3.94418598402665,4.64235150199378,5.19760658095589,0.0674056902674009,0.00657727631074845,0.0159582170284738,0.00657727631074845,0.113343416142512,0.0685203081287785,0.0159582170284738,0.0685203081287785,0.0495362723034005,34.3432649217616,0.0503753129027663,0.0362,0,0.0692,0.01,0.203136,0.0997904,0.023302,0.0063786,0,0.235996,3.8,0.00673868,0.37515,0.0888888888888889,0,0.00628146,1.382,0,0.0661112,0.477386,0.345761666483293,0,1.44,12.1,0.4995,2.19,5.0784,2.49476,0.58255,0.159465,21.0035842293907,5.8999,95,0.168467,9.37875,0.41875,2.91300251256281,0.1570365,34.55,0.154861111111111,1.65278,11.93465,0.663542620071984,1,0.037761354590067,0.238666052616917,0.260055376719176,1.19309889797858,0.392383297906186,0.161512694142348,0.49197397476715,0.0498617830554837,1.32601343917181,0.512485638195356,14.926305971165,0.0506118819857661,4.49982693123173,0.21957546169713,6.58246702598952e-11,0.134589441100373,7.81229965863015,0.0262250519838029,0.0802040857944836,6.83549500036472,0.355751752726122,0.668745151801258,46.2296805948036,52.4415246271344,124.647482183172,0.840239999999991,1.67175778546711
122,GA,500,0,0.115435766184651,3.94418598402665,4.64235150199378,5.19760658095589,0.0674056902674009,0.00657727631074845,0.0159582170284738,0.00657727631074845,0.113343416142512,0.0685203081287785,0.0159582170284738,0.0685203081287785,0.0495362723034005,34.3432649217616,0.00253564857087663,0.0362,0,0.0692,0.01,0.203136,0.0997904,0.023302,0.0063786,0,0.235996,3.8,0.00673868,0.37515,0.0888888888888889,0,0.00628146,1.382,0,0.0661112,0.477386,0.345761666483293,0,1.44,12.1,0.4995,2.19,5.0784,2.49476,0.58255,0.159465,21.0035842293907,5.8999,95,0.168467,9.37875,0.41875,2.91300251256281,0.1570365,34.55,0.154861111111111,1.65278,11.93465,0.663542620071984,1,0.526818657081156,0.0124543907982777,0.466313665812949,0.108454242972354,1.14934849028098,1.12005011622373,0.49197397476715,0.0576827980048167,11.6458973438373,1.44873097982681,12.9498568945179,0.0294046553531369,4.30174242113714,0.112645176114433,2.23945936391715e-18,0.100603660744441,8.25278733427784,2.56679370224842e-21,0.180816520334457,10.7291791674647,0.484755499573509,0.816708454841973,49.6894675779161,75.6102708940314,142.268735547735,0.840239999999991,1.67175778546711
122,GA,500,0,0.115435766184651,3.94418598402665,4.64235150199378,5.19760658095589,0.0674056902674009,0.00657727631074845,0.0159582170284738,0.00657727631074845,0.113343416142512,0.0685203081287785,0.0159582170284738,0.0685203081287785,0.0495362723034005,34.3432649217616,0.00135554853763467,0.0362,0,0.0692,0.01,0.203136,0.0997904,0.023302,0.0063786,0,0.235996,3.8,0.00673868,0.37515,0.0888888888888889,0,0.00628146,1.382,0,0.0661112,0.477386,0.345761666483293,0,1.44,12.1,0.4995,2.19,5.0784,2.49476,0.58255,0.159465,21.0035842293907,5.8999,95,0.168467,9.37875,0.41875,2.91300251256281,0.1570365,34.55,0.154861111111111,1.65278,11.93465,0.663542620071984,1,0.267973582756084,1.7745066132616e-14,0.169415037771079,1.08322981141486,0.374289070832957,0.968713416538007,0.49197397476715,0.0762888407553339,0.592009789144995,4.69323623617571,13.879878676944,0.0648923444862926,4.41960985970513,0.21957546169713,4.11920475022469e-06,0.0549257323456414,16.8612041775535,3.26529621247085e-07,0.0672498050960735,2.09251736849333,0.518192318360365,0.816708454841973,57.048018407027,76.0995955106529,150.226428719159,0.840239999999991,1.67175778546711
122,GA,500,0,0.115435766184651,3.94418598402665,4.64235150199378,5.19760658095589,0.0674056902674009,0.00657727631074845,0.0159582170284738,0.00657727631074845,0.113343416142512,0.0685203081287785,0.0159582170284738,0.0685203081287785,0.0495362723034005,34.3432649217616,0.00300985046078012,0.0362,0,0.0692,0.01,0.203136,0.0997904,0.023302,0.0063786,0,0.235996,3.8,0.00673868,0.37515,0.0888888888888889,0,0.00628146,1.382,0,0.0661112,0.477386,0.345761666483293,0,1.44,12.1,0.4995,2.19,5.0784,2.49476,0.58255,0.159465,21.0035842293907,5.8999,95,0.168467,9.37875,0.41875,2.91300251256281,0.1570365,34.55,0.154861111111111,1.65278,11.93465,0.663542620071984,1,0.0511071195324601,8.10806660247839e-17,0.178078481620148,1.08322981141486,0.387630001463128,0.882600469421692,0.49197397476715,0.0576827980048167,1.86412874473012,1.10872920168068,14.926305971165,0.0192763124463403,4.41960985970513,0.21957546169713,0.109181512313709,0.0286726329341234,11.0207405764091,0.0262250519838029,0.131666285412128,8.01624434987282,0.355751752726122,0.816708454841973,57.8430986677845,89.9151179536865,167.937609653451,0.840239999999991,1.67175778546711
122,GA,500,1,0.115435766184651,3.94418598402665,4.64235150199378,5.19760658095589,0.0674056902674009,0.00657727631074845,0.0159582170284738,0.00657727631074845,0.113343416142512,0.0685203081287785,0.0159582170284738,0.0685203081287785,0.0495362723034005,34.3432649217616,0.03355867324737,0.0362,0,0.0692,0.01,0.203136,0.0997904,0.023302,0.0063786,0,0.235996,3.8,0.00673868,0.37515,0.0888888888888889,0,0.00628146,1.382,0,0.0661112,0.477386,0.345761666483293,0,1.44,12.1,0.4995,2.19,5.0784,2.49476,0.58255,0.159465,21.0035842293907,5.8999,95,0.168467,9.37875,0.41875,2.91300251256281,0.1570365,34.55,0.154861111111111,1.65278,11.93465,0.663542620071984,1,0.37761354590067,1.37299261608059e-14,0.106675703561767,0.84745896001386,0.387630001463128,0.558146291259839,0.49197397476715,0.14687482971743,1.32601343917181,1.04379568744073,5.98824209110219,0.0322242209876462,4.41960985970513,0.21957546169713,2.07860579025522e-07,0.0134012083767732,11.7048172577826,1.38695515175163e-19,0.407822343390313,1.96910767623804,0.42448203057904,0.816708454841973,60.0195886880704,170.26108624206,268.491884074071,0.840239999999991,1.67175778546711
122,GA,500,0,0.115435766184651,3.94418598402665,4.64235150199378,5.19760658095589,0.0674056902674009,0.00657727631074845,0.0159582170284738,0.00657727631074845,0.113343416142512,0.0685203081287785,0.0159582170284738,0.0685203081287785,0.0495362723034005,34.3432649217616,0.0184184225991629,0.0362,0,0.0692,0.01,0.203136,0.0997904,0.023302,0.0063786,0,0.235996,3.8,0.00673868,0.37515,0.0888888888888889,0,0.00628146,1.382,0,0.0661112,0.477386,0.345761666483293,0,1.44,12.1,0.4995,2.19,5.0784,2.49476,0.58255,0.159465,21.0035842293907,5.8999,95,0.168467,9.37875,0.41875,2.91300251256281,0.1570365,34.55,0.154861111111111,1.65278,11.93465,0.663542620071984,1,0.37761354590067,2.11015958122419e-18,0.106675703561767,1.08322981141486,0.387630001463128,1.12395948825633,0.41732765724745,0.14687482971743,1.32601343917181,0.86975064501522,88.611324040503,0.0506118819857661,4.41960985970513,0.112671916743538,6.58246702598952e-11,0.134012083767732,6.13049498337991,0.0262250519838029,0.189665733937792,2.09251736849333,0.355751752726122,0.816708454841973,36.837403527725,113.016217729492,175.217528111301,0.840239999999991,1.67175778546711
122,GA,500,1,0.115435766184651,3.94418598402665,4.64235150199378,5.19760658095589,0.0674056902674009,0.00657727631074845,0.0159582170284738,0.00657727631074845,0.113343416142512,0.0685203081287785,0.0159582170284738,0.0685203081287785,0.0495362723034005,34.3432649217616,0.0465864731188473,0.0362,0,0.0692,0.01,0.203136,0.0997904,0.023302,0.0063786,0,0.235996,3.8,0.00673868,0.37515,0.0888888888888889,0,0.00628146,1.382,0,0.0661112,0.477386,0.345761666483293,0,1.44,12.1,0.4995,2.19,5.0784,2.49476,0.58255,0.159465,21.0035842293907,5.8999,95,0.168467,9.37875,0.41875,2.91300251256281,0.1570365,34.55,0.154861111111111,1.65278,11.93465,0.663542620071984,1,0.966371224542811,0.0248236858420792,0.106675703561767,1.08322981141486,1.24840136862322,0.188461721265546,0.49197397476715,0.00836999698399522,1.32601343917181,0.377581296972491,86.1548675395253,0.0177440434303574,0.764651516709151,0.140441292869782,3.91459972101724e-16,0.0134012083767732,3.47267272872401,0.0262250519838029,0.165446287740357,2.09251736849333,0.381785682589591,0.816708454841973,63.1184564992432,56.563994192797,132.376946303591,0.840239999999991,1.67175778546711
122,GA,500,1,0.115435766184651,3.94418598402665,4.64235150199378,5.19760658095589,0.0674056902674009,0.00657727631074845,0.0159582170284738,0.00657727631074845,0.113343416142512,0.0685203081287785,0.0159582170284738,0.0685203081287785,0.0495362723034005,34.3432649217616,0.00930245867041647,0.0362,0,0.0692,0.01,0.203136,0.0997904,0.023302,0.0063786,0,0.235996,3.8,0.00673868,0.37515,0.0888888888888889,0,0.00628146,1.382,0,0.0661112,0.477386,0.345761666483293,0,1.44,12.1,0.4995,2.19,5.0784,2.49476,0.58255,0.159465,21.0035842293907,5.8999,95,0.168467,9.37875,0.41875,2.91300251256281,0.1570365,34.55,0.154861111111111,1.65278,11.93465,0.663542620071984,1,0.582683501613331,7.65445033465748e-16,0.239919977357982,1.08322981141486,0.387630001463128,0.558146291259839,0.49197397476715,0.0582962586775933,1.32601343917181,1.44873097982681,6.85502581168269,0.0322242209876462,4.41960985970513,0.21957546169713,6.58246702598952e-11,0.0549257323456414,11.7048172577826,2.09645551761118e-20,0.692279503726635,1.6210704715016,0.42448203057904,0.816708454841973,52.4775777701251,123.14928559507,203.264905689851,0.840239999999991,1.67175778546711
122,GA,500,1,0.115435766184651,3.94418598402665,4.64235150199378,5.19760658095589,0.0674056902674009,0.00657727631074845,0.0159582170284738,0.00657727631074845,0.113343416142512,0.0685203081287785,0.0159582170284738,0.0685203081287785,0.0495362723034005,34.3432649217616,0.0866518745291856,0.0362,0,0.0692,0.01,0.203136,0.0997904,0.023302,0.0063786,0,0.235996,3.8,0.00673868,0.37515,0.0888888888888889,0,0.00628146,1.382,0,0.0661112,0.477386,0.345761666483293,0,1.44,12.1,0.4995,2.19,5.0784,2.49476,0.58255,0.159465,21.0035842293907,5.8999,95,0.168467,9.37875,0.41875,2.91300251256281,0.1570365,34.55,0.154861111111111,1.65278,11.93465,0.663542620071984,1,1.08457809043459,1.87155557796263e-13,0.106675703561767,0.267935315101308,0.387630001463128,1.12395948825633,0.380261989563535,0.0169684873493521,5.38095316724128,0.752591019280847,5.98824209110219,0.0168368221923206,2.74101478794013,0.118432400108616,6.58246702598952e-11,0.0130624445290536,10.5087260359772,0.00125061484213705,0.189665733937792,2.09251736849333,0.574096774166235,0.816708454841973,67.5012234821852,87.1535221455377,174.214361602448,0.840239999999991,1.67175778546711
122,GA,500,0,0.115435766184651,3.94418598402665,4.64235150199378,5.19760658095589,0.0674056902674009,0.00657727631074845,0.0159582170284738,0.00657727631074845,0.113343416142512,0.0685203081287785,0.0159582170284738,0.0685203081287785,0.0495362723034005,34.3432649217616,0.00747551683698757,0.0362,0,0.0692,0.01,0.203136,0.0997904,0.023302,0.0063786,0,0.235996,3.8,0.00673868,0.37515,0.0888888888888889,0,0.00628146,1.382,0,0.0661112,0.477386,0.345761666483293,0,1.44,12.1,0.4995,2.19,5.0784,2.49476,0.58255,0.159465,21.0035842293907,5.8999,95,0.168467,9.37875,0.41875,2.91300251256281,0.1570365,34.55,0.154861111111111,1.65278,11.93465,0.663542620071984,1,0.508871063422381,1.37299261608059e-14,0.106675703561767,0.586301854339384,0.39989666996385,0.383594166486106,0.49197397476715,0.0811289049218722,5.0164151770343,0.512485638195356,12.9498568945179,0.0481444305343451,4.41960985970513,0.21957546169713,6.58246702598952e-11,0.121417845926654,8.33768186817541,2.04815387005194e-16,0.962742069143727,0.68839903158064,0.368178919942555,0.816708454841973,71.6607509465287,74.2326968519448,162.553279867768,0.840239999999991,1.67175778546711
122,GA,500,0,0.115435766184651,3.94418598402665,4.64235150199378,5.19760658095589,0.0674056902674009,0.00657727631074845,0.0159582170284738,0.00657727631074845,0.113343416142512,0.0685203081287785,0.0159582170284738,0.0685203081287785,0.0495362723034005,34.3432649217616,0.00923921150197811,0.0362,0,0.0692,0.01,0.203136,0.0997904,0.023302,0.0063786,0,0.235996,3.8,0.00673868,0.37515,0.0888888888888889,0,0.00628146,1.382,0,0.0661112,0.477386,0.345761666483293,0,1.44,12.1,0.4995,2.19,5.0784,2.49476,0.58255,0.159465,21.0035842293907,5.8999,95,0.168467,9.37875,0.41875,2.91300251256281,0.1570365,34.55,0.154861111111111,1.65278,11.93465,0.663542620071984,1,0.0511071195324601,5.76761628748796e-18,0.348094209551997,0.365176006860324,0.387630001463128,0.252226657435237,0.481793186828245,0.0536766601051845,6.86693148081724,1.19917032419024,11.7068943113596,0.0192763124463403,0.83479428426615,0.229757236362411,6.58246702598952e-11,0.0134012083767732,3.1197434679035,2.7816843305407e-06,0.995151236192236,8.01624434987282,0.526624262985105,0.816708454841973,37.2518243240277,67.9497710037342,120.451368299462,0.840239999999991,1.67175778546711
122,GA,500,1,0.115435766184651,3.94418598402665,4.64235150199378,5.19760658095589,0.0674056902674009,0.00657727631074845,0.0159582170284738,0.00657727631074845,0.113343416142512,0.0685203081287785,0.0159582170284738,0.0685203081287785,0.0495362723034005,34.3432649217616,0.120899527375726,0.0362,0,0.0692,0.01,0.203136,0.0997904,0.023302,0.0063786,0,0.235996,3.8,0.00673868,0.37515,0.0888888888888889,0,0.00628146,1.382,0,0.0661112,0.477386,0.345761666483293,0,1.44,12.1,0.4995,2.19,5.0784,2.49476,0.58255,0.159465,21.0035842293907,5.8999,95,0.168467,9.37875,0.41875,2.91300251256281,0.1570365,34.55,0.154861111111111,1.65278,11.93465,0.663542620071984,1,0.358206361542529,6.85490059604685e-08,0.33554204560074,0.0322647982708142,3.65460561179334,1.15948512674095,0.389394958873736,0.116941370040857,1.32601343917181,1.10872920168068,34.5736012747865,0.0403490492000392,1.91973779390975,0.110816348482218,0.000906916338668913,0.00768956438968787,7.07573438608025,0.0262250519838029,0.908497520618546,8.61789905600272,0.44980279163537,0.958933295004431,61.8460088935915,49.8756690919946,113.857623624066,0.840239999999991,1.67175778546711
122,GA,500,1,0.115435766184651,3.94418598402665,4.64235150199378,5.19760658095589,0.0674056902674009,0.00657727631074845,0.0159582170284738,0.00657727631074845,0.113343416142512,0.0685203081287785,0.0159582170284738,0.0685203081287785,0.0495362723034005,34.3432649217616,0.0881538054122384,0.0362,0,0.0692,0.01,0.203136,0.0997904,0.023302,0.0063786,0,0.235996,3.8,0.00673868,0.37515,0.0888888888888889,0,0.00628146,1.382,0,0.0661112,0.477386,0.345761666483293,0,1.44,12.1,0.4995,2.19,5.0784,2.49476,0.58255,0.159465,21.0035842293907,5.8999,95,0.168467,9.37875,0.41875,2.91300251256281,0.1570365,34.55,0.154861111111111,1.65278,11.93465,0.663542620071984,1,0.582683501613331,4.24768382833096e-15,0.239919977357982,0.84745896001386,0.387630001463128,0.877964643016063,0.437382911035942,0.0577263879409969,1.32601343917181,1.44873097982681,12.9498568945179,0.0322242209876462,4.41960985970513,0.264282008785214,0.809494118959263,0.0549257323456414,11.7048172577826,1.38695515175163e-19,1.29606487869952,3.36791779424044,0.617038772445126,0.816708454841973,47.5967697423408,95.2924297902866,164.275407296944,0.840239999999991,1.67175778546711
122,GA,500,1,0.115435766184651,3.94418598402665,4.64235150199378,5.19760658095589,0.0674056902674009,0.00657727631074845,0.0159582170284738,0.00657727631074845,0.113343416142512,0.0685203081287785,0.0159582170284738,0.0685203081287785,0.0495362723034005,34.3432649217616,0.092901538634639,0.0362,0,0.0692,0.01,0.203136,0.0997904,0.023302,0.0063786,0,0.235996,3.8,0.00673868,0.37515,0.0888888888888889,0,0.00628146,1.382,0,0.0661112,0.477386,0.345761666483293,0,1.44,12.1,0.4995,2.19,5.0784,2.49476,0.58255,0.159465,21.0035842293907,5.8999,95,0.168467,9.37875,0.41875,2.91300251256281,0.1570365,34.55,0.154861111111111,1.65278,11.93465,0.663542620071984,1,1.02498647206923,6.85490059604685e-09,0.163265038822368,1.25741023093597,0.346722442424389,1.4598632802406,0.437382911035942,0.0134306164303322,10.8926309164505,4.58086460011602,16.942540576199,0.03980139721935,0.952210213392367,0.110816348482218,5.18517190043345e-10,0.00768956438968787,15.4309180351339,9.72797905625576e-20,1.29606487869952,4.67606376566588,0.459244421647998,0.958933295004431,54.6679627622952,99.3699795585256,158.293501760883,0.840239999999991,1.67175778546711
122,GA,500,1,0.115435766184651,3.94418598402665,4.64235150199378,5.19760658095589,0.0674056902674009,0.00657727631074845,0.0159582170284738,0.00657727631074845,0.113343416142512,0.0685203081287785,0.0159582170284738,0.0685203081287785,0.0495362723034005,34.3432649217616,0.0544001425013181,0.0362,0,0.0692,0.01,0.203136,0.0997904,0.023302,0.0063786,0,0.235996,3.8,0.00673868,0.37515,0.0888888888888889,0,0.00628146,1.382,0,0.0661112,0.477386,0.345761666483293,0,1.44,12.1,0.4995,2.19,5.0784,2.49476,0.58255,0.159465,21.0035842293907,5.8999,95,0.168467,9.37875,0.41875,2.91300251256281,0.1570365,34.55,0.154861111111111,1.65278,11.93465,0.663542620071984,1,0.415694897742659,0.00597613610378823,0.390952463826241,0.647721689916375,0.808677631247485,2.43768352618124,0.437382911035942,0.0390413280861195,5.19752966719327,1.82143759562493,43.0974560077999,0.0154444955389588,1.25173636143628,0.110816348482218,0.000156043204089122,0.00768956438968787,5.06121960051148,2.28734501194676e-21,0.777895549221929,2.73694831976921,0.44980279163537,0.958933295004431,45.1261133599784,156.317188587162,208.137648574678,0.840239999999991,1.67175778546711
122,GA,500,0,0.115435766184651,3.94418598402665,4.64235150199378,5.19760658095589,0.0674056902674009,0.00657727631074845,0.0159582170284738,0.00657727631074845,0.113343416142512,0.0685203081287785,0.0159582170284738,0.0685203081287785,0.0495362723034005,34.3432649217616,0.0166274030001953,0.0362,0,0.0692,0.01,0.203136,0.0997904,0.023302,0.0063786,0,0.235996,3.8,0.00673868,0.37515,0.0888888888888889,0,0.00628146,1.382,0,0.0661112,0.477386,0.345761666483293,0,1.44,12.1,0.4995,2.19,5.0784,2.49476,0.58255,0.159465,21.0035842293907,5.8999,95,0.168467,9.37875,0.41875,2.91300251256281,0.1570365,34.55,0.154861111111111,1.65278,11.93465,0.663542620071984,1,1.02498647206923,6.85490059604685e-08,0.106675703561767,1.08322981141486,0.299914969067707,1.4598632802406,0.27336066807209,0.0279507187349272,1.32601343917181,1.04379568744073,5.98824209110219,0.0592439704663513,1.91973779390975,0.112671916743538,2.07860579025522e-07,0.0652854697290268,10.5087260359772,0.0262250519838029,0.189665733937792,2.09251736849333,0.430641239229105,0.816708454841973,73.1380744395147,123.270051197827,224.073271041194,0.840239999999991,1.67175778546711
122,GA,500,1,0.115435766184651,3.94418598402665,4.64235150199378,5.19760658095589,0.0674056902674009,0.00657727631074845,0.0159582170284738,0.00657727631074845,0.113343416142512,0.0685203081287785,0.0159582170284738,0.0685203081287785,0.0495362723034005,34.3432649217616,0.0357398834008151,0.0362,0,0.0692,0.01,0.203136,0.0997904,0.023302,0.0063786,0,0.235996,3.8,0.00673868,0.37515,0.0888888888888889,0,0.00628146,1.382,0,0.0661112,0.477386,0.345761666483293,0,1.44,12.1,0.4995,2.19,5.0784,2.49476,0.58255,0.159465,21.0035842293907,5.8999,95,0.168467,9.37875,0.41875,2.91300251256281,0.1570365,34.55,0.154861111111111,1.65278,11.93465,0.663542620071984,1,0.325032270570951,6.85490059604685e-09,0.0836585387309045,0.403940347586626,1.0984965358435,0.877964643016063,0.154553117020012,0.0525879442876969,10.8926309164505,4.58086460011602,12.9498568945179,0.03980139721935,0.414743804919329,0.277691580592247,2.63691119870497e-18,0.0628901869511094,15.4309180351339,2.56931982711824e-15,1.38665507670855,10.0628530558918,0.592903488892043,0.958933295004431,50.9710916404933,162.175520851629,220.091844560935,0.840239999999991,1.67175778546711
122,GA,500,1,0.115435766184651,3.94418598402665,4.64235150199378,5.19760658095589,0.0674056902674009,0.00657727631074845,0.0159582170284738,0.00657727631074845,0.113343416142512,0.0685203081287785,0.0159582170284738,0.0685203081287785,0.0495362723034005,34.3432649217616,0.0749601503312082,0.0362,0,0.0692,0.01,0.203136,0.0997904,0.023302,0.0063786,0,0.235996,3.8,0.00673868,0.37515,0.0888888888888889,0,0.00628146,1.382,0,0.0661112,0.477386,0.345761666483293,0,1.44,12.1,0.4995,2.19,5.0784,2.49476,0.58255,0.159465,21.0035842293907,5.8999,95,0.168467,9.37875,0.41875,2.91300251256281,0.1570365,34.55,0.154861111111111,1.65278,11.93465,0.663542620071984,1,0.846322127465164,0.00597613610378823,0.0985908471277979,0.403940347586626,0.523260486075412,1.80056677002425,0.447718646133985,0.108862297635958,7.56898553524094,4.58086460011602,41.3221113232482,0.0256621522506735,2.11150139264145,0.181086691318901,0.000156043204089122,0.03146311471895,15.4309180351339,2.28734501194676e-21,0.407822343390313,2.95551518941586,0.378537585475765,0.958933295004431,64.5116452048249,210.576562465293,284.106233861088,0.840239999999991,1.67175778546711
122,GA,500,0,0.115435766184651,3.94418598402665,4.64235150199378,5.19760658095589,0.0674056902674009,0.00657727631074845,0.0159582170284738,0.00657727631074845,0.113343416142512,0.0685203081287785,0.0159582170284738,0.0685203081287785,0.0495362723034005,34.3432649217616,0.00851508770097848,0.0362,0,0.0692,0.01,0.203136,0.0997904,0.023302,0.0063786,0,0.235996,3.8,0.00673868,0.37515,0.0888888888888889,0,0.00628146,1.382,0,0.0661112,0.477386,0.345761666483293,0,1.44,12.1,0.4995,2.19,5.0784,2.49476,0.58255,0.159465,21.0035842293907,5.8999,95,0.168467,9.37875,0.41875,2.91300251256281,0.1570365,34.55,0.154861111111111,1.65278,11.93465,0.663542620071984,1,0.861588688917038,1.71738154551265e-14,0.443296890177377,0.0878181333200679,0.457278126463482,0.392543126690521,0.383423559764833,0.02259575649463,4.0133898678189,0.674613604911497,18.4163360607887,0.00755831142951199,0.961879989796988,0.24105353424909,0.688368193273565,0.110769704038371,2.41278449020581,0.0262250519838029,0.307203372951257,1.46512956859632,0.454707734465037,0.816708454841973,40.4318765082556,72.0107619114779,128.603807978478,0.840239999999991,1.67175778546711
122,GA,500,1,0.115435766184651,3.94418598402665,4.64235150199378,5.19760658095589,0.0674056902674009,0.00657727631074845,0.0159582170284738,0.00657727631074845,0.113343416142512,0.0685203081287785,0.0159582170284738,0.0685203081287785,0.0495362723034005,34.3432649217616,0.0235398623228376,0.0362,0,0.0692,0.01,0.203136,0.0997904,0.023302,0.0063786,0,0.235996,3.8,0.00673868,0.37515,0.0888888888888889,0,0.00628146,1.382,0,0.0661112,0.477386,0.345761666483293,0,1.44,12.1,0.4995,2.19,5.0784,2.49476,0.58255,0.159465,21.0035842293907,5.8999,95,0.168467,9.37875,0.41875,2.91300251256281,0.1570365,34.55,0.154861111111111,1.65278,11.93465,0.663542620071984,1,0.218039952623938,4.1308967325241e-09,0.189464324785794,0.403940347586626,2.79670870825742,0.889005839165373,0.208438152448488,0.0206690920865699,1.08926309164505,4.58086460011602,14.926305971165,0.0510413062487021,0.952210213392367,0.24105353424909,1.550927683263e-06,0.0155262884799704,3.7514633189076,0.00382838213072116,0.91483701698951,3.36791779424044,0.459244421647998,0.816708454841973,33.2280072671089,58.2219146014646,104.516499820709,0.840239999999991,1.67175778546711
122,GA,500,1,0.115435766184651,3.94418598402665,4.64235150199378,5.19760658095589,0.0674056902674009,0.00657727631074845,0.0159582170284738,0.00657727631074845,0.113343416142512,0.0685203081287785,0.0159582170284738,0.0685203081287785,0.0495362723034005,34.3432649217616,0.00437992952691827,0.0362,0,0.0692,0.01,0.203136,0.0997904,0.023302,0.0063786,0,0.235996,3.8,0.00673868,0.37515,0.0888888888888889,0,0.00628146,1.382,0,0.0661112,0.477386,0.345761666483293,0,1.44,12.1,0.4995,2.19,5.0784,2.49476,0.58255,0.159465,21.0035842293907,5.8999,95,0.168467,9.37875,0.41875,2.91300251256281,0.1570365,34.55,0.154861111111111,1.65278,11.93465,0.663542620071984,1,0.142028083335368,0.00224231198484207,0.178078481620148,1.08322981141486,0.387630001463128,1.72849813526064,0.49197397476715,0.035650116123515,3.27346768517959,1.44926037475219,25.0934955521434,0.0234327226024722,5.5876371283912,0.119189010032819,2.07860579025522e-07,0.00863006715396325,11.0207405764091,0.0262250519838029,0.468223357555741,2.73694831976921,0.421094640884104,0.816708454841973,47.4911332496817,74.7425400313619,139.007927998456,0.840239999999991,1.67175778546711
122,GA,500,1,0.115435766184651,3.94418598402665,4.64235150199378,5.19760658095589,0.0674056902674009,0.00657727631074845,0.0159582170284738,0.00657727631074845,0.113343416142512,0.0685203081287785,0.0159582170284738,0.0685203081287785,0.0495362723034005,34.3432649217616,0.00984836618047119,0.0362,0,0.0692,0.01,0.203136,0.0997904,0.023302,0.0063786,0,0.235996,3.8,0.00673868,0.37515,0.0888888888888889,0,0.00628146,1.382,0,0.0661112,0.477386,0.345761666483293,0,1.44,12.1,0.4995,2.19,5.0784,2.49476,0.58255,0.159465,21.0035842293907,5.8999,95,0.168467,9.37875,0.41875,2.91300251256281,0.1570365,34.55,0.154861111111111,1.65278,11.93465,0.663542620071984,1,1.30675423337098,2.87735068519722e-15,0.379716216609904,0.403940347586626,0.537354415707005,1.08813727465337,0.280937647984477,0.0897190927538993,10.8926309164505,1.10872920168068,6.07303188839057,0.0695137176808958,0.952210213392367,0.182311794665833,1.57436496162661e-11,0.100709773039527,2.84249104476916,3.1891906391597e-19,0.468223357555741,3.36791779424044,0.459244421647998,0.958933295004431,24.9626088561683,226.479963751956,261.141668371366,0.840239999999991,1.67175778546711
122,GA,500,1,0.115435766184651,3.94418598402665,4.64235150199378,5.19760658095589,0.0674056902674009,0.00657727631074845,0.0159582170284738,0.00657727631074845,0.113343416142512,0.0685203081287785,0.0159582170284738,0.0685203081287785,0.0495362723034005,34.3432649217616,0.0291824321208803,0.0362,0,0.0692,0.01,0.203136,0.0997904,0.023302,0.0063786,0,0.235996,3.8,0.00673868,0.37515,0.0888888888888889,0,0.00628146,1.382,0,0.0661112,0.477386,0.345761666483293,0,1.44,12.1,0.4995,2.19,5.0784,2.49476,0.58255,0.159465,21.0035842293907,5.8999,95,0.168467,9.37875,0.41875,2.91300251256281,0.1570365,34.55,0.154861111111111,1.65278,11.93465,0.663542620071984,1,0.695169611487954,2.84969037624066e-05,0.166403989984506,0.84745896001386,0.523260486075412,1.12395948825633,0.443030780874046,0.0169684873493521,3.62579098396964,0.752591019280847,14.926305971165,0.0256621522506735,2.32703614679847,0.368925799606527,3.81234982264063e-15,0.0175322492207075,7.64108991210904,2.4335118492644e-14,0.0921999878248009,1.12767676541881,0.407785270660502,0.816708454841973,64.5550039292055,72.5225035080376,153.353525700442,0.840239999999991,1.67175778546711
122,GA,500,1,0.115435766184651,3.94418598402665,4.64235150199378,5.19760658095589,0.0674056902674009,0.00657727631074845,0.0159582170284738,0.00657727631074845,0.113343416142512,0.0685203081287785,0.0159582170284738,0.0685203081287785,0.0495362723034005,34.3432649217616,0.0330977025016505,0.0362,0,0.0692,0.01,0.203136,0.0997904,0.023302,0.0063786,0,0.235996,3.8,0.00673868,0.37515,0.0888888888888889,0,0.00628146,1.382,0,0.0661112,0.477386,0.345761666483293,0,1.44,12.1,0.4995,2.19,5.0784,2.49476,0.58255,0.159465,21.0035842293907,5.8999,95,0.168467,9.37875,0.41875,2.91300251256281,0.1570365,34.55,0.154861111111111,1.65278,11.93465,0.663542620071984,1,1.14615494649637,7.2493608402609e-11,0.294524791734088,1.08322981141486,0.387630001463128,1.12395948825633,0.49197397476715,0.00698932427114026,1.32601343917181,0.310153742778444,12.0402824737536,0.0174176138478978,2.2223748830628,0.224614141998436,1.28826125084396e-18,0.0286726329341234,8.47494283828582,0.00262250519838029,0.2293257279737,9.8316211649306,0.488328358481669,0.816708454841973,68.5110467656561,80.9670343207226,167.649281273574,0.840239999999991,1.67175778546711
122,GA,500,1,0.115435766184651,3.94418598402665,4.64235150199378,5.19760658095589,0.0674056902674009,0.00657727631074845,0.0159582170284738,0.00657727631074845,0.113343416142512,0.0685203081287785,0.0159582170284738,0.0685203081287785,0.0495362723034005,34.3432649217616,0.118708208937534,0.0362,0,0.0692,0.01,0.203136,0.0997904,0.023302,0.0063786,0,0.235996,3.8,0.00673868,0.37515,0.0888888888888889,0,0.00628146,1.382,0,0.0661112,0.477386,0.345761666483293,0,1.44,12.1,0.4995,2.19,5.0784,2.49476,0.58255,0.159465,21.0035842293907,5.8999,95,0.168467,9.37875,0.41875,2.91300251256281,0.1570365,34.55,0.154861111111111,1.65278,11.93465,0.663542620071984,1,1.02498647206923,6.85490059604685e-08,0.0806856003494298,0.403940347586626,0.299914969067707,0.877964643016063,0.27336066807209,0.0897190927538993,9.23032288998711,4.58086460011602,41.3221113232482,0.03980139721935,1.91973779390975,0.110816348482218,0.809494118959263,0.0652854697290268,15.4309180351339,3.97448770837526e-17,0.186269542054915,1.91812938251581,0.430641239229105,0.958933295004431,53.5588865443329,168.141321739774,228.900928181334,0.840239999999991,1.67175778546711
122,GA,500,1,0.115435766184651,3.94418598402665,4.64235150199378,5.19760658095589,0.0674056902674009,0.00657727631074845,0.0159582170284738,0.00657727631074845,0.113343416142512,0.0685203081287785,0.0159582170284738,0.0685203081287785,0.0495362723034005,34.3432649217616,0.0345788083554546,0.0362,0,0.0692,0.01,0.203136,0.0997904,0.023302,0.0063786,0,0.235996,3.8,0.00673868,0.37515,0.0888888888888889,0,0.00628146,1.382,0,0.0661112,0.477386,0.345761666483293,0,1.44,12.1,0.4995,2.19,5.0784,2.49476,0.58255,0.159465,21.0035842293907,5.8999,95,0.168467,9.37875,0.41875,2.91300251256281,0.1570365,34.55,0.154861111111111,1.65278,11.93465,0.663542620071984,1,0.0511071195324601,1.37299261608059e-14,0.239919977357982,0.84745896001386,3.74289070832957,1.6987294987839,0.49197397476715,0.0297278878607167,0.833300095514468,5.2512445221487,25.4442697678591,0.0168368221923206,4.41960985970513,0.21957546169713,0.000906916338668913,0.0175322492207075,16.8612041775535,0.00262250519838029,0.835924390746135,8.01624434987282,0.574096774166235,0.816708454841973,55.8865127858659,68.5875065123081,139.866917428033,0.840239999999991,1.67175778546711
122,GA,500,0,0.115435766184651,3.94418598402665,4.64235150199378,5.19760658095589,0.0674056902674009,0.00657727631074845,0.0159582170284738,0.00657727631074845,0.113343416142512,0.0685203081287785,0.0159582170284738,0.0685203081287785,0.0495362723034005,34.3432649217616,0.021902279746489,0.0362,0,0.0692,0.01,0.203136,0.0997904,0.023302,0.0063786,0,0.235996,3.8,0.00673868,0.37515,0.0888888888888889,0,0.00628146,1.382,0,0.0661112,0.477386,0.345761666483293,0,1.44,12.1,0.4995,2.19,5.0784,2.49476,0.58255,0.159465,21.0035842293907,5.8999,95,0.168467,9.37875,0.41875,2.91300251256281,0.1570365,34.55,0.154861111111111,1.65278,11.93465,0.663542620071984,1,0.791960571808709,1.37299261608059e-14,0.348094209551997,1.08322981141486,0.22493471365961,0.107471315302171,0.261118546061378,0.012160632507191,1.32601343917181,0.512485638195356,37.3832130452404,0.0648923444862926,0.83479428426615,0.166190454008506,8.07342646644362e-05,0.0066236211456488,3.1197434679035,3.12278116851792e-09,0.251676170943088,2.09251736849333,0.526624262985105,0.816708454841973,35.1668668128782,114.409459732905,175.252914722155,0.840239999999991,1.67175778546711
122,GA,500,0,0.115435766184651,3.94418598402665,4.64235150199378,5.19760658095589,0.0674056902674009,0.00657727631074845,0.0159582170284738,0.00657727631074845,0.113343416142512,0.0685203081287785,0.0159582170284738,0.0685203081287785,0.0495362723034005,34.3432649217616,0.0242435838857135,0.0362,0,0.0692,0.01,0.203136,0.0997904,0.023302,0.0063786,0,0.235996,3.8,0.00673868,0.37515,0.0888888888888889,0,0.00628146,1.382,0,0.0661112,0.477386,0.345761666483293,0,1.44,12.1,0.4995,2.19,5.0784,2.49476,0.58255,0.159465,21.0035842293907,5.8999,95,0.168467,9.37875,0.41875,2.91300251256281,0.1570365,34.55,0.154861111111111,1.65278,11.93465,0.663542620071984,1,0.037761354590067,7.2493608402609e-11,0.33554204560074,1.08322981141486,0.387630001463128,1.12395948825633,0.49197397476715,0.116941370040857,3.27346768517959,1.10872920168068,14.926305971165,0.0506118819857661,5.5876371283912,0.21957546169713,6.58246702598952e-11,0.0286726329341234,8.47494283828582,0.0262250519838029,0.468223357555741,8.61789905600272,0.355751752726122,0.816708454841973,44.4052519593233,98.8715261723187,165.466232271385,0.840239999999991,1.67175778546711
122,GA,500,1,0.115435766184651,3.94418598402665,4.64235150199378,5.19760658095589,0.0674056902674009,0.00657727631074845,0.0159582170284738,0.00657727631074845,0.113343416142512,0.0685203081287785,0.0159582170284738,0.0685203081287785,0.0495362723034005,34.3432649217616,0.0340580473485013,0.0362,0,0.0692,0.01,0.203136,0.0997904,0.023302,0.0063786,0,0.235996,3.8,0.00673868,0.37515,0.0888888888888889,0,0.00628146,1.382,0,0.0661112,0.477386,0.345761666483293,0,1.44,12.1,0.4995,2.19,5.0784,2.49476,0.58255,0.159465,21.0035842293907,5.8999,95,0.168467,9.37875,0.41875,2.91300251256281,0.1570365,34.55,0.154861111111111,1.65278,11.93465,0.663542620071984,1,0.325032270570951,6.85490059604685e-09,0.379716216609904,1.00483788430905,0.346722442424389,1.48300813441069,0.437382911035942,0.0897190927538993,0.814663991775519,4.82723254322052,12.9498568945179,0.03980139721935,0.952210213392367,0.35245925161678,0.0560831930242935,0.0220029020983819,1.54309180351339,3.97448770837526e-17,0.679560827102776,2.70943379332124,0.479939287226894,0.958933295004431,46.0148785117593,161.158656594542,214.075219553309,0.840239999999991,1.67175778546711
122,GA,500,0,0.115435766184651,3.94418598402665,4.64235150199378,5.19760658095589,0.0674056902674009,0.00657727631074845,0.0159582170284738,0.00657727631074845,0.113343416142512,0.0685203081287785,0.0159582170284738,0.0685203081287785,0.0495362723034005,34.3432649217616,0.00409668542436738,0.0362,0,0.0692,0.01,0.203136,0.0997904,0.023302,0.0063786,0,0.235996,3.8,0.00673868,0.37515,0.0888888888888889,0,0.00628146,1.382,0,0.0661112,0.477386,0.345761666483293,0,1.44,12.1,0.4995,2.19,5.0784,2.49476,0.58255,0.159465,21.0035842293907,5.8999,95,0.168467,9.37875,0.41875,2.91300251256281,0.1570365,34.55,0.154861111111111,1.65278,11.93465,0.663542620071984,1,1.28546080185,1.37299261608059e-14,0.0894366941397378,1.08322981141486,0.493784936261897,0.219143497694182,0.41732765724745,0.0130068322654442,5.07103231405381,0.542593604765535,5.98824209110219,0.0199175197130509,4.41960985970513,0.112671916743538,2.07860579025522e-08,0.0134012083767732,7.6076673932228,2.72198369173491e-19,0.189665733937792,2.09251736849333,0.582374958445711,0.816708454841973,40.012685841546,110.187892778498,174.929732585991,0.840239999999991,1.67175778546711
122,GA,500,1,0.115435766184651,3.94418598402665,4.64235150199378,5.19760658095589,0.0674056902674009,0.00657727631074845,0.0159582170284738,0.00657727631074845,0.113343416142512,0.0685203081287785,0.0159582170284738,0.0685203081287785,0.0495362723034005,34.3432649217616,0.0390198915140443,0.0362,0,0.0692,0.01,0.203136,0.0997904,0.023302,0.0063786,0,0.235996,3.8,0.00673868,0.37515,0.0888888888888889,0,0.00628146,1.382,0,0.0661112,0.477386,0.345761666483293,0,1.44,12.1,0.4995,2.19,5.0784,2.49476,0.58255,0.159465,21.0035842293907,5.8999,95,0.168467,9.37875,0.41875,2.91300251256281,0.1570365,34.55,0.154861111111111,1.65278,11.93465,0.663542620071984,1,0.135362695255409,1.37299261608059e-14,0.0946417366659474,1.21227513661709,0.387630001463128,1.12395948825633,0.49197397476715,0.14687482971743,1.32601343917181,1.04379568744073,5.98824209110219,0.0648923444862926,4.41960985970513,0.112671916743538,6.58246702598952e-12,0.0134012083767732,9.53864507895721,0.0262250519838029,0.189665733937792,2.09251736849333,0.369146955385249,0.816708454841973,48.229641830088,83.2712430097363,150.189211999897,0.840239999999991,1.67175778546711
122,GA,500,0,0.115435766184651,3.94418598402665,4.64235150199378,5.19760658095589,0.0674056902674009,0.00657727631074845,0.0159582170284738,0.00657727631074845,0.113343416142512,0.0685203081287785,0.0159582170284738,0.0685203081287785,0.0495362723034005,34.3432649217616,0.0125113051943418,0.0362,0,0.0692,0.01,0.203136,0.0997904,0.023302,0.0063786,0,0.235996,3.8,0.00673868,0.37515,0.0888888888888889,0,0.00628146,1.382,0,0.0661112,0.477386,0.345761666483293,0,1.44,12.1,0.4995,2.19,5.0784,2.49476,0.58255,0.159465,21.0035842293907,5.8999,95,0.168467,9.37875,0.41875,2.91300251256281,0.1570365,34.55,0.154861111111111,1.65278,11.93465,0.663542620071984,1,0.0742597716784404,0.0124543907982777,0.466313665812949,0.0557180142593866,0.440371429061861,0.240774546972433,0.1423003221148,0.0172042753897167,11.6458973438373,1.44873097982681,14.8464970289946,0.01643690238027,1.95440780447051,0.217093855578571,5.47119577278124e-12,0.0133679491471668,5.91419560218526,1.4350833450372e-19,0.794385463490098,10.7291791674647,0.484755499573509,0.816708454841973,32.9933161641034,98.0941026458956,153.102398008831,0.840239999999991,1.67175778546711
122,GA,500,0,0.115435766184651,3.94418598402665,4.64235150199378,5.19760658095589,0.0674056902674009,0.00657727631074845,0.0159582170284738,0.00657727631074845,0.113343416142512,0.0685203081287785,0.0159582170284738,0.0685203081287785,0.0495362723034005,34.3432649217616,0.0104647590213822,0.0362,0,0.0692,0.01,0.203136,0.0997904,0.023302,0.0063786,0,0.235996,3.8,0.00673868,0.37515,0.0888888888888889,0,0.00628146,1.382,0,0.0661112,0.477386,0.345761666483293,0,1.44,12.1,0.4995,2.19,5.0784,2.49476,0.58255,0.159465,21.0035842293907,5.8999,95,0.168467,9.37875,0.41875,2.91300251256281,0.1570365,34.55,0.154861111111111,1.65278,11.93465,0.663542620071984,1,0.10654015002379,7.2493608402609e-10,0.443296890177377,1.64996722668368,0.387630001463128,0.119548984849667,0.383423559764833,0.0454726069422871,1.32601343917181,0.86975064501522,14.926305971165,0.0506118819857661,1.75946669344081,0.21957546169713,3.58851827955082e-09,0.0484401625558686,3.25676180704002,0.0262250519838029,0.307203372951257,8.61789905600272,0.355751752726122,0.816708454841973,36.9396706809755,111.44726593276,173.398728098625,0.840239999999991,1.67175778546711
122,GA,500,1,0.115435766184651,3.94418598402665,4.64235150199378,5.19760658095589,0.0674056902674009,0.00657727631074845,0.0159582170284738,0.00657727631074845,0.113343416142512,0.0685203081287785,0.0159582170284738,0.0685203081287785,0.0495362723034005,34.3432649217616,0.0788957512691096,0.0362,0,0.0692,0.01,0.203136,0.0997904,0.023302,0.0063786,0,0.235996,3.8,0.00673868,0.37515,0.0888888888888889,0,0.00628146,1.382,0,0.0661112,0.477386,0.345761666483293,0,1.44,12.1,0.4995,2.19,5.0784,2.49476,0.58255,0.159465,21.0035842293907,5.8999,95,0.168467,9.37875,0.41875,2.91300251256281,0.1570365,34.55,0.154861111111111,1.65278,11.93465,0.663542620071984,1,0.410149823864621,1.01575353823747e-10,0.145688369980611,1.42275540358593,1.14934849028098,1.4598632802406,0.37644961902334,0.0118489426110276,4.37977534906498,4.02519743812579,4.48230758670022,0.0277355553288218,0.377906075033301,0.12647110200761,2.67372485823951e-08,0.0306966742281059,9.30084855605617,5.70149887400548e-20,1.5141658359006,0.835061364882609,0.406006916598477,0.758511957981166,55.2622270580567,78.8420805201181,159.205322075256,0.840239999999991,1.67175778546711
122,GA,500,0,0.115435766184651,3.94418598402665,4.64235150199378,5.19760658095589,0.0674056902674009,0.00657727631074845,0.0159582170284738,0.00657727631074845,0.113343416142512,0.0685203081287785,0.0159582170284738,0.0685203081287785,0.0495362723034005,34.3432649217616,0.0108180466460141,0.0362,0,0.0692,0.01,0.203136,0.0997904,0.023302,0.0063786,0,0.235996,3.8,0.00673868,0.37515,0.0888888888888889,0,0.00628146,1.382,0,0.0661112,0.477386,0.345761666483293,0,1.44,12.1,0.4995,2.19,5.0784,2.49476,0.58255,0.159465,21.0035842293907,5.8999,95,0.168467,9.37875,0.41875,2.91300251256281,0.1570365,34.55,0.154861111111111,1.65278,11.93465,0.663542620071984,1,0.433194100463836,0.403272832121109,0.102171066598616,0.157587581807599,0.416780880633115,0.882600469421692,0.0765947091596555,0.0419109649742696,3.27346768517959,1.10872920168068,29.8814900960205,0.141506926749212,1.74140048301238,0.100114832399319,0.0126020088799756,0.048471069776101,7.07573438608025,9.44481353917248e-11,0.468223357555741,6.55857546741764,0.425376434642763,0.758511957981166,41.8834876521008,139.363240926885,225.615911986992,0.840239999999991,1.67175778546711
122,GA,500,0,0.115435766184651,3.94418598402665,4.64235150199378,5.19760658095589,0.0674056902674009,0.00657727631074845,0.0159582170284738,0.00657727631074845,0.113343416142512,0.0685203081287785,0.0159582170284738,0.0685203081287785,0.0495362723034005,34.3432649217616,0.0113057065621243,0.0362,0,0.0692,0.01,0.203136,0.0997904,0.023302,0.0063786,0,0.235996,3.8,0.00673868,0.37515,0.0888888888888889,0,0.00628146,1.382,0,0.0661112,0.477386,0.345761666483293,0,1.44,12.1,0.4995,2.19,5.0784,2.49476,0.58255,0.159465,21.0035842293907,5.8999,95,0.168467,9.37875,0.41875,2.91300251256281,0.1570365,34.55,0.154861111111111,1.65278,11.93465,0.663542620071984,1,0.794771115813605,1.37299261608059e-14,0.106675703561767,0.0660293395893709,0.387630001463128,1.12395948825633,0.49197397476715,0.0576827980048167,5.13709797957759,5.2512445221487,14.7732955901101,0.0261721349472573,0.763265937617906,0.21957546169713,6.58246702598952e-11,0.0134012083767732,10.5087260359772,0.0262250519838029,0.995151236192236,8.01624434987282,0.425376434642763,0.816708454841973,53.8384823148451,65.9247803756409,134.558572800987,0.840239999999991,1.67175778546711
122,GA,500,0,0.115435766184651,3.94418598402665,4.64235150199378,5.19760658095589,0.0674056902674009,0.00657727631074845,0.0159582170284738,0.00657727631074845,0.113343416142512,0.0685203081287785,0.0159582170284738,0.0685203081287785,0.0495362723034005,34.3432649217616,0.00353746565853899,0.0362,0,0.0692,0.01,0.203136,0.0997904,0.023302,0.0063786,0,0.235996,3.8,0.00673868,0.37515,0.0888888888888889,0,0.00628146,1.382,0,0.0661112,0.477386,0.345761666483293,0,1.44,12.1,0.4995,2.19,5.0784,2.49476,0.58255,0.159465,21.0035842293907,5.8999,95,0.168467,9.37875,0.41875,2.91300251256281,0.1570365,34.55,0.154861111111111,1.65278,11.93465,0.663542620071984,1,0.421025277896397,5.87027748221872e-12,0.102171066598616,1.08322981141486,0.970166000501206,1.12395948825633,0.319973590482319,0.0076987719215397,0.244894851458303,0.412037253166871,16.4770510175373,0.0176944881754276,4.69065533698456,0.100114832399319,0.00906916338668913,0.0091912541175891,7.07573438608025,9.44481353917248e-12,0.510040658400477,1.3464119620812,0.425376434642763,0.816708454841973,25.4225356816244,80.7066644177987,124.24196621319,0.840239999999991,1.67175778546711
122,GA,500,0,0.115435766184651,3.94418598402665,4.64235150199378,5.19760658095589,0.0674056902674009,0.00657727631074845,0.0159582170284738,0.00657727631074845,0.113343416142512,0.0685203081287785,0.0159582170284738,0.0685203081287785,0.0495362723034005,34.3432649217616,2.74523666354026e-05,0.0362,0,0.0692,0.01,0.203136,0.0997904,0.023302,0.0063786,0,0.235996,3.8,0.00673868,0.37515,0.0888888888888889,0,0.00628146,1.382,0,0.0661112,0.477386,0.345761666483293,0,1.44,12.1,0.4995,2.19,5.0784,2.49476,0.58255,0.159465,21.0035842293907,5.8999,95,0.168467,9.37875,0.41875,2.91300251256281,0.1570365,34.55,0.154861111111111,1.65278,11.93465,0.663542620071984,1,0.415694897742659,2.08038505899709e-10,0.106675703561767,0.464335804121358,0.387630001463128,1.12395948825633,0.230138668786384,0.12758690135907,1.32601343917181,0.390310205430506,8.92610684667907,0.0367623215560257,4.22082042484967,0.126115394849032,0.809494118959263,0.0134012083767732,10.1805089780368,3.97448770837526e-17,0.0998433691783822,0.80353454160597,0.574096774166235,0.816708454841973,52.6949917389584,61.2860008433907,127.735234655568,0.840239999999991,1.67175778546711
122,GA,500,0,0.115435766184651,3.94418598402665,4.64235150199378,5.19760658095589,0.0674056902674009,0.00657727631074845,0.0159582170284738,0.00657727631074845,0.113343416142512,0.0685203081287785,0.0159582170284738,0.0685203081287785,0.0495362723034005,34.3432649217616,0.00173957780926188,0.0362,0,0.0692,0.01,0.203136,0.0997904,0.023302,0.0063786,0,0.235996,3.8,0.00673868,0.37515,0.0888888888888889,0,0.00628146,1.382,0,0.0661112,0.477386,0.345761666483293,0,1.44,12.1,0.4995,2.19,5.0784,2.49476,0.58255,0.159465,21.0035842293907,5.8999,95,0.168467,9.37875,0.41875,2.91300251256281,0.1570365,34.55,0.154861111111111,1.65278,11.93465,0.663542620071984,1,0.107467541002327,7.2493608402609e-10,0.33554204560074,1.08322981141486,0.387630001463128,0.789887732782343,0.49197397476715,0.0984044525819538,2.55365160890277,0.86975064501522,29.8814900960205,0.0233571926275065,3.88552556880721,0.21957546169713,6.58246702598952e-11,0.0286726329341234,8.47494283828582,0.0262250519838029,0.995151236192236,8.61789905600272,0.425376434642763,0.816708454841973,56.0836377863278,164.140665334695,257.061923686962,0.840239999999991,1.67175778546711
122,GA,500,1,0.115435766184651,3.94418598402665,4.64235150199378,5.19760658095589,0.0674056902674009,0.00657727631074845,0.0159582170284738,0.00657727631074845,0.113343416142512,0.0685203081287785,0.0159582170284738,0.0685203081287785,0.0495362723034005,34.3432649217616,0.0280575045768141,0.0362,0,0.0692,0.01,0.203136,0.0997904,0.023302,0.0063786,0,0.235996,3.8,0.00673868,0.37515,0.0888888888888889,0,0.00628146,1.382,0,0.0661112,0.477386,0.345761666483293,0,1.44,12.1,0.4995,2.19,5.0784,2.49476,0.58255,0.159465,21.0035842293907,5.8999,95,0.168467,9.37875,0.41875,2.91300251256281,0.1570365,34.55,0.154861111111111,1.65278,11.93465,0.663542620071984,1,0.037761354590067,1.95050271326823e-06,0.41552131248852,0.143734317208437,0.746696478864772,2.08826905789341,0.0827906407855193,0.0419109649742696,4.37977534906498,4.58086460011602,42.5513214920691,0.0592439704663513,1.61756601042089,0.100653674419686,3.25808880288396e-07,0.00768956438968787,11.9099726089675,4.68990085466117e-09,1.0666578579497,0.655857546741764,0.375849078759741,0.758511957981166,48.5480588315775,129.410222552108,219.158714590443,0.840239999999991,1.67175778546711
122,GA,500,1,0.115435766184651,3.94418598402665,4.64235150199378,5.19760658095589,0.0674056902674009,0.00657727631074845,0.0159582170284738,0.00657727631074845,0.113343416142512,0.0685203081287785,0.0159582170284738,0.0685203081287785,0.0495362723034005,34.3432649217616,0.166393167674178,0.0362,0,0.0692,0.01,0.203136,0.0997904,0.023302,0.0063786,0,0.235996,3.8,0.00673868,0.37515,0.0888888888888889,0,0.00628146,1.382,0,0.0661112,0.477386,0.345761666483293,0,1.44,12.1,0.4995,2.19,5.0784,2.49476,0.58255,0.159465,21.0035842293907,5.8999,95,0.168467,9.37875,0.41875,2.91300251256281,0.1570365,34.55,0.154861111111111,1.65278,11.93465,0.663542620071984,1,0.037761354590067,7.2493608402609e-11,0.33554204560074,1.08322981141486,1.14934849028098,1.12395948825633,0.49197397476715,0.116941370040857,11.3894747291681,0.86975064501522,12.9498568945179,0.0277355553288218,0.388552556880721,0.21957546169713,1.20107535232191e-12,0.0452013759180829,9.24267944991553,0.0262250519838029,1.5141658359006,8.61789905600272,0.459244421647998,0.816708454841973,80.3496089898777,155.117213557548,270.27933561131,0.840239999999991,1.67175778546711
122,GA,500,0,0.115435766184651,3.94418598402665,4.64235150199378,5.19760658095589,0.0674056902674009,0.00657727631074845,0.0159582170284738,0.00657727631074845,0.113343416142512,0.0685203081287785,0.0159582170284738,0.0685203081287785,0.0495362723034005,34.3432649217616,0.0121093400254264,0.0362,0,0.0692,0.01,0.203136,0.0997904,0.023302,0.0063786,0,0.235996,3.8,0.00673868,0.37515,0.0888888888888889,0,0.00628146,1.382,0,0.0661112,0.477386,0.345761666483293,0,1.44,12.1,0.4995,2.19,5.0784,2.49476,0.58255,0.159465,21.0035842293907,5.8999,95,0.168467,9.37875,0.41875,2.91300251256281,0.1570365,34.55,0.154861111111111,1.65278,11.93465,0.663542620071984,1,0.37761354590067,7.2493608402609e-11,0.33554204560074,1.08322981141486,0.387630001463128,1.12395948825633,0.49197397476715,0.0811289049218722,1.32601343917181,0.86975064501522,5.98824209110219,0.0506118819857661,3.88552556880721,0.21957546169713,6.58246702598952e-11,0.0286726329341234,8.47494283828582,0.0262250519838029,0.0672498050960735,4.09456305560179,0.355751752726122,0.816708454841973,49.4576874702705,86.3667061979323,155.207426787765,0.840239999999991,1.67175778546711
122,GA,500,1,0.115435766184651,3.94418598402665,4.64235150199378,5.19760658095589,0.0674056902674009,0.00657727631074845,0.0159582170284738,0.00657727631074845,0.113343416142512,0.0685203081287785,0.0159582170284738,0.0685203081287785,0.0495362723034005,34.3432649217616,0.0270758013131657,0.0362,0,0.0692,0.01,0.203136,0.0997904,0.023302,0.0063786,0,0.235996,3.8,0.00673868,0.37515,0.0888888888888889,0,0.00628146,1.382,0,0.0661112,0.477386,0.345761666483293,0,1.44,12.1,0.4995,2.19,5.0784,2.49476,0.58255,0.159465,21.0035842293907,5.8999,95,0.168467,9.37875,0.41875,2.91300251256281,0.1570365,34.55,0.154861111111111,1.65278,11.93465,0.663542620071984,1,0.37761354590067,1.64869649545343e-06,0.106675703561767,1.08322981141486,0.387630001463128,1.12395948825633,0.41732765724745,0.14687482971743,3.27346768517959,1.10872920168068,20.6213321236401,0.0648923444862926,1.95440780447051,0.100114832399319,6.31565374491009e-12,0.0072668001684069,10.5087260359772,9.44481353917248e-12,0.448555917611629,2.09251736849333,0.447662894831338,0.816708454841973,76.9464245810136,138.715775582946,246.793785362636,0.840239999999991,1.67175778546711
122,GA,500,1,0.115435766184651,3.94418598402665,4.64235150199378,5.19760658095589,0.0674056902674009,0.00657727631074845,0.0159582170284738,0.00657727631074845,0.113343416142512,0.0685203081287785,0.0159582170284738,0.0685203081287785,0.0495362723034005,34.3432649217616,0.0727829038503326,0.0362,0,0.0692,0.01,0.203136,0.0997904,0.023302,0.0063786,0,0.235996,3.8,0.00673868,0.37515,0.0888888888888889,0,0.00628146,1.382,0,0.0661112,0.477386,0.345761666483293,0,1.44,12.1,0.4995,2.19,5.0784,2.49476,0.58255,0.159465,21.0035842293907,5.8999,95,0.168467,9.37875,0.41875,2.91300251256281,0.1570365,34.55,0.154861111111111,1.65278,11.93465,0.663542620071984,1,0.586811726030253,1.12044685934865e-11,0.187927874033532,0.84745896001386,0.387630001463128,0.558146291259839,0.322086517737918,0.0252664717233017,3.27346768517959,5.72752345947607,6.85502581168269,0.0322242209876462,0.764120532859623,0.21957546169713,0.000414462271796587,0.0549257323456414,4.37401634622611,9.44481353917248e-12,0.468223357555741,4.71220272123764,0.42448203057904,0.816708454841973,28.4585956671955,101.674926150251,152.952135004834,0.840239999999991,1.67175778546711
122,GA,500,0,0.115435766184651,3.94418598402665,4.64235150199378,5.19760658095589,0.0674056902674009,0.00657727631074845,0.0159582170284738,0.00657727631074845,0.113343416142512,0.0685203081287785,0.0159582170284738,0.0685203081287785,0.0495362723034005,34.3432649217616,0.00651567388394699,0.0362,0,0.0692,0.01,0.203136,0.0997904,0.023302,0.0063786,0,0.235996,3.8,0.00673868,0.37515,0.0888888888888889,0,0.00628146,1.382,0,0.0661112,0.477386,0.345761666483293,0,1.44,12.1,0.4995,2.19,5.0784,2.49476,0.58255,0.159465,21.0035842293907,5.8999,95,0.168467,9.37875,0.41875,2.91300251256281,0.1570365,34.55,0.154861111111111,1.65278,11.93465,0.663542620071984,1,0.797833761274659,2.52234108540636e-14,0.197790223679982,0.0303102642237714,0.775755855342374,1.11281173265169,0.149595014507914,0.0240583040679519,3.27346768517959,0.7507767050592,13.0251149506815,0.0543127778898188,4.41960985970513,0.337884150373817,6.75903098514322e-17,0.0134012083767732,12.9719280186057,4.31592086903494e-08,0.183169860838341,1.3464119620812,0.489187823695342,0.816708454841973,56.1702439104841,111.990390399328,193.294317667008,0.840239999999991,1.67175778546711
122,GA,500,0,0.115435766184651,3.94418598402665,4.64235150199378,5.19760658095589,0.0674056902674009,0.00657727631074845,0.0159582170284738,0.00657727631074845,0.113343416142512,0.0685203081287785,0.0159582170284738,0.0685203081287785,0.0495362723034005,34.3432649217616,0.0259453870517372,0.0362,0,0.0692,0.01,0.203136,0.0997904,0.023302,0.0063786,0,0.235996,3.8,0.00673868,0.37515,0.0888888888888889,0,0.00628146,1.382,0,0.0661112,0.477386,0.345761666483293,0,1.44,12.1,0.4995,2.19,5.0784,2.49476,0.58255,0.159465,21.0035842293907,5.8999,95,0.168467,9.37875,0.41875,2.91300251256281,0.1570365,34.55,0.154861111111111,1.65278,11.93465,0.663542620071984,1,0.267869379269747,3.03209324249329e-09,0.33554204560074,0.277562596697268,0.387630001463128,1.12395948825633,0.49197397476715,0.159316220973074,0.132601343917181,0.86975064501522,14.926305971165,0.0228306624384632,3.88552556880721,0.231321122782224,1.33255093119549e-18,0.0136371010350113,3.11950749767294,7.7977313656551e-12,0.325447806826511,2.04444532681153,0.495138966534338,0.816708454841973,33.3328943527203,161.677246360303,231.294903196606,0.840239999999991,1.67175778546711
122,GA,500,1,0.115435766184651,3.94418598402665,4.64235150199378,5.19760658095589,0.0674056902674009,0.00657727631074845,0.0159582170284738,0.00657727631074845,0.113343416142512,0.0685203081287785,0.0159582170284738,0.0685203081287785,0.0495362723034005,34.3432649217616,0.0324906915415354,0.0362,0,0.0692,0.01,0.203136,0.0997904,0.023302,0.0063786,0,0.235996,3.8,0.00673868,0.37515,0.0888888888888889,0,0.00628146,1.382,0,0.0661112,0.477386,0.345761666483293,0,1.44,12.1,0.4995,2.19,5.0784,2.49476,0.58255,0.159465,21.0035842293907,5.8999,95,0.168467,9.37875,0.41875,2.91300251256281,0.1570365,34.55,0.154861111111111,1.65278,11.93465,0.663542620071984,1,0.0384822603722088,3.84093448406172e-14,0.123617141597913,0.411075659202855,0.95932003382261,1.12395948825633,0.0640594792824552,0.01711686810427,0.355071301816798,0.86975064501522,15.3639151174902,0.0506118819857661,1.2886075648695,0.33562035629601,1.29325672287822e-18,0.0716218789078226,3.1638628406696,0.00979718785011584,0.995151236192236,2.19921867924909,0.438380192537953,0.816708454841973,32.9802060224325,118.46664443735,178.033981007868,0.840239999999991,1.67175778546711
122,GA,500,1,0.115435766184651,3.94418598402665,4.64235150199378,5.19760658095589,0.0674056902674009,0.00657727631074845,0.0159582170284738,0.00657727631074845,0.113343416142512,0.0685203081287785,0.0159582170284738,0.0685203081287785,0.0495362723034005,34.3432649217616,0.0119496581693363,0.0362,0,0.0692,0.01,0.203136,0.0997904,0.023302,0.0063786,0,0.235996,3.8,0.00673868,0.37515,0.0888888888888889,0,0.00628146,1.382,0,0.0661112,0.477386,0.345761666483293,0,1.44,12.1,0.4995,2.19,5.0784,2.49476,0.58255,0.159465,21.0035842293907,5.8999,95,0.168467,9.37875,0.41875,2.91300251256281,0.1570365,34.55,0.154861111111111,1.65278,11.93465,0.663542620071984,1,0.037761354590067,7.2493608402609e-11,0.33554204560074,1.08322981141486,0.387630001463128,1.12395948825633,0.49197397476715,0.116941370040857,1.32601343917181,0.86975064501522,14.926305971165,0.0257166618163716,3.88552556880721,0.301972618290376,6.58246702598952e-11,0.0306966742281059,8.47494283828582,0.0262250519838029,0.0995151236192236,8.61789905600272,0.355751752726122,0.816708454841973,54.7672024836398,130.481903543955,214.532786848996,0.840239999999991,1.67175778546711
122,GA,500,0,0.115435766184651,3.94418598402665,4.64235150199378,5.19760658095589,0.0674056902674009,0.00657727631074845,0.0159582170284738,0.00657727631074845,0.113343416142512,0.0685203081287785,0.0159582170284738,0.0685203081287785,0.0495362723034005,34.3432649217616,0.00282424174451361,0.0362,0,0.0692,0.01,0.203136,0.0997904,0.023302,0.0063786,0,0.235996,3.8,0.00673868,0.37515,0.0888888888888889,0,0.00628146,1.382,0,0.0661112,0.477386,0.345761666483293,0,1.44,12.1,0.4995,2.19,5.0784,2.49476,0.58255,0.159465,21.0035842293907,5.8999,95,0.168467,9.37875,0.41875,2.91300251256281,0.1570365,34.55,0.154861111111111,1.65278,11.93465,0.663542620071984,1,0.214664483654817,2.18912861213713e-18,0.0719554922018008,0.84745896001386,0.347021721172284,0.348298741174201,0.348611830820326,0.0576827980048167,3.20269566700914,0.949739540455731,5.14960858444587,0.0192763124463403,4.41960985970513,0.0946681698319623,5.84079897613429e-16,0.079657409189384,10.5087260359772,6.47072191423007e-10,0.131666285412128,8.01624434987282,0.574096774166235,0.816708454841973,47.7039729502756,146.981250590949,227.671805681221,0.840239999999991,1.67175778546711
122,GA,500,1,0.115435766184651,3.94418598402665,4.64235150199378,5.19760658095589,0.0674056902674009,0.00657727631074845,0.0159582170284738,0.00657727631074845,0.113343416142512,0.0685203081287785,0.0159582170284738,0.0685203081287785,0.0495362723034005,34.3432649217616,0.0748123343325252,0.0362,0,0.0692,0.01,0.203136,0.0997904,0.023302,0.0063786,0,0.235996,3.8,0.00673868,0.37515,0.0888888888888889,0,0.00628146,1.382,0,0.0661112,0.477386,0.345761666483293,0,1.44,12.1,0.4995,2.19,5.0784,2.49476,0.58255,0.159465,21.0035842293907,5.8999,95,0.168467,9.37875,0.41875,2.91300251256281,0.1570365,34.55,0.154861111111111,1.65278,11.93465,0.663542620071984,1,0.861588688917038,0.077854686697321,0.170498883894179,1.63276703201205,0.428302808078519,0.877964643016063,0.437382911035942,0.0295523386443352,10.2132872866799,5.72752345947607,42.8900603557831,0.0208098014191741,0.756345311612749,0.110140417546348,2.03422536618558e-14,0.0133679491471668,15.4309180351339,2.42376079792726e-18,0.200236077171937,3.36791779424044,0.506671877921545,0.958933295004431,53.9551837077902,199.285734449966,261.775410086566,0.840239999999991,1.67175778546711
122,GA,500,0,0.115435766184651,3.94418598402665,4.64235150199378,5.19760658095589,0.0674056902674009,0.00657727631074845,0.0159582170284738,0.00657727631074845,0.113343416142512,0.0685203081287785,0.0159582170284738,0.0685203081287785,0.0495362723034005,34.3432649217616,0.0222155573223049,0.0362,0,0.0692,0.01,0.203136,0.0997904,0.023302,0.0063786,0,0.235996,3.8,0.00673868,0.37515,0.0888888888888889,0,0.00628146,1.382,0,0.0661112,0.477386,0.345761666483293,0,1.44,12.1,0.4995,2.19,5.0784,2.49476,0.58255,0.159465,21.0035842293907,5.8999,95,0.168467,9.37875,0.41875,2.91300251256281,0.1570365,34.55,0.154861111111111,1.65278,11.93465,0.663542620071984,1,0.433194100463836,1.37299261608059e-14,0.106675703561767,0.0356370799260181,0.387630001463128,1.12395948825633,0.41732765724745,0.14687482971743,0.355071301816798,1.04379568744073,5.98824209110219,0.0168368221923206,4.41960985970513,0.112671916743538,2.07860579025522e-08,0.0134012083767732,10.5087260359772,0.0262250519838029,0.261434803493799,2.09251736849333,0.425376434642763,0.816708454841973,43.9173488692247,70.2453936219654,129.927715488433,0.840239999999991,1.67175778546711
122,GA,500,1,0.115435766184651,3.94418598402665,4.64235150199378,5.19760658095589,0.0674056902674009,0.00657727631074845,0.0159582170284738,0.00657727631074845,0.113343416142512,0.0685203081287785,0.0159582170284738,0.0685203081287785,0.0495362723034005,34.3432649217616,0.024945930245045,0.0362,0,0.0692,0.01,0.203136,0.0997904,0.023302,0.0063786,0,0.235996,3.8,0.00673868,0.37515,0.0888888888888889,0,0.00628146,1.382,0,0.0661112,0.477386,0.345761666483293,0,1.44,12.1,0.4995,2.19,5.0784,2.49476,0.58255,0.159465,21.0035842293907,5.8999,95,0.168467,9.37875,0.41875,2.91300251256281,0.1570365,34.55,0.154861111111111,1.65278,11.93465,0.663542620071984,1,0.363479111087168,1.21817414375463e-12,0.379716216609904,0.108322981141486,0.387630001463128,0.634153152411786,0.206610743288249,0.0498617830554837,1.32601343917181,2.65936778838133,10.5575153830508,0.0167603336271827,4.41960985970513,0.100920665904296,6.58246702598952e-11,0.00768956438968787,10.5087260359772,0.0262250519838029,0.995151236192236,7.88235131500522,0.574096774166235,0.668745151801258,37.8042742602847,125.826716487531,225.957737726328,0.840239999999991,1.67175778546711
122,GA,500,1,0.115435766184651,3.94418598402665,4.64235150199378,5.19760658095589,0.0674056902674009,0.00657727631074845,0.0159582170284738,0.00657727631074845,0.113343416142512,0.0685203081287785,0.0159582170284738,0.0685203081287785,0.0495362723034005,34.3432649217616,0.0350149259510364,0.0362,0,0.0692,0.01,0.203136,0.0997904,0.023302,0.0063786,0,0.235996,3.8,0.00673868,0.37515,0.0888888888888889,0,0.00628146,1.382,0,0.0661112,0.477386,0.345761666483293,0,1.44,12.1,0.4995,2.19,5.0784,2.49476,0.58255,0.159465,21.0035842293907,5.8999,95,0.168467,9.37875,0.41875,2.91300251256281,0.1570365,34.55,0.154861111111111,1.65278,11.93465,0.663542620071984,1,0.508871063422381,6.85490059604685e-08,0.13794879860465,1.08322981141486,0.374289070832957,1.47682122925951,0.49197397476715,0.0811289049218722,1.32601343917181,5.0679665359321,9.72340954091972,0.0367623215560257,4.41960985970513,0.21957546169713,6.58246702598952e-11,0.0831445859145277,16.8612041775535,0.000435235678535388,0.305275129504086,3.0538166384073,0.416258136097572,0.958933295004431,59.9688348474007,149.310530618148,215.673649140514,0.840239999999991,1.67175778546711
122,GA,500,1,0.115435766184651,3.94418598402665,4.64235150199378,5.19760658095589,0.0674056902674009,0.00657727631074845,0.0159582170284738,0.00657727631074845,0.113343416142512,0.0685203081287785,0.0159582170284738,0.0685203081287785,0.0495362723034005,34.3432649217616,0.0234669033637607,0.0362,0,0.0692,0.01,0.203136,0.0997904,0.023302,0.0063786,0,0.235996,3.8,0.00673868,0.37515,0.0888888888888889,0,0.00628146,1.382,0,0.0661112,0.477386,0.345761666483293,0,1.44,12.1,0.4995,2.19,5.0784,2.49476,0.58255,0.159465,21.0035842293907,5.8999,95,0.168467,9.37875,0.41875,2.91300251256281,0.1570365,34.55,0.154861111111111,1.65278,11.93465,0.663542620071984,1,0.565345632751188,7.2493608402609e-11,0.33554204560074,1.42344557998578,0.387630001463128,1.12395948825633,0.49197397476715,0.116941370040857,0.148496979060524,1.44873097982681,11.4050027216216,0.0481444305343451,4.41960985970513,0.21957546169713,6.58246702598952e-11,0.0286726329341234,8.33768186817541,0.0262250519838029,0.0995151236192236,6.57989961638323,0.355751752726122,0.816708454841973,39.4652888033461,130.226219066083,198.917806153961,0.840239999999991,1.67175778546711
122,GA,500,0,0.115435766184651,3.94418598402665,4.64235150199378,5.19760658095589,0.0674056902674009,0.00657727631074845,0.0159582170284738,0.00657727631074845,0.113343416142512,0.0685203081287785,0.0159582170284738,0.0685203081287785,0.0495362723034005,34.3432649217616,0.00497442232861779,0.0362,0,0.0692,0.01,0.203136,0.0997904,0.023302,0.0063786,0,0.235996,3.8,0.00673868,0.37515,0.0888888888888889,0,0.00628146,1.382,0,0.0661112,0.477386,0.345761666483293,0,1.44,12.1,0.4995,2.19,5.0784,2.49476,0.58255,0.159465,21.0035842293907,5.8999,95,0.168467,9.37875,0.41875,2.91300251256281,0.1570365,34.55,0.154861111111111,1.65278,11.93465,0.663542620071984,1,0.999400001093788,1.37299261608059e-14,0.0903996952140789,0.0186167452989518,0.387630001463128,1.12395948825633,0.41732765724745,0.14687482971743,1.32601343917181,1.9212956444335,36.7058281819495,0.0648923444862926,4.41960985970513,0.181086691318901,0.00156043204089122,0.031454870022769,10.5087260359772,0.0262250519838029,0.886649381973208,2.09251736849333,0.378537585475765,0.816708454841973,44.4982701138572,87.0257264379822,151.054931701034,0.840239999999991,1.67175778546711
122,GA,500,0,0.115435766184651,3.94418598402665,4.64235150199378,5.19760658095589,0.0674056902674009,0.00657727631074845,0.0159582170284738,0.00657727631074845,0.113343416142512,0.0685203081287785,0.0159582170284738,0.0685203081287785,0.0495362723034005,34.3432649217616,0.013835400430118,0.0362,0,0.0692,0.01,0.203136,0.0997904,0.023302,0.0063786,0,0.235996,3.8,0.00673868,0.37515,0.0888888888888889,0,0.00628146,1.382,0,0.0661112,0.477386,0.345761666483293,0,1.44,12.1,0.4995,2.19,5.0784,2.49476,0.58255,0.159465,21.0035842293907,5.8999,95,0.168467,9.37875,0.41875,2.91300251256281,0.1570365,34.55,0.154861111111111,1.65278,11.93465,0.663542620071984,1,0.192434106659814,1.37299261608059e-14,0.106675703561767,1.08322981141486,0.374289070832957,1.14085275216875,0.49197397476715,0.0811289049218722,3.9919081762645,0.512485638195356,14.926305971165,0.0367623215560257,4.41960985970513,0.21957546169713,6.58246702598952e-11,0.0286726329341234,2.79922667016106,0.0262250519838029,0.995151236192236,0.677507814613607,0.355751752726122,0.816708454841973,33.1948668851456,95.0742163544476,149.606317985947,0.840239999999991,1.67175778546711
122,GA,500,0,0.115435766184651,3.94418598402665,4.64235150199378,5.19760658095589,0.0674056902674009,0.00657727631074845,0.0159582170284738,0.00657727631074845,0.113343416142512,0.0685203081287785,0.0159582170284738,0.0685203081287785,0.0495362723034005,34.3432649217616,0.00960660192158763,0.0362,0,0.0692,0.01,0.203136,0.0997904,0.023302,0.0063786,0,0.235996,3.8,0.00673868,0.37515,0.0888888888888889,0,0.00628146,1.382,0,0.0661112,0.477386,0.345761666483293,0,1.44,12.1,0.4995,2.19,5.0784,2.49476,0.58255,0.159465,21.0035842293907,5.8999,95,0.168467,9.37875,0.41875,2.91300251256281,0.1570365,34.55,0.154861111111111,1.65278,11.93465,0.663542620071984,1,0.776894718984089,4.24768382833096e-15,0.239919977357982,0.84745896001386,0.387630001463128,0.558146291259839,0.447718646133985,0.0741589089118415,7.56898553524094,3.00857935987627,25.0934955521434,0.0256621522506735,2.29244859636525,0.181086691318901,5.15675159597292e-10,0.0549257323456414,11.7048172577826,1.38695515175163e-19,0.407822343390313,1.96910767623804,0.42448203057904,0.816708454841973,57.5152744773295,183.298235293361,281.950609028663,0.840239999999991,1.67175778546711
122,GA,500,0,0.115435766184651,3.94418598402665,4.64235150199378,5.19760658095589,0.0674056902674009,0.00657727631074845,0.0159582170284738,0.00657727631074845,0.113343416142512,0.0685203081287785,0.0159582170284738,0.0685203081287785,0.0495362723034005,34.3432649217616,0.00971629049503022,0.0362,0,0.0692,0.01,0.203136,0.0997904,0.023302,0.0063786,0,0.235996,3.8,0.00673868,0.37515,0.0888888888888889,0,0.00628146,1.382,0,0.0661112,0.477386,0.345761666483293,0,1.44,12.1,0.4995,2.19,5.0784,2.49476,0.58255,0.159465,21.0035842293907,5.8999,95,0.168467,9.37875,0.41875,2.91300251256281,0.1570365,34.55,0.154861111111111,1.65278,11.93465,0.663542620071984,1,0.037761354590067,6.85490059604685e-08,0.379716216609904,1.08322981141486,1.1517193920821,1.12395948825633,0.49197397476715,0.0582962586775933,3.55071301816798,4.58086460011602,12.9498568945179,0.0506118819857661,8.12351666822932,0.21957546169713,8.5651426907191e-06,0.0587777965303748,15.4309180351339,6.98558743337182e-20,0.692279503726635,1.6210704715016,0.355751752726122,0.816708454841973,33.9591024113212,74.281596177622,124.911504994193,0.840239999999991,1.67175778546711
122,GA,500,0,0.115435766184651,3.94418598402665,4.64235150199378,5.19760658095589,0.0674056902674009,0.00657727631074845,0.0159582170284738,0.00657727631074845,0.113343416142512,0.0685203081287785,0.0159582170284738,0.0685203081287785,0.0495362723034005,34.3432649217616,0.0113935568546953,0.0362,0,0.0692,0.01,0.203136,0.0997904,0.023302,0.0063786,0,0.235996,3.8,0.00673868,0.37515,0.0888888888888889,0,0.00628146,1.382,0,0.0661112,0.477386,0.345761666483293,0,1.44,12.1,0.4995,2.19,5.0784,2.49476,0.58255,0.159465,21.0035842293907,5.8999,95,0.168467,9.37875,0.41875,2.91300251256281,0.1570365,34.55,0.154861111111111,1.65278,11.93465,0.663542620071984,1,0.0364773007124725,5.33560706117043e-16,0.355021858924853,0.0517871861509779,0.690418307525937,0.810030563541647,0.175408387038546,0.0115808887906349,15.6509497757883,4.38223823498553,14.926305971165,0.00755831142951199,1.75946669344081,0.228676870068848,6.58246702598952e-11,0.086256088462891,10.5087260359772,1.53095367547846e-19,0.77677538638401,2.43909601042685,0.416258136097572,0.816708454841973,35.1417921090207,72.4198632623424,123.814638377467,0.840239999999991,1.67175778546711
122,GA,500,0,0.115435766184651,3.94418598402665,4.64235150199378,5.19760658095589,0.0674056902674009,0.00657727631074845,0.0159582170284738,0.00657727631074845,0.113343416142512,0.0685203081287785,0.0159582170284738,0.0685203081287785,0.0495362723034005,34.3432649217616,0.00574545363484726,0.0362,0,0.0692,0.01,0.203136,0.0997904,0.023302,0.0063786,0,0.235996,3.8,0.00673868,0.37515,0.0888888888888889,0,0.00628146,1.382,0,0.0661112,0.477386,0.345761666483293,0,1.44,12.1,0.4995,2.19,5.0784,2.49476,0.58255,0.159465,21.0035842293907,5.8999,95,0.168467,9.37875,0.41875,2.91300251256281,0.1570365,34.55,0.154861111111111,1.65278,11.93465,0.663542620071984,1,0.235273623058112,7.2493608402609e-11,0.106675703561767,0.31372222991623,1.51733358572729,0.377652508522009,0.132050451846497,0.0811289049218722,1.32601343917181,5.7855760820609,14.926305971165,0.0691890873976846,1.32874924675793,0.21957546169713,6.58246702598952e-11,0.00831970670117804,5.98284395911964,2.76051304339214e-16,0.245613893127934,9.94105212135333,0.634940629367506,0.816708454841973,40.9525072109815,122.079998357075,190.430570812878,0.840239999999991,1.67175778546711
122,GA,500,1,0.115435766184651,3.94418598402665,4.64235150199378,5.19760658095589,0.0674056902674009,0.00657727631074845,0.0159582170284738,0.00657727631074845,0.113343416142512,0.0685203081287785,0.0159582170284738,0.0685203081287785,0.0495362723034005,34.3432649217616,0.0255194941965457,0.0362,0,0.0692,0.01,0.203136,0.0997904,0.023302,0.0063786,0,0.235996,3.8,0.00673868,0.37515,0.0888888888888889,0,0.00628146,1.382,0,0.0661112,0.477386,0.345761666483293,0,1.44,12.1,0.4995,2.19,5.0784,2.49476,0.58255,0.159465,21.0035842293907,5.8999,95,0.168467,9.37875,0.41875,2.91300251256281,0.1570365,34.55,0.154861111111111,1.65278,11.93465,0.663542620071984,1,0.846322127465164,1.66178385006445e-18,0.115179877493814,0.31372222991623,0.523260486075412,0.377652508522009,0.447718646133985,0.0706975216214114,10.8926309164505,3.55390927023668,12.9498568945179,0.0256621522506735,2.64464269923055,0.19937413993681,1.56043204089122e-05,0.00768956438968787,15.4309180351339,2.76051304339214e-16,1.47607122890569,11.3469828631913,0.437474468905414,0.958933295004431,59.7722113892331,142.111486206835,207.969679291501,0.840239999999991,1.67175778546711
122,GA,500,1,0.115435766184651,3.94418598402665,4.64235150199378,5.19760658095589,0.0674056902674009,0.00657727631074845,0.0159582170284738,0.00657727631074845,0.113343416142512,0.0685203081287785,0.0159582170284738,0.0685203081287785,0.0495362723034005,34.3432649217616,0.0985027762212491,0.0362,0,0.0692,0.01,0.203136,0.0997904,0.023302,0.0063786,0,0.235996,3.8,0.00673868,0.37515,0.0888888888888889,0,0.00628146,1.382,0,0.0661112,0.477386,0.345761666483293,0,1.44,12.1,0.4995,2.19,5.0784,2.49476,0.58255,0.159465,21.0035842293907,5.8999,95,0.168467,9.37875,0.41875,2.91300251256281,0.1570365,34.55,0.154861111111111,1.65278,11.93465,0.663542620071984,1,0.433194100463836,1.95380467246724e-06,0.153976009470019,1.08322981141486,0.374289070832957,0.195386516300183,0.49197397476715,0.0582552351938185,3.27346768517959,4.58086460011602,11.1543326023559,0.0366862096132856,4.41960985970513,0.110833292852295,4.68018060946497e-20,0.00869422491264641,15.4309180351339,3.13356372407745e-13,0.417112344629449,4.09456305560179,0.572167066208733,0.958933295004431,49.2881591366441,116.755589492956,171.043853824893,0.840239999999991,1.67175778546711
122,GA,500,1,0.115435766184651,3.94418598402665,4.64235150199378,5.19760658095589,0.0674056902674009,0.00657727631074845,0.0159582170284738,0.00657727631074845,0.113343416142512,0.0685203081287785,0.0159582170284738,0.0685203081287785,0.0495362723034005,34.3432649217616,0.0241986039261598,0.0362,0,0.0692,0.01,0.203136,0.0997904,0.023302,0.0063786,0,0.235996,3.8,0.00673868,0.37515,0.0888888888888889,0,0.00628146,1.382,0,0.0661112,0.477386,0.345761666483293,0,1.44,12.1,0.4995,2.19,5.0784,2.49476,0.58255,0.159465,21.0035842293907,5.8999,95,0.168467,9.37875,0.41875,2.91300251256281,0.1570365,34.55,0.154861111111111,1.65278,11.93465,0.663542620071984,1,0.287863162330782,1.41278195811644e-09,0.102171066598616,0.013204287405372,0.546210626633476,1.59285190205175,0.0765947091596555,0.0182177042265205,3.27346768517959,1.44873097982681,29.8814900960205,0.0192763124463403,4.41960985970513,0.100114832399319,0.000906916338668913,0.0175322492207075,11.7048172577826,9.44481353917248e-12,0.468223357555741,1.3464119620812,0.425376434642763,0.816708454841973,45.4930806945637,115.741644042613,187.210291232084,0.840239999999991,1.67175778546711
122,GA,500,1,0.115435766184651,3.94418598402665,4.64235150199378,5.19760658095589,0.0674056902674009,0.00657727631074845,0.0159582170284738,0.00657727631074845,0.113343416142512,0.0685203081287785,0.0159582170284738,0.0685203081287785,0.0495362723034005,34.3432649217616,0.0581244524438904,0.0362,0,0.0692,0.01,0.203136,0.0997904,0.023302,0.0063786,0,0.235996,3.8,0.00673868,0.37515,0.0888888888888889,0,0.00628146,1.382,0,0.0661112,0.477386,0.345761666483293,0,1.44,12.1,0.4995,2.19,5.0784,2.49476,0.58255,0.159465,21.0035842293907,5.8999,95,0.168467,9.37875,0.41875,2.91300251256281,0.1570365,34.55,0.154861111111111,1.65278,11.93465,0.663542620071984,1,0.037761354590067,1.37299261608059e-14,0.33554204560074,1.08322981141486,0.387630001463128,0.181548389711587,0.442290383632341,0.0811289049218722,1.32601343917181,0.512485638195356,14.926305971165,0.0481444305343451,4.41960985970513,0.21957546169713,6.58246702598952e-11,0.0286726329341234,8.33768186817541,0.0262250519838029,0.995151236192236,2.8313068191103,0.34849384509302,0.816708454841973,47.7066912241998,94.3296894583193,163.206523384712,0.840239999999991,1.67175778546711
122,GA,500,1,0.115435766184651,3.94418598402665,4.64235150199378,5.19760658095589,0.0674056902674009,0.00657727631074845,0.0159582170284738,0.00657727631074845,0.113343416142512,0.0685203081287785,0.0159582170284738,0.0685203081287785,0.0495362723034005,34.3432649217616,0.0117116629879817,0.0362,0,0.0692,0.01,0.203136,0.0997904,0.023302,0.0063786,0,0.235996,3.8,0.00673868,0.37515,0.0888888888888889,0,0.00628146,1.382,0,0.0661112,0.477386,0.345761666483293,0,1.44,12.1,0.4995,2.19,5.0784,2.49476,0.58255,0.159465,21.0035842293907,5.8999,95,0.168467,9.37875,0.41875,2.91300251256281,0.1570365,34.55,0.154861111111111,1.65278,11.93465,0.663542620071984,1,0.508871063422381,1.37299261608059e-14,0.106675703561767,1.08322981141486,0.374289070832957,1.14085275216875,0.187523400691767,0.012160632507191,1.32601343917181,0.86975064501522,37.3832130452404,0.0648923444862926,3.88552556880721,0.21957546169713,0.000107204888747191,0.0066236211456488,8.47494283828582,0.0262250519838029,0.251676170943088,2.09251736849333,0.355751752726122,0.816708454841973,37.9875053226979,109.903741967953,172.556630102016,0.840239999999991,1.67175778546711
122,GA,500,0,0.115435766184651,3.94418598402665,4.64235150199378,5.19760658095589,0.0674056902674009,0.00657727631074845,0.0159582170284738,0.00657727631074845,0.113343416142512,0.0685203081287785,0.0159582170284738,0.0685203081287785,0.0495362723034005,34.3432649217616,0.0180024529448519,0.0362,0,0.0692,0.01,0.203136,0.0997904,0.023302,0.0063786,0,0.235996,3.8,0.00673868,0.37515,0.0888888888888889,0,0.00628146,1.382,0,0.0661112,0.477386,0.345761666483293,0,1.44,12.1,0.4995,2.19,5.0784,2.49476,0.58255,0.159465,21.0035842293907,5.8999,95,0.168467,9.37875,0.41875,2.91300251256281,0.1570365,34.55,0.154861111111111,1.65278,11.93465,0.663542620071984,1,0.37761354590067,1.01575353823747e-10,0.106675703561767,1.08322981141486,0.387630001463128,0.481456018967801,0.41732765724745,0.14687482971743,4.52822854438799,0.512485638195356,5.98824209110219,0.0648923444862926,4.41960985970513,0.21957546169713,2.07860579025522e-07,0.134012083767732,10.5087260359772,9.03006908579079e-18,0.995151236192236,2.09251736849333,0.369146955385249,0.816708454841973,68.9092364884122,138.715654747711,238.756449316094,0.840239999999991,1.67175778546711
122,GA,500,1,0.115435766184651,3.94418598402665,4.64235150199378,5.19760658095589,0.0674056902674009,0.00657727631074845,0.0159582170284738,0.00657727631074845,0.113343416142512,0.0685203081287785,0.0159582170284738,0.0685203081287785,0.0495362723034005,34.3432649217616,0.0254164419041344,0.0362,0,0.0692,0.01,0.203136,0.0997904,0.023302,0.0063786,0,0.235996,3.8,0.00673868,0.37515,0.0888888888888889,0,0.00628146,1.382,0,0.0661112,0.477386,0.345761666483293,0,1.44,12.1,0.4995,2.19,5.0784,2.49476,0.58255,0.159465,21.0035842293907,5.8999,95,0.168467,9.37875,0.41875,2.91300251256281,0.1570365,34.55,0.154861111111111,1.65278,11.93465,0.663542620071984,1,0.037761354590067,1.95380467246724e-06,0.106675703561767,1.08322981141486,0.387630001463128,1.12395948825633,0.49197397476715,0.14687482971743,1.32601343917181,1.04379568744073,14.926305971165,0.0506118819857661,0.44941934386744,0.112671916743538,2.37084801154014e-12,0.0431755930352106,2.84249104476916,3.91015235687572e-10,0.417112344629449,8.61789905600272,0.369146955385249,0.816708454841973,78.5481120882495,110.191731951177,213.469859619929,0.840239999999991,1.67175778546711
122,GA,500,1,0.115435766184651,3.94418598402665,4.64235150199378,5.19760658095589,0.0674056902674009,0.00657727631074845,0.0159582170284738,0.00657727631074845,0.113343416142512,0.0685203081287785,0.0159582170284738,0.0685203081287785,0.0495362723034005,34.3432649217616,0.0604140292575256,0.0362,0,0.0692,0.01,0.203136,0.0997904,0.023302,0.0063786,0,0.235996,3.8,0.00673868,0.37515,0.0888888888888889,0,0.00628146,1.382,0,0.0661112,0.477386,0.345761666483293,0,1.44,12.1,0.4995,2.19,5.0784,2.49476,0.58255,0.159465,21.0035842293907,5.8999,95,0.168467,9.37875,0.41875,2.91300251256281,0.1570365,34.55,0.154861111111111,1.65278,11.93465,0.663542620071984,1,0.770552024524767,7.57452103385156e-12,0.489981947385354,0.108656303972827,0.523260486075412,1.59285190205175,0.49197397476715,0.0141790921121083,0.833300095514468,0.562401936903477,13.9207171041636,0.0168368221923206,4.41960985970513,0.148957714473764,1.90823341176133e-18,0.048471069776101,14.0859194726936,2.56679370224842e-21,0.263055755176134,1.305378409872,0.497190361884116,0.816708454841973,63.1464128005214,58.0190794027837,134.186548431308,0.840239999999991,1.67175778546711
122,GA,500,1,0.115435766184651,3.94418598402665,4.64235150199378,5.19760658095589,0.0674056902674009,0.00657727631074845,0.0159582170284738,0.00657727631074845,0.113343416142512,0.0685203081287785,0.0159582170284738,0.0685203081287785,0.0495362723034005,34.3432649217616,0.0672030714954761,0.0362,0,0.0692,0.01,0.203136,0.0997904,0.023302,0.0063786,0,0.235996,3.8,0.00673868,0.37515,0.0888888888888889,0,0.00628146,1.382,0,0.0661112,0.477386,0.345761666483293,0,1.44,12.1,0.4995,2.19,5.0784,2.49476,0.58255,0.159465,21.0035842293907,5.8999,95,0.168467,9.37875,0.41875,2.91300251256281,0.1570365,34.55,0.154861111111111,1.65278,11.93465,0.663542620071984,1,0.37761354590067,1.37299261608059e-15,0.260055376719176,1.08322981141486,0.387630001463128,0.634153152411786,0.41732765724745,0.14687482971743,4.52864709860439,1.04379568744073,10.5575153830508,0.0511463536363769,4.49982693123173,0.198565012037661,0.0125440359807552,0.134589441100373,7.81229965863015,7.77325261877652e-10,0.189665733937792,2.09251736849333,0.562640894229742,0.816708454841973,41.2853130156369,177.861661125608,259.063958591215,0.840239999999991,1.67175778546711
122,GA,500,0,0.115435766184651,3.94418598402665,4.64235150199378,5.19760658095589,0.0674056902674009,0.00657727631074845,0.0159582170284738,0.00657727631074845,0.113343416142512,0.0685203081287785,0.0159582170284738,0.0685203081287785,0.0495362723034005,34.3432649217616,0.00624503659552706,0.0362,0,0.0692,0.01,0.203136,0.0997904,0.023302,0.0063786,0,0.235996,3.8,0.00673868,0.37515,0.0888888888888889,0,0.00628146,1.382,0,0.0661112,0.477386,0.345761666483293,0,1.44,12.1,0.4995,2.19,5.0784,2.49476,0.58255,0.159465,21.0035842293907,5.8999,95,0.168467,9.37875,0.41875,2.91300251256281,0.1570365,34.55,0.154861111111111,1.65278,11.93465,0.663542620071984,1,0.433194100463836,7.2493608402609e-11,0.102171066598616,1.08322981141486,0.387630001463128,0.882600469421692,0.49197397476715,0.116941370040857,3.27346768517959,1.10872920168068,14.926305971165,0.0506118819857661,7.64120532859623,0.21957546169713,6.58246702598952e-12,0.0286726329341234,8.47494283828582,9.44481353917248e-12,0.0995151236192236,8.61789905600272,0.355751752726122,0.816708454841973,35.8863817395363,123.259707281963,186.808912969867,0.840239999999991,1.67175778546711
122,GA,500,1,0.115435766184651,3.94418598402665,4.64235150199378,5.19760658095589,0.0674056902674009,0.00657727631074845,0.0159582170284738,0.00657727631074845,0.113343416142512,0.0685203081287785,0.0159582170284738,0.0685203081287785,0.0495362723034005,34.3432649217616,0.0278431356566002,0.0362,0,0.0692,0.01,0.203136,0.0997904,0.023302,0.0063786,0,0.235996,3.8,0.00673868,0.37515,0.0888888888888889,0,0.00628146,1.382,0,0.0661112,0.477386,0.345761666483293,0,1.44,12.1,0.4995,2.19,5.0784,2.49476,0.58255,0.159465,21.0035842293907,5.8999,95,0.168467,9.37875,0.41875,2.91300251256281,0.1570365,34.55,0.154861111111111,1.65278,11.93465,0.663542620071984,1,0.287685426471639,1.23926002473728e-12,0.431183747379774,0.687481140554373,0.522967001378383,0.877945932077857,0.352309904132563,0.0197649592968986,0.437977534906498,0.317943954058242,4.34426983017396,0.0257166618163716,0.843084324028016,0.127157877889009,2.98211783539973e-08,0.14516434400333,1.74555154661108,0.00460839856709024,0.263055755176134,1.90529046843438,0.361591396023159,0.758511957981166,43.8271700145306,71.5388457042863,138.141893667263,0.840239999999991,1.67175778546711
122,GA,500,1,0.115435766184651,3.94418598402665,4.64235150199378,5.19760658095589,0.0674056902674009,0.00657727631074845,0.0159582170284738,0.00657727631074845,0.113343416142512,0.0685203081287785,0.0159582170284738,0.0685203081287785,0.0495362723034005,34.3432649217616,0.0345751451872398,0.0362,0,0.0692,0.01,0.203136,0.0997904,0.023302,0.0063786,0,0.235996,3.8,0.00673868,0.37515,0.0888888888888889,0,0.00628146,1.382,0,0.0661112,0.477386,0.345761666483293,0,1.44,12.1,0.4995,2.19,5.0784,2.49476,0.58255,0.159465,21.0035842293907,5.8999,95,0.168467,9.37875,0.41875,2.91300251256281,0.1570365,34.55,0.154861111111111,1.65278,11.93465,0.663542620071984,1,0.582683501613331,0.000208919674018597,0.170498883894179,1.63276703201205,0.387630001463128,0.558146291259839,0.437382911035942,0.0897190927538993,8.88237861900558,1.44873097982681,42.8900603557831,0.0477671558432846,4.41960985970513,0.21957546169713,3.84994357811769e-12,0.0831445859145277,15.4309180351339,1.38695515175163e-19,0.200236077171937,3.36791779424044,0.42448203057904,0.816708454841973,69.0297907422402,177.696474155541,286.606176908003,0.840239999999991,1.67175778546711
122,GA,500,1,0.115435766184651,3.94418598402665,4.64235150199378,5.19760658095589,0.0674056902674009,0.00657727631074845,0.0159582170284738,0.00657727631074845,0.113343416142512,0.0685203081287785,0.0159582170284738,0.0685203081287785,0.0495362723034005,34.3432649217616,0.00685364646181531,0.0362,0,0.0692,0.01,0.203136,0.0997904,0.023302,0.0063786,0,0.235996,3.8,0.00673868,0.37515,0.0888888888888889,0,0.00628146,1.382,0,0.0661112,0.477386,0.345761666483293,0,1.44,12.1,0.4995,2.19,5.0784,2.49476,0.58255,0.159465,21.0035842293907,5.8999,95,0.168467,9.37875,0.41875,2.91300251256281,0.1570365,34.55,0.154861111111111,1.65278,11.93465,0.663542620071984,1,0.0862227899556009,7.2493608402609e-11,0.33554204560074,0.0201354811079675,0.387630001463128,0.112395948825633,0.372973988926856,0.116941370040857,1.32601343917181,2.65936778838133,4.41701921730126,0.0167603336271827,3.88552556880721,0.21957546169713,1.53004798447936e-12,0.0140808520124243,8.47494283828582,1.49151150429968e-19,0.114559884966112,6.71072127961484,0.355751752726122,0.816708454841973,41.3078302797997,106.960825826046,172.273568655487,0.840239999999991,1.67175778546711
122,GA,500,1,0.115435766184651,3.94418598402665,4.64235150199378,5.19760658095589,0.0674056902674009,0.00657727631074845,0.0159582170284738,0.00657727631074845,0.113343416142512,0.0685203081287785,0.0159582170284738,0.0685203081287785,0.0495362723034005,34.3432649217616,0.0320120459814534,0.0362,0,0.0692,0.01,0.203136,0.0997904,0.023302,0.0063786,0,0.235996,3.8,0.00673868,0.37515,0.0888888888888889,0,0.00628146,1.382,0,0.0661112,0.477386,0.345761666483293,0,1.44,12.1,0.4995,2.19,5.0784,2.49476,0.58255,0.159465,21.0035842293907,5.8999,95,0.168467,9.37875,0.41875,2.91300251256281,0.1570365,34.55,0.154861111111111,1.65278,11.93465,0.663542620071984,1,0.03872508626526,3.37454810582022e-12,0.312890732115484,0.576730140425539,0.970166000501206,0.444972858811439,0.20465930160183,0.0582552351938185,3.55071301816798,0.73696662959153,8.96119325223109,0.141506926749212,4.69065533698456,0.112671916743538,2.13832222689506e-18,0.086256088462891,9.30084855605617,9.39477879871206e-05,0.19376486332315,1.3464119620812,0.487501489445734,0.758511957981166,48.1730764501734,67.2091797188613,136.779694990168,0.840239999999991,1.67175778546711
122,GA,500,1,0.115435766184651,3.94418598402665,4.64235150199378,5.19760658095589,0.0674056902674009,0.00657727631074845,0.0159582170284738,0.00657727631074845,0.113343416142512,0.0685203081287785,0.0159582170284738,0.0685203081287785,0.0495362723034005,34.3432649217616,0.0122966706005556,0.0362,0,0.0692,0.01,0.203136,0.0997904,0.023302,0.0063786,0,0.235996,3.8,0.00673868,0.37515,0.0888888888888889,0,0.00628146,1.382,0,0.0661112,0.477386,0.345761666483293,0,1.44,12.1,0.4995,2.19,5.0784,2.49476,0.58255,0.159465,21.0035842293907,5.8999,95,0.168467,9.37875,0.41875,2.91300251256281,0.1570365,34.55,0.154861111111111,1.65278,11.93465,0.663542620071984,1,0.0511071195324601,1.37299261608059e-14,0.234703447187951,0.84745896001386,0.387630001463128,1.12395948825633,0.351377345746442,0.0576827980048167,2.63208927765504,3.00857935987627,14.926305971165,0.0192763124463403,1.32019518736557,0.116944628021538,6.58246702598952e-10,0.112730761064111,5.0175522476347,0.00136832180528221,0.608952758863048,8.01624434987282,0.574096774166235,0.816708454841973,43.2331335211388,144.323556293598,219.946813216697,0.840239999999991,1.67175778546711
122,GA,500,1,0.115435766184651,3.94418598402665,4.64235150199378,5.19760658095589,0.0674056902674009,0.00657727631074845,0.0159582170284738,0.00657727631074845,0.113343416142512,0.0685203081287785,0.0159582170284738,0.0685203081287785,0.0495362723034005,34.3432649217616,0.0358910709861945,0.0362,0,0.0692,0.01,0.203136,0.0997904,0.023302,0.0063786,0,0.235996,3.8,0.00673868,0.37515,0.0888888888888889,0,0.00628146,1.382,0,0.0661112,0.477386,0.345761666483293,0,1.44,12.1,0.4995,2.19,5.0784,2.49476,0.58255,0.159465,21.0035842293907,5.8999,95,0.168467,9.37875,0.41875,2.91300251256281,0.1570365,34.55,0.154861111111111,1.65278,11.93465,0.663542620071984,1,0.846585562120783,0.00597613610378823,0.0800045574252836,0.186319755753755,0.23220443411502,2.08826905789341,0.437382911035942,0.114093870394109,6.31551340487285,3.10909340726647,42.5513214920691,0.0592439704663513,0.911465498740205,0.100653674419686,2.19887266048751e-15,0.03146311471895,11.9099726089675,2.28734501194676e-20,0.670176363496761,2.73694831976921,0.454168990346441,0.958933295004431,66.3661126119477,99.2717706212459,169.889236835919,0.840239999999991,1.67175778546711
122,GA,500,0,0.115435766184651,3.94418598402665,4.64235150199378,5.19760658095589,0.0674056902674009,0.00657727631074845,0.0159582170284738,0.00657727631074845,0.113343416142512,0.0685203081287785,0.0159582170284738,0.0685203081287785,0.0495362723034005,34.3432649217616,0.00605803254462092,0.0362,0,0.0692,0.01,0.203136,0.0997904,0.023302,0.0063786,0,0.235996,3.8,0.00673868,0.37515,0.0888888888888889,0,0.00628146,1.382,0,0.0661112,0.477386,0.345761666483293,0,1.44,12.1,0.4995,2.19,5.0784,2.49476,0.58255,0.159465,21.0035842293907,5.8999,95,0.168467,9.37875,0.41875,2.91300251256281,0.1570365,34.55,0.154861111111111,1.65278,11.93465,0.663542620071984,1,0.410149823864621,1.37299261608059e-14,0.41552131248852,1.08322981141486,0.746696478864772,0.907940817336472,0.41732765724745,0.14687482971743,1.32601343917181,1.04379568744073,4.48230758670022,0.0648923444862926,4.41960985970513,0.12647110200761,2.07860579025522e-07,0.134012083767732,9.30084855605617,0.0262250519838029,0.189665733937792,6.55857546741764,0.375849078759741,0.816708454841973,46.0231435377888,108.620791265526,179.021388653964,0.840239999999991,1.67175778546711
122,GA,500,1,0.115435766184651,3.94418598402665,4.64235150199378,5.19760658095589,0.0674056902674009,0.00657727631074845,0.0159582170284738,0.00657727631074845,0.113343416142512,0.0685203081287785,0.0159582170284738,0.0685203081287785,0.0495362723034005,34.3432649217616,0.0720124068142373,0.0362,0,0.0692,0.01,0.203136,0.0997904,0.023302,0.0063786,0,0.235996,3.8,0.00673868,0.37515,0.0888888888888889,0,0.00628146,1.382,0,0.0661112,0.477386,0.345761666483293,0,1.44,12.1,0.4995,2.19,5.0784,2.49476,0.58255,0.159465,21.0035842293907,5.8999,95,0.168467,9.37875,0.41875,2.91300251256281,0.1570365,34.55,0.154861111111111,1.65278,11.93465,0.663542620071984,1,0.202857565505794,0.0905210606453325,0.102171066598616,0.782869183648982,0.523260486075412,0.381454832316643,0.217097568982365,0.0182177042265205,3.27346768517959,4.75514663239446,45.6731493692091,0.0168368221923206,7.64120532859623,0.21957546169713,0.00182039833372201,0.079657409189384,23.7325861556414,0.00132390400816407,0.131666285412128,8.01624434987282,0.574096774166235,0.816708454841973,46.7169925825137,121.158852511234,195.06718020813,0.840239999999991,1.67175778546711
122,GA,500,1,0.115435766184651,3.94418598402665,4.64235150199378,5.19760658095589,0.0674056902674009,0.00657727631074845,0.0159582170284738,0.00657727631074845,0.113343416142512,0.0685203081287785,0.0159582170284738,0.0685203081287785,0.0495362723034005,34.3432649217616,0.0701012388985948,0.0362,0,0.0692,0.01,0.203136,0.0997904,0.023302,0.0063786,0,0.235996,3.8,0.00673868,0.37515,0.0888888888888889,0,0.00628146,1.382,0,0.0661112,0.477386,0.345761666483293,0,1.44,12.1,0.4995,2.19,5.0784,2.49476,0.58255,0.159465,21.0035842293907,5.8999,95,0.168467,9.37875,0.41875,2.91300251256281,0.1570365,34.55,0.154861111111111,1.65278,11.93465,0.663542620071984,1,1.15815588329695,7.2493608402609e-11,0.33554204560074,1.08322981141486,0.228666201930596,1.12395948825633,0.41732765724745,0.0114646817899854,1.32601343917181,1.04379568744073,14.926305971165,0.0199175197130509,4.41960985970513,0.21957546169713,6.58246702598952e-11,0.0134012083767732,10.5087260359772,0.0262250519838029,0.240623254098583,8.61789905600272,0.355751752726122,0.816708454841973,45.9740300891789,102.777927991841,171.818114820404,0.840239999999991,1.67175778546711
122,GA,500,1,0.115435766184651,3.94418598402665,4.64235150199378,5.19760658095589,0.0674056902674009,0.00657727631074845,0.0159582170284738,0.00657727631074845,0.113343416142512,0.0685203081287785,0.0159582170284738,0.0685203081287785,0.0495362723034005,34.3432649217616,0.0248083690075658,0.0362,0,0.0692,0.01,0.203136,0.0997904,0.023302,0.0063786,0,0.235996,3.8,0.00673868,0.37515,0.0888888888888889,0,0.00628146,1.382,0,0.0661112,0.477386,0.345761666483293,0,1.44,12.1,0.4995,2.19,5.0784,2.49476,0.58255,0.159465,21.0035842293907,5.8999,95,0.168467,9.37875,0.41875,2.91300251256281,0.1570365,34.55,0.154861111111111,1.65278,11.93465,0.663542620071984,1,0.508871063422381,7.2493608402609e-11,0.106675703561767,1.08322981141486,0.374289070832957,1.12395948825633,0.49197397476715,0.0811289049218722,1.32601343917181,0.86975064501522,14.926305971165,0.0367623215560257,3.88552556880721,0.21957546169713,6.58246702598952e-11,0.0286726329341234,10.5087260359772,0.00262250519838029,0.0672498050960735,2.09251736849333,0.355751752726122,0.816708454841973,60.2059384748349,121.292116168616,208.719297739721,0.840239999999991,1.67175778546711
122,GA,500,1,0.115435766184651,3.94418598402665,4.64235150199378,5.19760658095589,0.0674056902674009,0.00657727631074845,0.0159582170284738,0.00657727631074845,0.113343416142512,0.0685203081287785,0.0159582170284738,0.0685203081287785,0.0495362723034005,34.3432649217616,0.0316781873993009,0.0362,0,0.0692,0.01,0.203136,0.0997904,0.023302,0.0063786,0,0.235996,3.8,0.00673868,0.37515,0.0888888888888889,0,0.00628146,1.382,0,0.0661112,0.477386,0.345761666483293,0,1.44,12.1,0.4995,2.19,5.0784,2.49476,0.58255,0.159465,21.0035842293907,5.8999,95,0.168467,9.37875,0.41875,2.91300251256281,0.1570365,34.55,0.154861111111111,1.65278,11.93465,0.663542620071984,1,0.325032270570951,1.08612927413472e-12,0.468169493301428,0.403940347586626,3.91788529069725,0.877964643016063,0.313056462738426,0.0157028371246014,10.8926309164505,1.60388733707545,56.9924420478605,0.03980139721935,0.952210213392367,0.0999339879512061,2.39041007495786e-18,0.0154254520168529,8.33768186817541,2.78007485422863e-12,1.29606487869952,3.05310857923208,0.459244421647998,0.958933295004431,55.6456099141113,70.8593038789984,129.539492051837,0.840239999999991,1.67175778546711
122,GA,500,1,0.115435766184651,3.94418598402665,4.64235150199378,5.19760658095589,0.0674056902674009,0.00657727631074845,0.0159582170284738,0.00657727631074845,0.113343416142512,0.0685203081287785,0.0159582170284738,0.0685203081287785,0.0495362723034005,34.3432649217616,0.0243092563247042,0.0362,0,0.0692,0.01,0.203136,0.0997904,0.023302,0.0063786,0,0.235996,3.8,0.00673868,0.37515,0.0888888888888889,0,0.00628146,1.382,0,0.0661112,0.477386,0.345761666483293,0,1.44,12.1,0.4995,2.19,5.0784,2.49476,0.58255,0.159465,21.0035842293907,5.8999,95,0.168467,9.37875,0.41875,2.91300251256281,0.1570365,34.55,0.154861111111111,1.65278,11.93465,0.663542620071984,1,0.325032270570951,6.85490059604685e-09,0.106675703561767,1.08322981141486,0.387630001463128,0.877964643016063,0.49197397476715,0.0297278878607167,1.32601343917181,0.458086460011602,25.4442697678591,0.0168368221923206,4.41960985970513,0.21957546169713,0.000906916338668913,0.0134012083767732,16.8612041775535,0.0262250519838029,0.835924390746135,3.36791779424044,0.574096774166235,0.816708454841973,75.9243908595311,92.432323070033,189.10103611407,0.840239999999991,1.67175778546711
122,GA,500,1,0.115435766184651,3.94418598402665,4.64235150199378,5.19760658095589,0.0674056902674009,0.00657727631074845,0.0159582170284738,0.00657727631074845,0.113343416142512,0.0685203081287785,0.0159582170284738,0.0685203081287785,0.0495362723034005,34.3432649217616,0.0212980163914943,0.0362,0,0.0692,0.01,0.203136,0.0997904,0.023302,0.0063786,0,0.235996,3.8,0.00673868,0.37515,0.0888888888888889,0,0.00628146,1.382,0,0.0661112,0.477386,0.345761666483293,0,1.44,12.1,0.4995,2.19,5.0784,2.49476,0.58255,0.159465,21.0035842293907,5.8999,95,0.168467,9.37875,0.41875,2.91300251256281,0.1570365,34.55,0.154861111111111,1.65278,11.93465,0.663542620071984,1,0.37761354590067,7.2493608402609e-11,0.33554204560074,1.08322981141486,0.387630001463128,1.12395948825633,0.49197397476715,0.14687482971743,1.32601343917181,1.04379568744073,14.926305971165,0.0648923444862926,3.88552556880721,0.21957546169713,6.58246702598952e-11,0.0286726329341234,8.47494283828582,0.0262250519838029,0.995151236192236,8.61789905600272,0.369146955385249,0.816708454841973,49.8918257325183,124.39049371343,202.198922562437,0.840239999999991,1.67175778546711
122,GA,500,1,0.115435766184651,3.94418598402665,4.64235150199378,5.19760658095589,0.0674056902674009,0.00657727631074845,0.0159582170284738,0.00657727631074845,0.113343416142512,0.0685203081287785,0.0159582170284738,0.0685203081287785,0.0495362723034005,34.3432649217616,0.0150039988525788,0.0362,0,0.0692,0.01,0.203136,0.0997904,0.023302,0.0063786,0,0.235996,3.8,0.00673868,0.37515,0.0888888888888889,0,0.00628146,1.382,0,0.0661112,0.477386,0.345761666483293,0,1.44,12.1,0.4995,2.19,5.0784,2.49476,0.58255,0.159465,21.0035842293907,5.8999,95,0.168467,9.37875,0.41875,2.91300251256281,0.1570365,34.55,0.154861111111111,1.65278,11.93465,0.663542620071984,1,0.037761354590067,7.2493608402609e-11,0.33554204560074,1.64996722668368,0.387630001463128,0.119548984849667,0.49197397476715,0.116941370040857,1.32601343917181,0.512485638195356,22.7226130084363,0.0506118819857661,1.75946669344081,0.21957546169713,6.58246702598952e-11,0.0286726329341234,3.25676180704002,0.0262250519838029,0.307203372951257,2.09251736849333,0.355751752726122,0.816708454841973,54.6338627585238,131.477200105035,215.618115248569,0.840239999999991,1.67175778546711
122,GA,500,1,0.115435766184651,3.94418598402665,4.64235150199378,5.19760658095589,0.0674056902674009,0.00657727631074845,0.0159582170284738,0.00657727631074845,0.113343416142512,0.0685203081287785,0.0159582170284738,0.0685203081287785,0.0495362723034005,34.3432649217616,0.0897025021360722,0.0362,0,0.0692,0.01,0.203136,0.0997904,0.023302,0.0063786,0,0.235996,3.8,0.00673868,0.37515,0.0888888888888889,0,0.00628146,1.382,0,0.0661112,0.477386,0.345761666483293,0,1.44,12.1,0.4995,2.19,5.0784,2.49476,0.58255,0.159465,21.0035842293907,5.8999,95,0.168467,9.37875,0.41875,2.91300251256281,0.1570365,34.55,0.154861111111111,1.65278,11.93465,0.663542620071984,1,0.376612331447792,2.54803992429307e-09,0.379716216609904,0.403940347586626,1.32412494163778,1.04751262622143,0.437382911035942,0.0897190927538993,10.8926309164505,4.58086460011602,7.20500781716869,0.03980139721935,4.05432953585837,0.145891818256922,2.18841582531158e-08,0.00768956438968787,15.4309180351339,4.86021724836224e-06,0.546085803302424,3.36791779424044,0.420205380004267,0.958933295004431,47.7359423688015,114.697182266021,167.345077710683,0.840239999999991,1.67175778546711
122,GA,500,0,0.115435766184651,3.94418598402665,4.64235150199378,5.19760658095589,0.0674056902674009,0.00657727631074845,0.0159582170284738,0.00657727631074845,0.113343416142512,0.0685203081287785,0.0159582170284738,0.0685203081287785,0.0495362723034005,34.3432649217616,0.00718921331373505,0.0362,0,0.0692,0.01,0.203136,0.0997904,0.023302,0.0063786,0,0.235996,3.8,0.00673868,0.37515,0.0888888888888889,0,0.00628146,1.382,0,0.0661112,0.477386,0.345761666483293,0,1.44,12.1,0.4995,2.19,5.0784,2.49476,0.58255,0.159465,21.0035842293907,5.8999,95,0.168467,9.37875,0.41875,2.91300251256281,0.1570365,34.55,0.154861111111111,1.65278,11.93465,0.663542620071984,1,0.037761354590067,1.21136094737427e-08,0.33554204560074,1.08322981141486,0.387630001463128,1.12395948825633,0.49197397476715,0.116941370040857,1.32601343917181,0.86975064501522,17.6405488039124,0.0506118819857661,3.88552556880721,0.117209212239949,6.58246702598952e-11,0.0696884144628491,8.47494283828582,7.37624489857432e-21,0.0785887311044308,8.61789905600272,0.618482797990343,0.816708454841973,45.3388750235712,110.918333955049,181.150293770927,0.840239999999991,1.67175778546711
122,GA,500,1,0.115435766184651,3.94418598402665,4.64235150199378,5.19760658095589,0.0674056902674009,0.00657727631074845,0.0159582170284738,0.00657727631074845,0.113343416142512,0.0685203081287785,0.0159582170284738,0.0685203081287785,0.0495362723034005,34.3432649217616,0.0172272961197644,0.0362,0,0.0692,0.01,0.203136,0.0997904,0.023302,0.0063786,0,0.235996,3.8,0.00673868,0.37515,0.0888888888888889,0,0.00628146,1.382,0,0.0661112,0.477386,0.345761666483293,0,1.44,12.1,0.4995,2.19,5.0784,2.49476,0.58255,0.159465,21.0035842293907,5.8999,95,0.168467,9.37875,0.41875,2.91300251256281,0.1570365,34.55,0.154861111111111,1.65278,11.93465,0.663542620071984,1,0.0796910832500133,2.92666524260673e-17,0.239919977357982,0.013204287405372,0.546210626633476,1.34899851429337,0.0765947091596555,0.0380192255865892,7.42163345089903,1.10872920168068,29.8814900960205,0.0322242209876462,7.64120532859623,0.21957546169713,6.58246702598952e-11,0.0549257323456414,11.7048172577826,9.44481353917248e-12,0.407822343390313,1.3464119620812,0.619505838304107,0.816708454841973,36.9026754815384,107.18944478127,168.148341111399,0.840239999999991,1.67175778546711
122,GA,500,1,0.115435766184651,3.94418598402665,4.64235150199378,5.19760658095589,0.0674056902674009,0.00657727631074845,0.0159582170284738,0.00657727631074845,0.113343416142512,0.0685203081287785,0.0159582170284738,0.0685203081287785,0.0495362723034005,34.3432649217616,0.0117096244395879,0.0362,0,0.0692,0.01,0.203136,0.0997904,0.023302,0.0063786,0,0.235996,3.8,0.00673868,0.37515,0.0888888888888889,0,0.00628146,1.382,0,0.0661112,0.477386,0.345761666483293,0,1.44,12.1,0.4995,2.19,5.0784,2.49476,0.58255,0.159465,21.0035842293907,5.8999,95,0.168467,9.37875,0.41875,2.91300251256281,0.1570365,34.55,0.154861111111111,1.65278,11.93465,0.663542620071984,1,0.0585314801470138,2.2947239837238e-07,0.431715961579833,0.84745896001386,0.387630001463128,0.348298741174201,0.24292487499974,0.131677227603176,2.7875230365461,0.949739540455731,78.5772389876033,0.070392396599646,4.41960985970513,0.221970011510515,4.67450772186255e-14,0.079657409189384,7.2671330593215,0.00132390400816407,0.654540642720568,8.01624434987282,0.389730096385739,0.816708454841973,35.4807546541336,177.677457454232,253.033856254644,0.840239999999991,1.67175778546711
122,GA,500,1,0.115435766184651,3.94418598402665,4.64235150199378,5.19760658095589,0.0674056902674009,0.00657727631074845,0.0159582170284738,0.00657727631074845,0.113343416142512,0.0685203081287785,0.0159582170284738,0.0685203081287785,0.0495362723034005,34.3432649217616,0.0104461065828699,0.0362,0,0.0692,0.01,0.203136,0.0997904,0.023302,0.0063786,0,0.235996,3.8,0.00673868,0.37515,0.0888888888888889,0,0.00628146,1.382,0,0.0661112,0.477386,0.345761666483293,0,1.44,12.1,0.4995,2.19,5.0784,2.49476,0.58255,0.159465,21.0035842293907,5.8999,95,0.168467,9.37875,0.41875,2.91300251256281,0.1570365,34.55,0.154861111111111,1.65278,11.93465,0.663542620071984,1,1.02498647206923,6.85490059604685e-09,0.379716216609904,0.403940347586626,0.625214460662936,1.4598632802406,0.437382911035942,0.0897190927538993,6.31551340487285,4.58086460011602,15.8254897119093,0.0592439704663513,1.91973779390975,0.110816348482218,0.809494118959263,0.00768956438968787,15.4309180351339,0.00455641351503753,1.29606487869952,3.2580600864231,0.459244421647998,0.958933295004431,61.1596530391693,118.172032790234,184.392450780004,0.840239999999991,1.67175778546711
122,GA,500,0,0.115435766184651,3.94418598402665,4.64235150199378,5.19760658095589,0.0674056902674009,0.00657727631074845,0.0159582170284738,0.00657727631074845,0.113343416142512,0.0685203081287785,0.0159582170284738,0.0685203081287785,0.0495362723034005,34.3432649217616,0.00585875380793312,0.0362,0,0.0692,0.01,0.203136,0.0997904,0.023302,0.0063786,0,0.235996,3.8,0.00673868,0.37515,0.0888888888888889,0,0.00628146,1.382,0,0.0661112,0.477386,0.345761666483293,0,1.44,12.1,0.4995,2.19,5.0784,2.49476,0.58255,0.159465,21.0035842293907,5.8999,95,0.168467,9.37875,0.41875,2.91300251256281,0.1570365,34.55,0.154861111111111,1.65278,11.93465,0.663542620071984,1,0.0467580250252664,3.09714300002906e-06,0.102171066598616,0.84745896001386,0.314558510332075,0.611980553613763,0.49197397476715,0.12758690135907,1.86412874473012,0.371743618931399,29.8814900960205,0.0560002377556855,1.57866110132041,0.21957546169713,0.000906916338668913,0.048471069776101,2.67921749455227,8.94987080123612e-06,0.468223357555741,8.01624434987282,0.574096774166235,0.816708454841973,41.3334901419351,75.1222799549527,133.315248760423,0.840239999999991,1.67175778546711
122,GA,500,1,0.115435766184651,3.94418598402665,4.64235150199378,5.19760658095589,0.0674056902674009,0.00657727631074845,0.0159582170284738,0.00657727631074845,0.113343416142512,0.0685203081287785,0.0159582170284738,0.0685203081287785,0.0495362723034005,34.3432649217616,0.023652537487382,0.0362,0,0.0692,0.01,0.203136,0.0997904,0.023302,0.0063786,0,0.235996,3.8,0.00673868,0.37515,0.0888888888888889,0,0.00628146,1.382,0,0.0661112,0.477386,0.345761666483293,0,1.44,12.1,0.4995,2.19,5.0784,2.49476,0.58255,0.159465,21.0035842293907,5.8999,95,0.168467,9.37875,0.41875,2.91300251256281,0.1570365,34.55,0.154861111111111,1.65278,11.93465,0.663542620071984,1,0.508871063422381,6.85490059604685e-08,0.379716216609904,0.403940347586626,0.299914969067707,1.14085275216875,0.27336066807209,0.0279507187349272,6.31551340487285,4.58086460011602,14.926305971165,0.0367623215560257,1.91973779390975,0.21957546169713,6.58246702598952e-11,0.0652854697290268,15.4309180351339,0.00262250519838029,0.0672498050960735,4.09456305560179,0.430641239229105,0.816708454841973,57.475391498313,93.3717561482964,171.80230411288,0.840239999999991,1.67175778546711
122,GA,500,0,0.115435766184651,3.94418598402665,4.64235150199378,5.19760658095589,0.0674056902674009,0.00657727631074845,0.0159582170284738,0.00657727631074845,0.113343416142512,0.0685203081287785,0.0159582170284738,0.0685203081287785,0.0495362723034005,34.3432649217616,0.0065237428710437,0.0362,0,0.0692,0.01,0.203136,0.0997904,0.023302,0.0063786,0,0.235996,3.8,0.00673868,0.37515,0.0888888888888889,0,0.00628146,1.382,0,0.0661112,0.477386,0.345761666483293,0,1.44,12.1,0.4995,2.19,5.0784,2.49476,0.58255,0.159465,21.0035842293907,5.8999,95,0.168467,9.37875,0.41875,2.91300251256281,0.1570365,34.55,0.154861111111111,1.65278,11.93465,0.663542620071984,1,0.0463258278743503,1.87155557796263e-12,0.193620688918548,0.0614791789657004,0.387630001463128,1.12395948825633,0.49197397476715,0.116941370040857,4.36131697727161,0.558441384400598,46.7461529089356,0.00736567543236949,3.88552556880721,0.21957546169713,1.0341579726964e-09,0.0286726329341234,7.17060294963519,6.07026408014306e-08,0.415791137865429,8.61789905600272,0.355751752726122,0.816708454841973,65.7147404171214,117.016058155948,208.992378186391,0.840239999999991,1.67175778546711
122,GA,500,1,0.115435766184651,3.94418598402665,4.64235150199378,5.19760658095589,0.0674056902674009,0.00657727631074845,0.0159582170284738,0.00657727631074845,0.113343416142512,0.0685203081287785,0.0159582170284738,0.0685203081287785,0.0495362723034005,34.3432649217616,0.0167163558158229,0.0362,0,0.0692,0.01,0.203136,0.0997904,0.023302,0.0063786,0,0.235996,3.8,0.00673868,0.37515,0.0888888888888889,0,0.00628146,1.382,0,0.0661112,0.477386,0.345761666483293,0,1.44,12.1,0.4995,2.19,5.0784,2.49476,0.58255,0.159465,21.0035842293907,5.8999,95,0.168467,9.37875,0.41875,2.91300251256281,0.1570365,34.55,0.154861111111111,1.65278,11.93465,0.663542620071984,1,0.296242946183901,1.50026212744614e-18,0.076793059898212,0.713253352272425,0.812042234127727,0.557237482594065,0.124522289891867,0.0560926727564976,15.6912941400084,3.55390927023668,93.3762354431906,0.03980139721935,3.75909569277469,0.317295004368349,5.18517190043345e-10,0.122873126132938,15.4309180351339,4.23135354067356e-05,0.421179656549018,3.36791779424044,0.617038772445126,0.958933295004431,35.6169250997228,279.113208905262,326.683269713372,0.840239999999991,1.67175778546711
122,GA,500,0,0.115435766184651,3.94418598402665,4.64235150199378,5.19760658095589,0.0674056902674009,0.00657727631074845,0.0159582170284738,0.00657727631074845,0.113343416142512,0.0685203081287785,0.0159582170284738,0.0685203081287785,0.0495362723034005,34.3432649217616,0.00493168952787928,0.0362,0,0.0692,0.01,0.203136,0.0997904,0.023302,0.0063786,0,0.235996,3.8,0.00673868,0.37515,0.0888888888888889,0,0.00628146,1.382,0,0.0661112,0.477386,0.345761666483293,0,1.44,12.1,0.4995,2.19,5.0784,2.49476,0.58255,0.159465,21.0035842293907,5.8999,95,0.168467,9.37875,0.41875,2.91300251256281,0.1570365,34.55,0.154861111111111,1.65278,11.93465,0.663542620071984,1,0.037761354590067,1.37299261608059e-14,0.188172458408023,0.0321036536339359,0.816456779636459,1.12395948825633,0.49197397476715,0.116941370040857,3.27346768517959,0.38665908947302,29.8814900960205,0.00740630139890662,7.64120532859623,0.100114832399319,6.58246702598952e-11,0.048471069776101,8.47494283828582,5.38580752611337e-05,0.0762171760856114,8.61789905600272,0.491024149753146,0.816708454841973,43.0324039086448,98.6866854006063,163.867060162695,0.840239999999991,1.67175778546711
122,GA,500,1,0.115435766184651,3.94418598402665,4.64235150199378,5.19760658095589,0.0674056902674009,0.00657727631074845,0.0159582170284738,0.00657727631074845,0.113343416142512,0.0685203081287785,0.0159582170284738,0.0685203081287785,0.0495362723034005,34.3432649217616,0.0940941798990602,0.0362,0,0.0692,0.01,0.203136,0.0997904,0.023302,0.0063786,0,0.235996,3.8,0.00673868,0.37515,0.0888888888888889,0,0.00628146,1.382,0,0.0661112,0.477386,0.345761666483293,0,1.44,12.1,0.4995,2.19,5.0784,2.49476,0.58255,0.159465,21.0035842293907,5.8999,95,0.168467,9.37875,0.41875,2.91300251256281,0.1570365,34.55,0.154861111111111,1.65278,11.93465,0.663542620071984,1,0.433194100463836,5.71685872753429e-15,0.136833337233424,0.0929330257881007,0.359837343004001,0.882600469421692,0.0827906407855193,0.0182177042265205,1.7314891809093,0.334507372406405,4.48230758670022,0.0648923444862926,2.89772050368324,0.109775916000986,2.80228064095834e-19,0.0134012083767732,10.5087260359772,2.3355291470049e-06,0.573188875859595,6.55857546741764,0.574096774166235,0.880910027922445,54.8905734568125,125.185454727749,196.99981362858,0.840239999999991,1.67175778546711
122,GA,500,0,0.115435766184651,3.94418598402665,4.64235150199378,5.19760658095589,0.0674056902674009,0.00657727631074845,0.0159582170284738,0.00657727631074845,0.113343416142512,0.0685203081287785,0.0159582170284738,0.0685203081287785,0.0495362723034005,34.3432649217616,0.0150102674671922,0.0362,0,0.0692,0.01,0.203136,0.0997904,0.023302,0.0063786,0,0.235996,3.8,0.00673868,0.37515,0.0888888888888889,0,0.00628146,1.382,0,0.0661112,0.477386,0.345761666483293,0,1.44,12.1,0.4995,2.19,5.0784,2.49476,0.58255,0.159465,21.0035842293907,5.8999,95,0.168467,9.37875,0.41875,2.91300251256281,0.1570365,34.55,0.154861111111111,1.65278,11.93465,0.663542620071984,1,1.02498647206923,1.07963681788823e-08,0.187605371282888,0.02789939474312,0.484777459181534,1.4598632802406,0.49197397476715,0.0897190927538993,1.60437034828234,0.86975064501522,14.926305971165,0.0506118819857661,3.88552556880721,0.110816348482218,6.58246702598952e-11,0.0588399772538822,8.47494283828582,4.6252773694813e-06,1.29606487869952,8.61789905600272,0.459244421647998,0.958933295004431,48.0692500792147,92.8951712027359,144.942694443566,0.840239999999991,1.67175778546711
122,GA,500,1,0.115435766184651,3.94418598402665,4.64235150199378,5.19760658095589,0.0674056902674009,0.00657727631074845,0.0159582170284738,0.00657727631074845,0.113343416142512,0.0685203081287785,0.0159582170284738,0.0685203081287785,0.0495362723034005,34.3432649217616,0.0598203489394201,0.0362,0,0.0692,0.01,0.203136,0.0997904,0.023302,0.0063786,0,0.235996,3.8,0.00673868,0.37515,0.0888888888888889,0,0.00628146,1.382,0,0.0661112,0.477386,0.345761666483293,0,1.44,12.1,0.4995,2.19,5.0784,2.49476,0.58255,0.159465,21.0035842293907,5.8999,95,0.168467,9.37875,0.41875,2.91300251256281,0.1570365,34.55,0.154861111111111,1.65278,11.93465,0.663542620071984,1,0.325032270570951,7.2493608402609e-11,0.106675703561767,1.08322981141486,0.387630001463128,1.12395948825633,0.437382911035942,0.14687482971743,1.32601343917181,0.86975064501522,12.9498568945179,0.0506118819857661,4.41960985970513,0.21957546169713,2.07860579025522e-07,0.0134012083767732,10.5087260359772,0.0262250519838029,0.189665733937792,3.36791779424044,0.355751752726122,0.816708454841973,53.7962844084951,117.606291255269,197.796619605251,0.840239999999991,1.67175778546711
122,GA,500,1,0.115435766184651,3.94418598402665,4.64235150199378,5.19760658095589,0.0674056902674009,0.00657727631074845,0.0159582170284738,0.00657727631074845,0.113343416142512,0.0685203081287785,0.0159582170284738,0.0685203081287785,0.0495362723034005,34.3432649217616,0.0627534076076882,0.0362,0,0.0692,0.01,0.203136,0.0997904,0.023302,0.0063786,0,0.235996,3.8,0.00673868,0.37515,0.0888888888888889,0,0.00628146,1.382,0,0.0661112,0.477386,0.345761666483293,0,1.44,12.1,0.4995,2.19,5.0784,2.49476,0.58255,0.159465,21.0035842293907,5.8999,95,0.168467,9.37875,0.41875,2.91300251256281,0.1570365,34.55,0.154861111111111,1.65278,11.93465,0.663542620071984,1,0.037761354590067,6.85490059604685e-09,0.33554204560074,1.08322981141486,0.387630001463128,1.12395948825633,0.49197397476715,0.116941370040857,1.32601343917181,0.86975064501522,5.98824209110219,0.0506118819857661,3.88552556880721,0.112671916743538,2.07860579025522e-07,0.0134012083767732,8.47494283828582,0.0262250519838029,0.189665733937792,8.61789905600272,0.459244421647998,0.816708454841973,47.9220846491958,86.7691605061129,154.164599945431,0.840239999999991,1.67175778546711
122,GA,500,1,0.115435766184651,3.94418598402665,4.64235150199378,5.19760658095589,0.0674056902674009,0.00657727631074845,0.0159582170284738,0.00657727631074845,0.113343416142512,0.0685203081287785,0.0159582170284738,0.0685203081287785,0.0495362723034005,34.3432649217616,0.0229877579006161,0.0362,0,0.0692,0.01,0.203136,0.0997904,0.023302,0.0063786,0,0.235996,3.8,0.00673868,0.37515,0.0888888888888889,0,0.00628146,1.382,0,0.0661112,0.477386,0.345761666483293,0,1.44,12.1,0.4995,2.19,5.0784,2.49476,0.58255,0.159465,21.0035842293907,5.8999,95,0.168467,9.37875,0.41875,2.91300251256281,0.1570365,34.55,0.154861111111111,1.65278,11.93465,0.663542620071984,1,0.0556127661332376,2.52766016549392e-10,0.33554204560074,1.08322981141486,0.387630001463128,1.12395948825633,0.49197397476715,0.116941370040857,1.32601343917181,3.00857935987627,12.590048594231,0.0506118819857661,3.88552556880721,0.24105353424909,0.809494118959263,0.0286726329341234,8.47494283828582,0.0262250519838029,0.995151236192236,8.61789905600272,0.355751752726122,0.816708454841973,39.534387639779,88.6648614319321,148.098050604537,0.840239999999991,1.67175778546711
122,GA,500,1,0.115435766184651,3.94418598402665,4.64235150199378,5.19760658095589,0.0674056902674009,0.00657727631074845,0.0159582170284738,0.00657727631074845,0.113343416142512,0.0685203081287785,0.0159582170284738,0.0685203081287785,0.0495362723034005,34.3432649217616,0.0261651542077864,0.0362,0,0.0692,0.01,0.203136,0.0997904,0.023302,0.0063786,0,0.235996,3.8,0.00673868,0.37515,0.0888888888888889,0,0.00628146,1.382,0,0.0661112,0.477386,0.345761666483293,0,1.44,12.1,0.4995,2.19,5.0784,2.49476,0.58255,0.159465,21.0035842293907,5.8999,95,0.168467,9.37875,0.41875,2.91300251256281,0.1570365,34.55,0.154861111111111,1.65278,11.93465,0.663542620071984,1,0.508871063422381,3.87158523582009e-16,0.106675703561767,0.0613438810726912,1.27296086636138,1.6987294987839,0.49197397476715,0.150760385128947,3.27346768517959,0.86975064501522,14.926305971165,0.0367623215560257,4.41960985970513,0.271785855931691,0.000906916338668913,0.0134012083767732,8.47494283828582,1.68236149480925e-07,0.0672498050960735,4.09456305560179,0.355751752726122,0.816708454841973,58.0059411843646,79.2159626852251,155.000116052498,0.840239999999991,1.67175778546711
122,GA,500,1,0.115435766184651,3.94418598402665,4.64235150199378,5.19760658095589,0.0674056902674009,0.00657727631074845,0.0159582170284738,0.00657727631074845,0.113343416142512,0.0685203081287785,0.0159582170284738,0.0685203081287785,0.0495362723034005,34.3432649217616,0.0177719732760305,0.0362,0,0.0692,0.01,0.203136,0.0997904,0.023302,0.0063786,0,0.235996,3.8,0.00673868,0.37515,0.0888888888888889,0,0.00628146,1.382,0,0.0661112,0.477386,0.345761666483293,0,1.44,12.1,0.4995,2.19,5.0784,2.49476,0.58255,0.159465,21.0035842293907,5.8999,95,0.168467,9.37875,0.41875,2.91300251256281,0.1570365,34.55,0.154861111111111,1.65278,11.93465,0.663542620071984,1,0.037761354590067,1.37299261608059e-13,0.106675703561767,1.08322981141486,1.46755089366053,1.12395948825633,0.49197397476715,0.0811289049218722,1.32601343917181,0.512485638195356,14.926305971165,0.0506118819857661,4.41960985970513,0.21957546169713,6.58246702598952e-11,0.0286726329341234,10.5087260359772,1.49140727318104e-16,0.995151236192236,11.6120486010083,0.574096774166235,0.816708454841973,51.7047998028053,73.507367519227,141.709215801474,0.840239999999991,1.67175778546711
122,GA,500,0,0.115435766184651,3.94418598402665,4.64235150199378,5.19760658095589,0.0674056902674009,0.00657727631074845,0.0159582170284738,0.00657727631074845,0.113343416142512,0.0685203081287785,0.0159582170284738,0.0685203081287785,0.0495362723034005,34.3432649217616,0.00116464141049103,0.0362,0,0.0692,0.01,0.203136,0.0997904,0.023302,0.0063786,0,0.235996,3.8,0.00673868,0.37515,0.0888888888888889,0,0.00628146,1.382,0,0.0661112,0.477386,0.345761666483293,0,1.44,12.1,0.4995,2.19,5.0784,2.49476,0.58255,0.159465,21.0035842293907,5.8999,95,0.168467,9.37875,0.41875,2.91300251256281,0.1570365,34.55,0.154861111111111,1.65278,11.93465,0.663542620071984,1,0.037761354590067,1.37299261608059e-14,0.33554204560074,1.08322981141486,0.387630001463128,1.12395948825633,0.41732765724745,0.14687482971743,1.32601343917181,1.04379568744073,5.98824209110219,0.0648923444862926,4.41960985970513,0.112671916743538,6.58246702598952e-11,0.0286726329341234,8.47494283828582,0.0262250519838029,0.189665733937792,8.61789905600272,0.369146955385249,0.816708454841973,42.5464157444656,96.9073616011201,161.202419642296,0.840239999999991,1.67175778546711
122,GA,500,1,0.115435766184651,3.94418598402665,4.64235150199378,5.19760658095589,0.0674056902674009,0.00657727631074845,0.0159582170284738,0.00657727631074845,0.113343416142512,0.0685203081287785,0.0159582170284738,0.0685203081287785,0.0495362723034005,34.3432649217616,0.0208957488997784,0.0362,0,0.0692,0.01,0.203136,0.0997904,0.023302,0.0063786,0,0.235996,3.8,0.00673868,0.37515,0.0888888888888889,0,0.00628146,1.382,0,0.0661112,0.477386,0.345761666483293,0,1.44,12.1,0.4995,2.19,5.0784,2.49476,0.58255,0.159465,21.0035842293907,5.8999,95,0.168467,9.37875,0.41875,2.91300251256281,0.1570365,34.55,0.154861111111111,1.65278,11.93465,0.663542620071984,1,0.107188213575322,1.07963681788823e-09,0.33554204560074,1.08322981141486,1.39958718812377,1.12395948825633,0.49197397476715,0.116941370040857,1.60437034828234,0.86975064501522,16.0670850933887,0.0506118819857661,3.88552556880721,0.21957546169713,3.57544711806242e-05,0.0588399772538822,8.47494283828582,0.0313786408253479,0.103787485051605,1.70479006400551,0.613863658829938,0.816708454841973,47.3108294440772,61.894846591359,123.09655962038,0.840239999999991,1.67175778546711
122,GA,500,0,0.115435766184651,3.94418598402665,4.64235150199378,5.19760658095589,0.0674056902674009,0.00657727631074845,0.0159582170284738,0.00657727631074845,0.113343416142512,0.0685203081287785,0.0159582170284738,0.0685203081287785,0.0495362723034005,34.3432649217616,0.00536432886957678,0.0362,0,0.0692,0.01,0.203136,0.0997904,0.023302,0.0063786,0,0.235996,3.8,0.00673868,0.37515,0.0888888888888889,0,0.00628146,1.382,0,0.0661112,0.477386,0.345761666483293,0,1.44,12.1,0.4995,2.19,5.0784,2.49476,0.58255,0.159465,21.0035842293907,5.8999,95,0.168467,9.37875,0.41875,2.91300251256281,0.1570365,34.55,0.154861111111111,1.65278,11.93465,0.663542620071984,1,0.907463940858926,1.07963681788823e-08,0.187605371282888,0.0298180299660377,0.484777459181534,0.241949046486864,0.437382911035942,0.0897190927538993,1.60437034828234,4.58086460011602,16.0670850933887,0.020709632895551,5.5876371283912,0.112645176114433,3.57544711806242e-06,0.0588399772538822,15.4309180351339,0.0262250519838029,0.468223357555741,3.36791779424044,0.430145730439257,0.816708454841973,45.9450834864437,107.945368536398,178.116322680098,0.840239999999991,1.67175778546711
122,GA,500,1,0.115435766184651,3.94418598402665,4.64235150199378,5.19760658095589,0.0674056902674009,0.00657727631074845,0.0159582170284738,0.00657727631074845,0.113343416142512,0.0685203081287785,0.0159582170284738,0.0685203081287785,0.0495362723034005,34.3432649217616,0.0704192766186115,0.0362,0,0.0692,0.01,0.203136,0.0997904,0.023302,0.0063786,0,0.235996,3.8,0.00673868,0.37515,0.0888888888888889,0,0.00628146,1.382,0,0.0661112,0.477386,0.345761666483293,0,1.44,12.1,0.4995,2.19,5.0784,2.49476,0.58255,0.159465,21.0035842293907,5.8999,95,0.168467,9.37875,0.41875,2.91300251256281,0.1570365,34.55,0.154861111111111,1.65278,11.93465,0.663542620071984,1,0.45226746461817,2.09604380986262e-09,0.394642485696056,0.403940347586626,1.39836839360421,0.882600469421692,0.437382911035942,0.0897190927538993,4.28443874522958,4.58086460011602,4.10245441170957,0.13982437521983,1.25668513809039,0.129650520613927,1.35771267176382e-07,0.0865065936453031,15.4309180351339,8.73931522180312e-14,0.460056012501447,1.12185502551199,0.367706801742027,0.958933295004431,74.7702309828778,62.383758256093,139.825598839101,0.840239999999991,1.67175778546711
122,GA,500,1,0.115435766184651,3.94418598402665,4.64235150199378,5.19760658095589,0.0674056902674009,0.00657727631074845,0.0159582170284738,0.00657727631074845,0.113343416142512,0.0685203081287785,0.0159582170284738,0.0685203081287785,0.0495362723034005,34.3432649217616,0.0546687746849216,0.0362,0,0.0692,0.01,0.203136,0.0997904,0.023302,0.0063786,0,0.235996,3.8,0.00673868,0.37515,0.0888888888888889,0,0.00628146,1.382,0,0.0661112,0.477386,0.345761666483293,0,1.44,12.1,0.4995,2.19,5.0784,2.49476,0.58255,0.159465,21.0035842293907,5.8999,95,0.168467,9.37875,0.41875,2.91300251256281,0.1570365,34.55,0.154861111111111,1.65278,11.93465,0.663542620071984,1,0.261770685673758,1.37299261608059e-13,0.106675703561767,1.08322981141486,0.387630001463128,1.12395948825633,0.49197397476715,0.12797444911639,5.34011972706719,4.01112884811106,23.4520366474246,0.0291334251767974,0.50631407882853,0.21957546169713,7.90886848998875e-20,0.134012083767732,10.5087260359772,0.0262250519838029,0.738421740962622,2.09251736849333,0.491699065495587,0.816708454841973,70.5177627829346,160.67885418672,267.257313150158,0.840239999999991,1.67175778546711
122,GA,500,1,0.115435766184651,3.94418598402665,4.64235150199378,5.19760658095589,0.0674056902674009,0.00657727631074845,0.0159582170284738,0.00657727631074845,0.113343416142512,0.0685203081287785,0.0159582170284738,0.0685203081287785,0.0495362723034005,34.3432649217616,0.00562586646640856,0.0362,0,0.0692,0.01,0.203136,0.0997904,0.023302,0.0063786,0,0.235996,3.8,0.00673868,0.37515,0.0888888888888889,0,0.00628146,1.382,0,0.0661112,0.477386,0.345761666483293,0,1.44,12.1,0.4995,2.19,5.0784,2.49476,0.58255,0.159465,21.0035842293907,5.8999,95,0.168467,9.37875,0.41875,2.91300251256281,0.1570365,34.55,0.154861111111111,1.65278,11.93465,0.663542620071984,1,0.37761354590067,7.2493608402609e-11,0.33554204560074,1.08322981141486,0.387630001463128,1.12395948825633,0.49197397476715,0.116941370040857,1.32601343917181,0.86975064501522,14.926305971165,0.0506118819857661,3.88552556880721,0.21957546169713,6.58246702598952e-12,0.0286726329341234,8.47494283828582,0.0262250519838029,0.0995151236192236,8.61789905600272,0.355751752726122,0.816708454841973,51.1056949853036,105.151979668644,179.856633028415,0.840239999999991,1.67175778546711
122,GA,500,1,0.115435766184651,3.94418598402665,4.64235150199378,5.19760658095589,0.0674056902674009,0.00657727631074845,0.0159582170284738,0.00657727631074845,0.113343416142512,0.0685203081287785,0.0159582170284738,0.0685203081287785,0.0495362723034005,34.3432649217616,0.0418821054698004,0.0362,0,0.0692,0.01,0.203136,0.0997904,0.023302,0.0063786,0,0.235996,3.8,0.00673868,0.37515,0.0888888888888889,0,0.00628146,1.382,0,0.0661112,0.477386,0.345761666483293,0,1.44,12.1,0.4995,2.19,5.0784,2.49476,0.58255,0.159465,21.0035842293907,5.8999,95,0.168467,9.37875,0.41875,2.91300251256281,0.1570365,34.55,0.154861111111111,1.65278,11.93465,0.663542620071984,1,0.144669546263794,0.212137995547781,0.383071644929609,1.08322981141486,0.970166000501206,0.684169809478897,0.49197397476715,0.0811289049218722,1.32601343917181,0.3713533263117,25.0934955521434,0.0648923444862926,4.41960985970513,0.181086691318901,2.28441202304034e-13,0.0703574761765447,5.06121960051148,3.97448770837526e-17,0.995151236192236,2.73694831976921,0.531469382779247,0.816708454841973,30.4956254902302,89.4867004382265,140.065570441445,0.840239999999991,1.67175778546711
122,GA,500,1,0.115435766184651,3.94418598402665,4.64235150199378,5.19760658095589,0.0674056902674009,0.00657727631074845,0.0159582170284738,0.00657727631074845,0.113343416142512,0.0685203081287785,0.0159582170284738,0.0685203081287785,0.0495362723034005,34.3432649217616,0.0358746157749173,0.0362,0,0.0692,0.01,0.203136,0.0997904,0.023302,0.0063786,0,0.235996,3.8,0.00673868,0.37515,0.0888888888888889,0,0.00628146,1.382,0,0.0661112,0.477386,0.345761666483293,0,1.44,12.1,0.4995,2.19,5.0784,2.49476,0.58255,0.159465,21.0035842293907,5.8999,95,0.168467,9.37875,0.41875,2.91300251256281,0.1570365,34.55,0.154861111111111,1.65278,11.93465,0.663542620071984,1,0.433194100463836,1.8715715926989e-15,0.136833337233424,0.013204287405372,0.546210626633476,1.12395948825633,0.0827906407855193,0.0584344841919141,3.27346768517959,3.10909340726647,4.48230758670022,0.0648923444862926,2.83560167323149,0.100114832399319,2.45078378046933e-11,0.0134012083767732,10.5087260359772,9.44481353917248e-12,0.468223357555741,6.55857546741764,0.468995327958132,0.812405514427554,40.3216852155366,150.714314832559,225.837800204929,0.840239999999991,1.67175778546711
122,GA,500,1,0.115435766184651,3.94418598402665,4.64235150199378,5.19760658095589,0.0674056902674009,0.00657727631074845,0.0159582170284738,0.00657727631074845,0.113343416142512,0.0685203081287785,0.0159582170284738,0.0685203081287785,0.0495362723034005,34.3432649217616,0.0651654612437706,0.0362,0,0.0692,0.01,0.203136,0.0997904,0.023302,0.0063786,0,0.235996,3.8,0.00673868,0.37515,0.0888888888888889,0,0.00628146,1.382,0,0.0661112,0.477386,0.345761666483293,0,1.44,12.1,0.4995,2.19,5.0784,2.49476,0.58255,0.159465,21.0035842293907,5.8999,95,0.168467,9.37875,0.41875,2.91300251256281,0.1570365,34.55,0.154861111111111,1.65278,11.93465,0.663542620071984,1,0.846322127465164,4.16528846426728e-14,0.109547915478929,0.139213921966605,0.387630001463128,0.194481417786732,0.0599954123276651,0.00724267794663289,1.32601343917181,0.512485638195356,7.79080637125177,0.101915857174217,0.948584406495536,0.21957546169713,6.58246702598952e-11,0.0510388955312953,5.57629119315962,0.0262250519838029,0.0862763477195595,2.94754944955719,0.574096774166235,0.816708454841973,47.8526237142737,162.366385727198,246.658433504273,0.840239999999991,1.67175778546711
122,GA,500,1,0.115435766184651,3.94418598402665,4.64235150199378,5.19760658095589,0.0674056902674009,0.00657727631074845,0.0159582170284738,0.00657727631074845,0.113343416142512,0.0685203081287785,0.0159582170284738,0.0685203081287785,0.0495362723034005,34.3432649217616,0.0147067848503581,0.0362,0,0.0692,0.01,0.203136,0.0997904,0.023302,0.0063786,0,0.235996,3.8,0.00673868,0.37515,0.0888888888888889,0,0.00628146,1.382,0,0.0661112,0.477386,0.345761666483293,0,1.44,12.1,0.4995,2.19,5.0784,2.49476,0.58255,0.159465,21.0035842293907,5.8999,95,0.168467,9.37875,0.41875,2.91300251256281,0.1570365,34.55,0.154861111111111,1.65278,11.93465,0.663542620071984,1,0.433194100463836,0.899405061947991,0.233911183122701,0.013204287405372,0.546210626633476,0.882600469421692,0.111862039896386,0.0345128660134341,1.32601343917181,1.10872920168068,9.10333071440525,0.0487950524682405,0.722304155257618,0.100114832399319,2.96404611025172e-12,0.0614831038734513,4.13430905209446,0.0262250519838029,0.0794045993780172,2.09251736849333,0.369146955385249,0.785102183241887,53.8084977326393,88.133041374596,166.065275583737,0.840239999999991,1.67175778546711
122,GA,500,1,0.115435766184651,3.94418598402665,4.64235150199378,5.19760658095589,0.0674056902674009,0.00657727631074845,0.0159582170284738,0.00657727631074845,0.113343416142512,0.0685203081287785,0.0159582170284738,0.0685203081287785,0.0495362723034005,34.3432649217616,0.03653650958471,0.0362,0,0.0692,0.01,0.203136,0.0997904,0.023302,0.0063786,0,0.235996,3.8,0.00673868,0.37515,0.0888888888888889,0,0.00628146,1.382,0,0.0661112,0.477386,0.345761666483293,0,1.44,12.1,0.4995,2.19,5.0784,2.49476,0.58255,0.159465,21.0035842293907,5.8999,95,0.168467,9.37875,0.41875,2.91300251256281,0.1570365,34.55,0.154861111111111,1.65278,11.93465,0.663542620071984,1,0.037761354590067,1.37299261608059e-14,0.379716216609904,1.08322981141486,0.387630001463128,0.877964643016063,0.49197397476715,0.116941370040857,3.55071301816798,0.86975064501522,14.926305971165,0.0506118819857661,3.88552556880721,0.112645176114433,0.809494118959263,0.148266687936661,10.5087260359772,0.0262250519838029,0.189665733937792,8.61789905600272,0.369146955385249,0.816708454841973,70.9039035711981,86.1033871568411,176.33122790752,0.840239999999991,1.67175778546711
122,GA,500,1,0.115435766184651,3.94418598402665,4.64235150199378,5.19760658095589,0.0674056902674009,0.00657727631074845,0.0159582170284738,0.00657727631074845,0.113343416142512,0.0685203081287785,0.0159582170284738,0.0685203081287785,0.0495362723034005,34.3432649217616,0.0119891936241137,0.0362,0,0.0692,0.01,0.203136,0.0997904,0.023302,0.0063786,0,0.235996,3.8,0.00673868,0.37515,0.0888888888888889,0,0.00628146,1.382,0,0.0661112,0.477386,0.345761666483293,0,1.44,12.1,0.4995,2.19,5.0784,2.49476,0.58255,0.159465,21.0035842293907,5.8999,95,0.168467,9.37875,0.41875,2.91300251256281,0.1570365,34.55,0.154861111111111,1.65278,11.93465,0.663542620071984,1,0.0974935905963451,1.37299261608059e-14,0.106675703561767,1.76975239238623,1.20314635356995,1.77255550098967,0.428847654354741,0.0182177042265205,10.8926309164505,0.512485638195356,14.926305971165,0.0168368221923206,7.64120532859623,0.140478160978584,4.32235117954972e-08,0.0696884144628491,5.91419560218526,2.13209485737777e-16,0.198063103945483,3.36791779424044,0.459244421647998,0.816708454841973,37.9644806275885,108.451494030814,170.755433614354,0.840239999999991,1.67175778546711
122,GA,500,0,0.115435766184651,3.94418598402665,4.64235150199378,5.19760658095589,0.0674056902674009,0.00657727631074845,0.0159582170284738,0.00657727631074845,0.113343416142512,0.0685203081287785,0.0159582170284738,0.0685203081287785,0.0495362723034005,34.3432649217616,0.0038022362603916,0.0362,0,0.0692,0.01,0.203136,0.0997904,0.023302,0.0063786,0,0.235996,3.8,0.00673868,0.37515,0.0888888888888889,0,0.00628146,1.382,0,0.0661112,0.477386,0.345761666483293,0,1.44,12.1,0.4995,2.19,5.0784,2.49476,0.58255,0.159465,21.0035842293907,5.8999,95,0.168467,9.37875,0.41875,2.91300251256281,0.1570365,34.55,0.154861111111111,1.65278,11.93465,0.663542620071984,1,0.0974935905963451,7.2493608402609e-11,0.33554204560074,0.84745896001386,0.387630001463128,1.77255550098967,0.580922548533809,0.116941370040857,1.32601343917181,0.86975064501522,14.926305971165,0.0506118819857661,3.88552556880721,0.21957546169713,3.81234982264063e-15,0.0286726329341234,9.24267944991553,0.0262250519838029,0.995151236192236,6.57989961638323,0.355751752726122,0.816708454841973,56.3045185438142,77.1515919654032,150.771021869449,0.840239999999991,1.67175778546711
122,GA,500,0,0.115435766184651,3.94418598402665,4.64235150199378,5.19760658095589,0.0674056902674009,0.00657727631074845,0.0159582170284738,0.00657727631074845,0.113343416142512,0.0685203081287785,0.0159582170284738,0.0685203081287785,0.0495362723034005,34.3432649217616,0.0158433940349697,0.0362,0,0.0692,0.01,0.203136,0.0997904,0.023302,0.0063786,0,0.235996,3.8,0.00673868,0.37515,0.0888888888888889,0,0.00628146,1.382,0,0.0661112,0.477386,0.345761666483293,0,1.44,12.1,0.4995,2.19,5.0784,2.49476,0.58255,0.159465,21.0035842293907,5.8999,95,0.168467,9.37875,0.41875,2.91300251256281,0.1570365,34.55,0.154861111111111,1.65278,11.93465,0.663542620071984,1,0.720765194997301,1.37299261608059e-14,0.355021858924853,0.53310863393814,1.07631198385574,0.34882477040149,0.447718646133985,0.0182177042265205,7.56898553524094,3.10909340726647,50.3411934787553,0.0150902891809984,4.41960985970513,0.12381896591798,2.79748765035835e-15,0.0134012083767732,11.8200264677105,8.02403857457109e-18,0.416217711912654,5.16614075992285,0.447476573966646,0.816708454841973,43.4106083490631,89.7631968968146,153.319103069107,0.840239999999991,1.67175778546711
122,GA,500,0,0.115435766184651,3.94418598402665,4.64235150199378,5.19760658095589,0.0674056902674009,0.00657727631074845,0.0159582170284738,0.00657727631074845,0.113343416142512,0.0685203081287785,0.0159582170284738,0.0685203081287785,0.0495362723034005,34.3432649217616,1.27531413829709e-06,0.0362,0,0.0692,0.01,0.203136,0.0997904,0.023302,0.0063786,0,0.235996,3.8,0.00673868,0.37515,0.0888888888888889,0,0.00628146,1.382,0,0.0661112,0.477386,0.345761666483293,0,1.44,12.1,0.4995,2.19,5.0784,2.49476,0.58255,0.159465,21.0035842293907,5.8999,95,0.168467,9.37875,0.41875,2.91300251256281,0.1570365,34.55,0.154861111111111,1.65278,11.93465,0.663542620071984,1,0.37761354590067,1.37299261608059e-14,0.106675703561767,1.08322981141486,0.387630001463128,1.12395948825633,0.41732765724745,0.14687482971743,1.32601343917181,1.04379568744073,5.98824209110219,0.0648923444862926,4.41960985970513,0.112671916743538,2.07860579025522e-07,0.134012083767732,10.5087260359772,0.0262250519838029,0.189665733937792,2.09251736849333,0.369146955385249,0.816708454841973,51.0693478502127,102.93148425761,177.101451041217,0.840239999999991,1.67175778546711
122,GA,500,0,0.115435766184651,3.94418598402665,4.64235150199378,5.19760658095589,0.0674056902674009,0.00657727631074845,0.0159582170284738,0.00657727631074845,0.113343416142512,0.0685203081287785,0.0159582170284738,0.0685203081287785,0.0495362723034005,34.3432649217616,0.0122098551769509,0.0362,0,0.0692,0.01,0.203136,0.0997904,0.023302,0.0063786,0,0.235996,3.8,0.00673868,0.37515,0.0888888888888889,0,0.00628146,1.382,0,0.0661112,0.477386,0.345761666483293,0,1.44,12.1,0.4995,2.19,5.0784,2.49476,0.58255,0.159465,21.0035842293907,5.8999,95,0.168467,9.37875,0.41875,2.91300251256281,0.1570365,34.55,0.154861111111111,1.65278,11.93465,0.663542620071984,1,0.444559303719107,3.05630435324156e-18,0.363367183613787,1.39972485971381,0.384798152664518,0.551785371879522,0.280937647984477,0.0670226895373168,20.8744843504647,0.86975064501522,47.2401794867427,0.0769830886608366,2.9515751284293,0.413518123708923,6.494847888577e-12,0.0286726329341234,8.47494283828582,0.0262250519838029,0.995151236192236,2.61815731834484,0.355751752726122,0.816708454841973,52.4858554025059,163.947036578367,253.227056998232,0.840239999999991,1.67175778546711
122,GA,500,1,0.115435766184651,3.94418598402665,4.64235150199378,5.19760658095589,0.0674056902674009,0.00657727631074845,0.0159582170284738,0.00657727631074845,0.113343416142512,0.0685203081287785,0.0159582170284738,0.0685203081287785,0.0495362723034005,34.3432649217616,0.0137897156621549,0.0362,0,0.0692,0.01,0.203136,0.0997904,0.023302,0.0063786,0,0.235996,3.8,0.00673868,0.37515,0.0888888888888889,0,0.00628146,1.382,0,0.0661112,0.477386,0.345761666483293,0,1.44,12.1,0.4995,2.19,5.0784,2.49476,0.58255,0.159465,21.0035842293907,5.8999,95,0.168467,9.37875,0.41875,2.91300251256281,0.1570365,34.55,0.154861111111111,1.65278,11.93465,0.663542620071984,1,0.0433194100463836,0.00224231198484207,0.467158568531676,1.08322981141486,0.22493471365961,0.139985631387666,0.49197397476715,0.116941370040857,0.244894851458303,2.22451072873159,14.926305971165,0.0506118819857661,3.54645996065613,0.21957546169713,1.44611901401624e-18,0.0286726329341234,11.0207405764091,3.1721724273208e-08,0.0794045993780172,1.59417889841618,0.355751752726122,0.816708454841973,57.8243733885735,121.48362096412,206.572216323083,0.840239999999991,1.67175778546711
122,GA,500,1,0.115435766184651,3.94418598402665,4.64235150199378,5.19760658095589,0.0674056902674009,0.00657727631074845,0.0159582170284738,0.00657727631074845,0.113343416142512,0.0685203081287785,0.0159582170284738,0.0685203081287785,0.0495362723034005,34.3432649217616,0.0108569119324349,0.0362,0,0.0692,0.01,0.203136,0.0997904,0.023302,0.0063786,0,0.235996,3.8,0.00673868,0.37515,0.0888888888888889,0,0.00628146,1.382,0,0.0661112,0.477386,0.345761666483293,0,1.44,12.1,0.4995,2.19,5.0784,2.49476,0.58255,0.159465,21.0035842293907,5.8999,95,0.168467,9.37875,0.41875,2.91300251256281,0.1570365,34.55,0.154861111111111,1.65278,11.93465,0.663542620071984,1,0.0511071195324601,7.2493608402609e-11,0.33554204560074,1.08322981141486,0.387630001463128,1.12395948825633,0.49197397476715,0.116941370040857,5.73113781487763,0.86975064501522,14.926305971165,0.0506118819857661,4.41960985970513,0.21957546169713,6.58246702598952e-11,0.0286726329341234,10.5087260359772,0.0262250519838029,0.995151236192236,0.613353840789766,0.574096774166235,0.816708454841973,57.0609408515451,109.161326428224,190.721031892656,0.840239999999991,1.67175778546711
122,GA,500,1,0.115435766184651,3.94418598402665,4.64235150199378,5.19760658095589,0.0674056902674009,0.00657727631074845,0.0159582170284738,0.00657727631074845,0.113343416142512,0.0685203081287785,0.0159582170284738,0.0685203081287785,0.0495362723034005,34.3432649217616,0.0186778032031895,0.0362,0,0.0692,0.01,0.203136,0.0997904,0.023302,0.0063786,0,0.235996,3.8,0.00673868,0.37515,0.0888888888888889,0,0.00628146,1.382,0,0.0661112,0.477386,0.345761666483293,0,1.44,12.1,0.4995,2.19,5.0784,2.49476,0.58255,0.159465,21.0035842293907,5.8999,95,0.168467,9.37875,0.41875,2.91300251256281,0.1570365,34.55,0.154861111111111,1.65278,11.93465,0.663542620071984,1,0.37761354590067,1.37299261608059e-14,0.0812119313120293,1.08322981141486,0.374289070832957,0.447711613330884,0.423869879955741,0.116941370040857,3.35961457134196,0.86975064501522,29.8814900960205,0.0506118819857661,3.88552556880721,0.100114832399319,0.329214498116094,0.0163837528946198,7.07573438608025,0.0262250519838029,0.0672498050960735,1.3464119620812,0.355751752726122,0.816708454841973,52.0380404434191,65.8364598376781,132.649988865597,0.840239999999991,1.67175778546711
122,GA,500,0,0.115435766184651,3.94418598402665,4.64235150199378,5.19760658095589,0.0674056902674009,0.00657727631074845,0.0159582170284738,0.00657727631074845,0.113343416142512,0.0685203081287785,0.0159582170284738,0.0685203081287785,0.0495362723034005,34.3432649217616,0.00191480996338936,0.0362,0,0.0692,0.01,0.203136,0.0997904,0.023302,0.0063786,0,0.235996,3.8,0.00673868,0.37515,0.0888888888888889,0,0.00628146,1.382,0,0.0661112,0.477386,0.345761666483293,0,1.44,12.1,0.4995,2.19,5.0784,2.49476,0.58255,0.159465,21.0035842293907,5.8999,95,0.168467,9.37875,0.41875,2.91300251256281,0.1570365,34.55,0.154861111111111,1.65278,11.93465,0.663542620071984,1,0.325032270570951,6.85490059604685e-07,0.379716216609904,0.171199987074332,3.46722442424389,2.14122841527705,0.262720024069235,0.0897190927538993,10.8926309164505,4.58086460011602,85.6105614196564,0.03980139721935,0.952210213392367,0.162167999453384,0.809494118959263,0.00768956438968787,15.4309180351339,3.97448770837526e-18,1.29606487869952,3.36791779424044,0.3853749935338,0.958933295004431,58.6111467208808,67.1854731434529,128.673864840542,0.840239999999991,1.67175778546711
122,GA,500,1,0.115435766184651,3.94418598402665,4.64235150199378,5.19760658095589,0.0674056902674009,0.00657727631074845,0.0159582170284738,0.00657727631074845,0.113343416142512,0.0685203081287785,0.0159582170284738,0.0685203081287785,0.0495362723034005,34.3432649217616,0.031620907202811,0.0362,0,0.0692,0.01,0.203136,0.0997904,0.023302,0.0063786,0,0.235996,3.8,0.00673868,0.37515,0.0888888888888889,0,0.00628146,1.382,0,0.0661112,0.477386,0.345761666483293,0,1.44,12.1,0.4995,2.19,5.0784,2.49476,0.58255,0.159465,21.0035842293907,5.8999,95,0.168467,9.37875,0.41875,2.91300251256281,0.1570365,34.55,0.154861111111111,1.65278,11.93465,0.663542620071984,1,0.776894718984089,6.85490059604685e-08,0.226192657510215,0.261627637898215,0.346722442424389,1.12395948825633,0.437382911035942,0.0536766601051845,1.32601343917181,4.58086460011602,7.60454762477523,0.03980139721935,4.41960985970513,0.229757236362411,0.00029644168538526,0.0134012083767732,15.4309180351339,9.72797905625576e-21,1.29606487869952,2.09251736849333,0.369146955385249,0.958933295004431,51.3501381833122,90.2265125461302,145.440637508099,0.840239999999991,1.67175778546711
122,GA,500,1,0.115435766184651,3.94418598402665,4.64235150199378,5.19760658095589,0.0674056902674009,0.00657727631074845,0.0159582170284738,0.00657727631074845,0.113343416142512,0.0685203081287785,0.0159582170284738,0.0685203081287785,0.0495362723034005,34.3432649217616,0.0347080865592897,0.0362,0,0.0692,0.01,0.203136,0.0997904,0.023302,0.0063786,0,0.235996,3.8,0.00673868,0.37515,0.0888888888888889,0,0.00628146,1.382,0,0.0661112,0.477386,0.345761666483293,0,1.44,12.1,0.4995,2.19,5.0784,2.49476,0.58255,0.159465,21.0035842293907,5.8999,95,0.168467,9.37875,0.41875,2.91300251256281,0.1570365,34.55,0.154861111111111,1.65278,11.93465,0.663542620071984,1,0.521462077808158,1.37299261608059e-15,0.33554204560074,0.108322981141486,0.387630001463128,0.240054684688314,0.49197397476715,0.116941370040857,1.32601343917181,0.512485638195356,14.926305971165,0.0506118819857661,4.41960985970513,0.21957546169713,4.95708555869647e-10,0.0286726329341234,10.5087260359772,9.31464487543417e-09,0.236876015758818,2.41174556793788,0.355751752726122,0.816708454841973,61.226885516568,73.5118600565385,151.236802299862,0.840239999999991,1.67175778546711
122,GA,500,0,0.115435766184651,3.94418598402665,4.64235150199378,5.19760658095589,0.0674056902674009,0.00657727631074845,0.0159582170284738,0.00657727631074845,0.113343416142512,0.0685203081287785,0.0159582170284738,0.0685203081287785,0.0495362723034005,34.3432649217616,0.0130115410022031,0.0362,0,0.0692,0.01,0.203136,0.0997904,0.023302,0.0063786,0,0.235996,3.8,0.00673868,0.37515,0.0888888888888889,0,0.00628146,1.382,0,0.0661112,0.477386,0.345761666483293,0,1.44,12.1,0.4995,2.19,5.0784,2.49476,0.58255,0.159465,21.0035842293907,5.8999,95,0.168467,9.37875,0.41875,2.91300251256281,0.1570365,34.55,0.154861111111111,1.65278,11.93465,0.663542620071984,1,0.508871063422381,0.175641288498173,0.106675703561767,1.08322981141486,0.374289070832957,0.124168142355121,0.49197397476715,0.0286924529620397,1.92482469886181,2.96563113247367,25.4442697678591,0.0367623215560257,4.41960985970513,0.21957546169713,6.58246702598952e-11,0.04605351641248,16.8612041775535,4.44223324673246e-19,0.153280517612273,4.09456305560179,0.574096774166235,0.816708454841973,58.0835039442454,72.7290067401613,147.134873878004,0.840239999999991,1.67175778546711
122,GA,500,0,0.115435766184651,3.94418598402665,4.64235150199378,5.19760658095589,0.0674056902674009,0.00657727631074845,0.0159582170284738,0.00657727631074845,0.113343416142512,0.0685203081287785,0.0159582170284738,0.0685203081287785,0.0495362723034005,34.3432649217616,0.000438980299911768,0.0362,0,0.0692,0.01,0.203136,0.0997904,0.023302,0.0063786,0,0.235996,3.8,0.00673868,0.37515,0.0888888888888889,0,0.00628146,1.382,0,0.0661112,0.477386,0.345761666483293,0,1.44,12.1,0.4995,2.19,5.0784,2.49476,0.58255,0.159465,21.0035842293907,5.8999,95,0.168467,9.37875,0.41875,2.91300251256281,0.1570365,34.55,0.154861111111111,1.65278,11.93465,0.663542620071984,1,0.508871063422381,7.2493608402609e-10,0.106675703561767,1.08322981141486,0.387630001463128,1.12395948825633,0.49197397476715,0.0811289049218722,1.32601343917181,0.86975064501522,14.926305971165,0.0367623215560257,3.88552556880721,0.21957546169713,6.58246702598952e-11,0.0286726329341234,8.47494283828582,1.08826692420794e-13,0.995151236192236,8.61789905600272,0.355751752726122,0.816708454841973,51.4229061263979,125.313364327293,204.859990785378,0.840239999999991,1.67175778546711
122,GA,500,1,0.115435766184651,3.94418598402665,4.64235150199378,5.19760658095589,0.0674056902674009,0.00657727631074845,0.0159582170284738,0.00657727631074845,0.113343416142512,0.0685203081287785,0.0159582170284738,0.0685203081287785,0.0495362723034005,34.3432649217616,0.0157647462898,0.0362,0,0.0692,0.01,0.203136,0.0997904,0.023302,0.0063786,0,0.235996,3.8,0.00673868,0.37515,0.0888888888888889,0,0.00628146,1.382,0,0.0661112,0.477386,0.345761666483293,0,1.44,12.1,0.4995,2.19,5.0784,2.49476,0.58255,0.159465,21.0035842293907,5.8999,95,0.168467,9.37875,0.41875,2.91300251256281,0.1570365,34.55,0.154861111111111,1.65278,11.93465,0.663542620071984,1,0.135879104256481,1.24182701690692e-11,0.275141935686574,1.08322981141486,0.387630001463128,1.12395948825633,0.41732765724745,0.14687482971743,1.32601343917181,1.04379568744073,5.98824209110219,0.0648923444862926,0.947715301823303,0.124865288981074,2.07860579025522e-07,0.109939237798492,2.97287225563837,0.00262250519838029,0.158997433493103,2.12441345307307,0.369146955385249,0.816708454841973,59.643158357365,127.570751277492,215.844248870351,0.840239999999991,1.67175778546711
122,GA,500,0,0.115435766184651,3.94418598402665,4.64235150199378,5.19760658095589,0.0674056902674009,0.00657727631074845,0.0159582170284738,0.00657727631074845,0.113343416142512,0.0685203081287785,0.0159582170284738,0.0685203081287785,0.0495362723034005,34.3432649217616,0.00843944169302371,0.0362,0,0.0692,0.01,0.203136,0.0997904,0.023302,0.0063786,0,0.235996,3.8,0.00673868,0.37515,0.0888888888888889,0,0.00628146,1.382,0,0.0661112,0.477386,0.345761666483293,0,1.44,12.1,0.4995,2.19,5.0784,2.49476,0.58255,0.159465,21.0035842293907,5.8999,95,0.168467,9.37875,0.41875,2.91300251256281,0.1570365,34.55,0.154861111111111,1.65278,11.93465,0.663542620071984,1,0.508871063422381,7.2493608402609e-10,0.106675703561767,1.08322981141486,0.387630001463128,1.14085275216875,0.49197397476715,0.116941370040857,1.32601343917181,5.12485638195356,14.926305971165,0.0506118819857661,4.41960985970513,0.21957546169713,6.58246702598952e-12,0.0134012083767732,8.47494283828582,0.00262250519838029,0.0672498050960735,8.61789905600272,0.355751752726122,0.816708454841973,35.5375136904093,123.902323834678,187.246882070404,0.840239999999991,1.67175778546711
122,GA,500,1,0.115435766184651,3.94418598402665,4.64235150199378,5.19760658095589,0.0674056902674009,0.00657727631074845,0.0159582170284738,0.00657727631074845,0.113343416142512,0.0685203081287785,0.0159582170284738,0.0685203081287785,0.0495362723034005,34.3432649217616,0.0403754983463068,0.0362,0,0.0692,0.01,0.203136,0.0997904,0.023302,0.0063786,0,0.235996,3.8,0.00673868,0.37515,0.0888888888888889,0,0.00628146,1.382,0,0.0661112,0.477386,0.345761666483293,0,1.44,12.1,0.4995,2.19,5.0784,2.49476,0.58255,0.159465,21.0035842293907,5.8999,95,0.168467,9.37875,0.41875,2.91300251256281,0.1570365,34.55,0.154861111111111,1.65278,11.93465,0.663542620071984,1,0.0364773007124725,7.2493608402609e-11,0.0853130142597304,1.63276703201205,0.365120411627262,1.43499936904444,0.49197397476715,0.0762888407553339,6.0729948551954,0.499603141290076,9.17325168994967,0.0277355553288218,3.88552556880721,0.286025260217099,1.20107535232191e-12,0.0452013759180829,5.33800630674243,0.0262250519838029,1.5141658359006,1.91953957030621,0.355751752726122,0.816708454841973,53.598076437245,145.505001670144,231.75834991978,0.840239999999991,1.67175778546711
122,GA,500,1,0.115435766184651,3.94418598402665,4.64235150199378,5.19760658095589,0.0674056902674009,0.00657727631074845,0.0159582170284738,0.00657727631074845,0.113343416142512,0.0685203081287785,0.0159582170284738,0.0685203081287785,0.0495362723034005,34.3432649217616,0.022564341256448,0.0362,0,0.0692,0.01,0.203136,0.0997904,0.023302,0.0063786,0,0.235996,3.8,0.00673868,0.37515,0.0888888888888889,0,0.00628146,1.382,0,0.0661112,0.477386,0.345761666483293,0,1.44,12.1,0.4995,2.19,5.0784,2.49476,0.58255,0.159465,21.0035842293907,5.8999,95,0.168467,9.37875,0.41875,2.91300251256281,0.1570365,34.55,0.154861111111111,1.65278,11.93465,0.663542620071984,1,0.037761354590067,7.2493608402609e-10,0.33554204560074,1.08322981141486,0.387630001463128,1.12395948825633,0.49197397476715,0.14687482971743,1.32601343917181,0.86975064501522,14.926305971165,0.0506118819857661,3.88552556880721,0.21957546169713,6.58246702598952e-11,0.0286726329341234,10.5087260359772,0.0262250519838029,0.189665733937792,8.61789905600272,0.574096774166235,0.816708454841973,54.6641476537743,105.635594962176,184.007237389041,0.840239999999991,1.67175778546711
122,GA,500,0,0.115435766184651,3.94418598402665,4.64235150199378,5.19760658095589,0.0674056902674009,0.00657727631074845,0.0159582170284738,0.00657727631074845,0.113343416142512,0.0685203081287785,0.0159582170284738,0.0685203081287785,0.0495362723034005,34.3432649217616,0.0149249824740222,0.0362,0,0.0692,0.01,0.203136,0.0997904,0.023302,0.0063786,0,0.235996,3.8,0.00673868,0.37515,0.0888888888888889,0,0.00628146,1.382,0,0.0661112,0.477386,0.345761666483293,0,1.44,12.1,0.4995,2.19,5.0784,2.49476,0.58255,0.159465,21.0035842293907,5.8999,95,0.168467,9.37875,0.41875,2.91300251256281,0.1570365,34.55,0.154861111111111,1.65278,11.93465,0.663542620071984,1,0.37761354590067,1.37299261608059e-14,0.239919977357982,0.84745896001386,0.387630001463128,1.12395948825633,0.49197397476715,0.0576827980048167,1.32601343917181,1.44873097982681,5.98824209110219,0.0648923444862926,4.41960985970513,0.112671916743538,2.07860579025522e-07,0.134012083767732,10.5087260359772,0.0262250519838029,0.189665733937792,2.09251736849333,0.42448203057904,0.816708454841973,45.5255032834563,54.7177868671048,112.52344672668,0.840239999999991,1.67175778546711
122,GA,500,1,0.115435766184651,3.94418598402665,4.64235150199378,5.19760658095589,0.0674056902674009,0.00657727631074845,0.0159582170284738,0.00657727631074845,0.113343416142512,0.0685203081287785,0.0159582170284738,0.0685203081287785,0.0495362723034005,34.3432649217616,0.01963772567162,0.0362,0,0.0692,0.01,0.203136,0.0997904,0.023302,0.0063786,0,0.235996,3.8,0.00673868,0.37515,0.0888888888888889,0,0.00628146,1.382,0,0.0661112,0.477386,0.345761666483293,0,1.44,12.1,0.4995,2.19,5.0784,2.49476,0.58255,0.159465,21.0035842293907,5.8999,95,0.168467,9.37875,0.41875,2.91300251256281,0.1570365,34.55,0.154861111111111,1.65278,11.93465,0.663542620071984,1,0.582683501613331,4.24768382833096e-15,0.102171066598616,0.84745896001386,0.546210626633476,0.882600469421692,0.49197397476715,0.0576827980048167,3.27346768517959,1.10872920168068,29.8814900960205,0.0322242209876462,4.41960985970513,0.100114832399319,0.000906916338668913,0.0549257323456414,11.7048172577826,9.44481353917248e-12,0.468223357555741,1.96910767623804,0.42448203057904,0.816708454841973,61.2754158809829,98.2911166041778,181.625726963775,0.840239999999991,1.67175778546711
122,GA,500,1,0.115435766184651,3.94418598402665,4.64235150199378,5.19760658095589,0.0674056902674009,0.00657727631074845,0.0159582170284738,0.00657727631074845,0.113343416142512,0.0685203081287785,0.0159582170284738,0.0685203081287785,0.0495362723034005,34.3432649217616,0.0191498685471005,0.0362,0,0.0692,0.01,0.203136,0.0997904,0.023302,0.0063786,0,0.235996,3.8,0.00673868,0.37515,0.0888888888888889,0,0.00628146,1.382,0,0.0661112,0.477386,0.345761666483293,0,1.44,12.1,0.4995,2.19,5.0784,2.49476,0.58255,0.159465,21.0035842293907,5.8999,95,0.168467,9.37875,0.41875,2.91300251256281,0.1570365,34.55,0.154861111111111,1.65278,11.93465,0.663542620071984,1,0.037761354590067,7.2493608402609e-11,0.33554204560074,1.08322981141486,0.374289070832957,1.12395948825633,0.49197397476715,0.0811289049218722,0.132601343917181,0.512485638195356,25.4442697678591,0.0367623215560257,3.88552556880721,0.21957546169713,6.58246702598952e-10,0.0134012083767732,8.47494283828582,0.00262250519838029,0.0672498050960735,8.61789905600272,0.355751752726122,0.816708454841973,43.0686911999931,103.242868875621,169.482062169194,0.840239999999991,1.67175778546711
122,GA,500,1,0.115435766184651,3.94418598402665,4.64235150199378,5.19760658095589,0.0674056902674009,0.00657727631074845,0.0159582170284738,0.00657727631074845,0.113343416142512,0.0685203081287785,0.0159582170284738,0.0685203081287785,0.0495362723034005,34.3432649217616,0.138023644688794,0.0362,0,0.0692,0.01,0.203136,0.0997904,0.023302,0.0063786,0,0.235996,3.8,0.00673868,0.37515,0.0888888888888889,0,0.00628146,1.382,0,0.0661112,0.477386,0.345761666483293,0,1.44,12.1,0.4995,2.19,5.0784,2.49476,0.58255,0.159465,21.0035842293907,5.8999,95,0.168467,9.37875,0.41875,2.91300251256281,0.1570365,34.55,0.154861111111111,1.65278,11.93465,0.663542620071984,1,0.0683702889171071,4.47351539916501e-10,0.252685930068068,0.013204287405372,0.832737403179196,0.468805992752691,0.460933950564368,0.138113997394413,5.49145287552449,5.72752345947607,6.84200887005224,0.00912853148708353,0.514008359756603,0.165031819568615,3.38313429216796e-15,0.0689740295673158,7.07573438608025,2.97813468207341e-21,0.77677538638401,0.923961129042611,0.471162949286229,0.660711659572347,48.6104947462467,107.089856555062,210.693084032437,0.840239999999991,1.67175778546711
122,GA,500,1,0.115435766184651,3.94418598402665,4.64235150199378,5.19760658095589,0.0674056902674009,0.00657727631074845,0.0159582170284738,0.00657727631074845,0.113343416142512,0.0685203081287785,0.0159582170284738,0.0685203081287785,0.0495362723034005,34.3432649217616,0.0483111687928837,0.0362,0,0.0692,0.01,0.203136,0.0997904,0.023302,0.0063786,0,0.235996,3.8,0.00673868,0.37515,0.0888888888888889,0,0.00628146,1.382,0,0.0661112,0.477386,0.345761666483293,0,1.44,12.1,0.4995,2.19,5.0784,2.49476,0.58255,0.159465,21.0035842293907,5.8999,95,0.168467,9.37875,0.41875,2.91300251256281,0.1570365,34.55,0.154861111111111,1.65278,11.93465,0.663542620071984,1,0.037761354590067,6.85490059604685e-08,0.379716216609904,0.0356370799260181,0.387630001463128,0.877964643016063,0.309855227878693,0.116941370040857,1.32601343917181,0.86975064501522,12.9498568945179,0.0190559638339729,3.88552556880721,0.21957546169713,2.13832222689506e-18,0.0286726329341234,8.47494283828582,0.0262250519838029,0.420708986865129,5.91695736044996,0.355751752726122,0.816708454841973,48.1408645204776,82.6988224985516,149.3995474792,0.840239999999991,1.67175778546711
122,GA,500,1,0.115435766184651,3.94418598402665,4.64235150199378,5.19760658095589,0.0674056902674009,0.00657727631074845,0.0159582170284738,0.00657727631074845,0.113343416142512,0.0685203081287785,0.0159582170284738,0.0685203081287785,0.0495362723034005,34.3432649217616,0.0347984839861624,0.0362,0,0.0692,0.01,0.203136,0.0997904,0.023302,0.0063786,0,0.235996,3.8,0.00673868,0.37515,0.0888888888888889,0,0.00628146,1.382,0,0.0661112,0.477386,0.345761666483293,0,1.44,12.1,0.4995,2.19,5.0784,2.49476,0.58255,0.159465,21.0035842293907,5.8999,95,0.168467,9.37875,0.41875,2.91300251256281,0.1570365,34.55,0.154861111111111,1.65278,11.93465,0.663542620071984,1,0.037761354590067,1.95380467246724e-06,0.106675703561767,1.08322981141486,0.515153305658014,0.557237482594065,0.453194669911342,0.14687482971743,1.32601343917181,1.04379568744073,24.8604422180129,0.0648923444862926,1.24028826108745,0.159138930168713,2.37084801154014e-12,0.0198699375145715,2.84249104476916,3.91015235687572e-10,0.304312697266837,2.09251736849333,0.369146955385249,0.816708454841973,48.7936454663963,100.04285904291,171.28883753866,0.840239999999991,1.67175778546711
122,GA,500,1,0.115435766184651,3.94418598402665,4.64235150199378,5.19760658095589,0.0674056902674009,0.00657727631074845,0.0159582170284738,0.00657727631074845,0.113343416142512,0.0685203081287785,0.0159582170284738,0.0685203081287785,0.0495362723034005,34.3432649217616,0.039755862060039,0.0362,0,0.0692,0.01,0.203136,0.0997904,0.023302,0.0063786,0,0.235996,3.8,0.00673868,0.37515,0.0888888888888889,0,0.00628146,1.382,0,0.0661112,0.477386,0.345761666483293,0,1.44,12.1,0.4995,2.19,5.0784,2.49476,0.58255,0.159465,21.0035842293907,5.8999,95,0.168467,9.37875,0.41875,2.91300251256281,0.1570365,34.55,0.154861111111111,1.65278,11.93465,0.663542620071984,1,0.410149823864621,3.61600277846288e-07,0.0963014649727906,0.0816342423066924,0.521791530434821,0.907940817336472,0.0827906407855193,0.0811289049218722,4.37977534906498,1.60760270627108,64.1889057369444,0.131760819665528,2.95799474760035,0.12647110200761,0.0191501067882247,0.0164793076174073,6.08526330340214,0.00638081423016666,0.0971972505245191,6.55857546741764,0.375849078759741,0.758511957981166,30.5519998128756,97.2301509697148,158.737389570606,0.840239999999991,1.67175778546711
122,GA,500,1,0.115435766184651,3.94418598402665,4.64235150199378,5.19760658095589,0.0674056902674009,0.00657727631074845,0.0159582170284738,0.00657727631074845,0.113343416142512,0.0685203081287785,0.0159582170284738,0.0685203081287785,0.0495362723034005,34.3432649217616,0.0360379849277381,0.0362,0,0.0692,0.01,0.203136,0.0997904,0.023302,0.0063786,0,0.235996,3.8,0.00673868,0.37515,0.0888888888888889,0,0.00628146,1.382,0,0.0661112,0.477386,0.345761666483293,0,1.44,12.1,0.4995,2.19,5.0784,2.49476,0.58255,0.159465,21.0035842293907,5.8999,95,0.168467,9.37875,0.41875,2.91300251256281,0.1570365,34.55,0.154861111111111,1.65278,11.93465,0.663542620071984,1,0.410149823864621,3.61600277846288e-08,0.41552131248852,0.157587581807599,0.746696478864772,0.907940817336472,0.0827906407855193,0.0419109649742696,4.37977534906498,0.73696662959153,4.48230758670022,0.141506926749212,3.17679634748729,0.12647110200761,0.0126020088799756,0.0306966742281059,9.30084855605617,5.70149887400548e-19,0.989112365061969,6.55857546741764,0.375849078759741,0.758511957981166,45.084219425448,161.329769309891,257.776672869797,0.840239999999991,1.67175778546711
122,GA,500,1,0.115435766184651,3.94418598402665,4.64235150199378,5.19760658095589,0.0674056902674009,0.00657727631074845,0.0159582170284738,0.00657727631074845,0.113343416142512,0.0685203081287785,0.0159582170284738,0.0685203081287785,0.0495362723034005,34.3432649217616,0.0407328897563503,0.0362,0,0.0692,0.01,0.203136,0.0997904,0.023302,0.0063786,0,0.235996,3.8,0.00673868,0.37515,0.0888888888888889,0,0.00628146,1.382,0,0.0661112,0.477386,0.345761666483293,0,1.44,12.1,0.4995,2.19,5.0784,2.49476,0.58255,0.159465,21.0035842293907,5.8999,95,0.168467,9.37875,0.41875,2.91300251256281,0.1570365,34.55,0.154861111111111,1.65278,11.93465,0.663542620071984,1,0.207668592789796,0.238701832441829,0.106675703561767,1.08322981141486,0.374289070832957,1.6987294987839,0.49197397476715,0.0297278878607167,3.27346768517959,0.497748045703192,25.4442697678591,0.0142647376166364,2.64771948431208,0.21957546169713,0.000906916338668913,0.0188862143109035,8.51808847634785,0.00262250519838029,0.835924390746135,4.09456305560179,0.574096774166235,0.816708454841973,64.4188293138087,110.215668536411,199.369885450159,0.840239999999991,1.67175778546711
122,GA,500,0,0.115435766184651,3.94418598402665,4.64235150199378,5.19760658095589,0.0674056902674009,0.00657727631074845,0.0159582170284738,0.00657727631074845,0.113343416142512,0.0685203081287785,0.0159582170284738,0.0685203081287785,0.0495362723034005,34.3432649217616,0.000347883188029151,0.0362,0,0.0692,0.01,0.203136,0.0997904,0.023302,0.0063786,0,0.235996,3.8,0.00673868,0.37515,0.0888888888888889,0,0.00628146,1.382,0,0.0661112,0.477386,0.345761666483293,0,1.44,12.1,0.4995,2.19,5.0784,2.49476,0.58255,0.159465,21.0035842293907,5.8999,95,0.168467,9.37875,0.41875,2.91300251256281,0.1570365,34.55,0.154861111111111,1.65278,11.93465,0.663542620071984,1,0.37761354590067,0.00224231198484207,0.178078481620148,1.08322981141486,0.387630001463128,1.12395948825633,0.49197397476715,0.116941370040857,3.27346768517959,1.04379568744073,5.98824209110219,0.0506118819857661,5.5876371283912,0.21957546169713,2.07860579025522e-07,0.0286726329341234,11.0207405764091,0.0262250519838029,0.468223357555741,0.861789905600272,0.355751752726122,0.816708454841973,54.9121665786556,111.63801663152,191.604784329406,0.840239999999991,1.67175778546711
122,GA,500,0,0.115435766184651,3.94418598402665,4.64235150199378,5.19760658095589,0.0674056902674009,0.00657727631074845,0.0159582170284738,0.00657727631074845,0.113343416142512,0.0685203081287785,0.0159582170284738,0.0685203081287785,0.0495362723034005,34.3432649217616,8.91559546798806e-27,0.0362,0,0.0692,0.01,0.203136,0.0997904,0.023302,0.0063786,0,0.235996,3.8,0.00673868,0.37515,0.0888888888888889,0,0.00628146,1.382,0,0.0661112,0.477386,0.345761666483293,0,1.44,12.1,0.4995,2.19,5.0784,2.49476,0.58255,0.159465,21.0035842293907,5.8999,95,0.168467,9.37875,0.41875,2.91300251256281,0.1570365,34.55,0.154861111111111,1.65278,11.93465,0.663542620071984,1,0.037761354590067,7.2493608402609e-11,0.33554204560074,1.08322981141486,0.387630001463128,0.112395948825633,0.49197397476715,0.116941370040857,1.32601343917181,0.86975064501522,14.926305971165,0.0506118819857661,3.88552556880721,0.21957546169713,6.58246702598952e-11,0.0286726329341234,8.47494283828582,0.00262250519838029,0.0995151236192236,8.61789905600272,0.355751752726122,0.816708454841973,51.1662537334078,107.649612656369,182.975361399862,0.840239999999991,1.67175778546711
122,GA,500,1,0.115435766184651,3.94418598402665,4.64235150199378,5.19760658095589,0.0674056902674009,0.00657727631074845,0.0159582170284738,0.00657727631074845,0.113343416142512,0.0685203081287785,0.0159582170284738,0.0685203081287785,0.0495362723034005,34.3432649217616,0.0267093862134742,0.0362,0,0.0692,0.01,0.203136,0.0997904,0.023302,0.0063786,0,0.235996,3.8,0.00673868,0.37515,0.0888888888888889,0,0.00628146,1.382,0,0.0661112,0.477386,0.345761666483293,0,1.44,12.1,0.4995,2.19,5.0784,2.49476,0.58255,0.159465,21.0035842293907,5.8999,95,0.168467,9.37875,0.41875,2.91300251256281,0.1570365,34.55,0.154861111111111,1.65278,11.93465,0.663542620071984,1,0.0433194100463836,1.37299261608059e-14,0.106675703561767,1.08322981141486,0.374289070832957,0.882600469421692,0.49197397476715,0.0811289049218722,3.27346768517959,1.10872920168068,25.4442697678591,0.0168368221923206,7.64120532859623,0.100114832399319,0.000906916338668913,0.048471069776101,8.33768186817541,2.78007485422863e-12,0.494334151489724,6.8839903158064,0.425376434642763,0.816708454841973,35.9828113488896,165.0126970906,238.028836600984,0.840239999999991,1.67175778546711
122,GA,500,1,0.115435766184651,3.94418598402665,4.64235150199378,5.19760658095589,0.0674056902674009,0.00657727631074845,0.0159582170284738,0.00657727631074845,0.113343416142512,0.0685203081287785,0.0159582170284738,0.0685203081287785,0.0495362723034005,34.3432649217616,0.0223769466659218,0.0362,0,0.0692,0.01,0.203136,0.0997904,0.023302,0.0063786,0,0.235996,3.8,0.00673868,0.37515,0.0888888888888889,0,0.00628146,1.382,0,0.0661112,0.477386,0.345761666483293,0,1.44,12.1,0.4995,2.19,5.0784,2.49476,0.58255,0.159465,21.0035842293907,5.8999,95,0.168467,9.37875,0.41875,2.91300251256281,0.1570365,34.55,0.154861111111111,1.65278,11.93465,0.663542620071984,1,0.325032270570951,1.53786561839801e-15,0.161178826014607,0.115024333376034,2.22591859827243,0.877964643016063,0.437382911035942,0.0897190927538993,10.8926309164505,5.72752345947607,36.7058281819495,0.03980139721935,0.44766706691176,0.233843271078265,2.79748765035835e-15,0.00831445859145277,15.4309180351339,5.79942412775043e-06,1.29606487869952,3.36791779424044,0.416258136097572,0.958933295004431,55.4623623390684,59.4349212514412,117.442608056959,0.840239999999991,1.67175778546711
122,GA,500,0,0.115435766184651,3.94418598402665,4.64235150199378,5.19760658095589,0.0674056902674009,0.00657727631074845,0.0159582170284738,0.00657727631074845,0.113343416142512,0.0685203081287785,0.0159582170284738,0.0685203081287785,0.0495362723034005,34.3432649217616,5.03465105980746e-05,0.0362,0,0.0692,0.01,0.203136,0.0997904,0.023302,0.0063786,0,0.235996,3.8,0.00673868,0.37515,0.0888888888888889,0,0.00628146,1.382,0,0.0661112,0.477386,0.345761666483293,0,1.44,12.1,0.4995,2.19,5.0784,2.49476,0.58255,0.159465,21.0035842293907,5.8999,95,0.168467,9.37875,0.41875,2.91300251256281,0.1570365,34.55,0.154861111111111,1.65278,11.93465,0.663542620071984,1,0.037761354590067,7.2493608402609e-09,0.33554204560074,1.08322981141486,0.387630001463128,1.12395948825633,0.49197397476715,0.116941370040857,1.32601343917181,0.86975064501522,14.926305971165,0.0506118819857661,3.88552556880721,0.21957546169713,6.58246702598952e-10,0.0286726329341234,8.47494283828582,0.0262250519838029,0.995151236192236,0.861789905600272,0.355751752726122,0.816708454841973,51.3095908502268,102.781779494134,177.158391465401,0.840239999999991,1.67175778546711
122,GA,500,0,0.115435766184651,3.94418598402665,4.64235150199378,5.19760658095589,0.0674056902674009,0.00657727631074845,0.0159582170284738,0.00657727631074845,0.113343416142512,0.0685203081287785,0.0159582170284738,0.0685203081287785,0.0495362723034005,34.3432649217616,1.18669013466992e-26,0.0362,0,0.0692,0.01,0.203136,0.0997904,0.023302,0.0063786,0,0.235996,3.8,0.00673868,0.37515,0.0888888888888889,0,0.00628146,1.382,0,0.0661112,0.477386,0.345761666483293,0,1.44,12.1,0.4995,2.19,5.0784,2.49476,0.58255,0.159465,21.0035842293907,5.8999,95,0.168467,9.37875,0.41875,2.91300251256281,0.1570365,34.55,0.154861111111111,1.65278,11.93465,0.663542620071984,1,0.037761354590067,7.2493608402609e-11,0.33554204560074,1.08322981141486,0.387630001463128,0.112395948825633,0.49197397476715,0.116941370040857,1.32601343917181,0.86975064501522,14.926305971165,0.0506118819857661,3.88552556880721,0.21957546169713,6.58246702598952e-10,0.0286726329341234,8.47494283828582,0.00262250519838029,0.0995151236192236,8.61789905600272,0.355751752726122,0.816708454841973,51.166253732773,107.649612631056,182.975361368233,0.840239999999991,1.67175778546711
122,GA,500,1,0.115435766184651,3.94418598402665,4.64235150199378,5.19760658095589,0.0674056902674009,0.00657727631074845,0.0159582170284738,0.00657727631074845,0.113343416142512,0.0685203081287785,0.0159582170284738,0.0685203081287785,0.0495362723034005,34.3432649217616,0.0172857963257969,0.0362,0,0.0692,0.01,0.203136,0.0997904,0.023302,0.0063786,0,0.235996,3.8,0.00673868,0.37515,0.0888888888888889,0,0.00628146,1.382,0,0.0661112,0.477386,0.345761666483293,0,1.44,12.1,0.4995,2.19,5.0784,2.49476,0.58255,0.159465,21.0035842293907,5.8999,95,0.168467,9.37875,0.41875,2.91300251256281,0.1570365,34.55,0.154861111111111,1.65278,11.93465,0.663542620071984,1,0.449511506333283,1.01575353823747e-10,0.33554204560074,0.378377414976778,0.387630001463128,1.77255550098967,0.580922548533809,0.0897190927538993,1.08926309164505,0.86975064501522,14.926305971165,0.03980139721935,0.952210213392367,0.21957546169713,1.791447765369e-17,0.0286726329341234,3.25206483882638,0.0262250519838029,1.29606487869952,0.724815293833597,0.358524397110838,0.816708454841973,64.9113689898417,69.5624007686507,150.085460620999,0.840239999999991,1.67175778546711
122,GA,500,1,0.115435766184651,3.94418598402665,4.64235150199378,5.19760658095589,0.0674056902674009,0.00657727631074845,0.0159582170284738,0.00657727631074845,0.113343416142512,0.0685203081287785,0.0159582170284738,0.0685203081287785,0.0495362723034005,34.3432649217616,0.000667528292900906,0.0362,0,0.0692,0.01,0.203136,0.0997904,0.023302,0.0063786,0,0.235996,3.8,0.00673868,0.37515,0.0888888888888889,0,0.00628146,1.382,0,0.0661112,0.477386,0.345761666483293,0,1.44,12.1,0.4995,2.19,5.0784,2.49476,0.58255,0.159465,21.0035842293907,5.8999,95,0.168467,9.37875,0.41875,2.91300251256281,0.1570365,34.55,0.154861111111111,1.65278,11.93465,0.663542620071984,1,0.433194100463836,8.10806660247839e-17,0.102171066598616,0.84745896001386,0.546210626633476,0.882600469421692,0.49197397476715,0.0576827980048167,1.86412874473012,1.10872920168068,29.8814900960205,0.0168368221923206,4.41960985970513,0.21957546169713,0.000906916338668913,0.048471069776101,7.07573438608025,0.00132390400816407,0.468223357555741,8.01624434987282,0.574096774166235,0.816708454841973,39.2793836116538,138.900869981723,209.353378999151,0.840239999999991,1.67175778546711
122,GA,500,0,0.115435766184651,3.94418598402665,4.64235150199378,5.19760658095589,0.0674056902674009,0.00657727631074845,0.0159582170284738,0.00657727631074845,0.113343416142512,0.0685203081287785,0.0159582170284738,0.0685203081287785,0.0495362723034005,34.3432649217616,0,0.0362,0,0.0692,0.01,0.203136,0.0997904,0.023302,0.0063786,0,0.235996,3.8,0.00673868,0.37515,0.0888888888888889,0,0.00628146,1.382,0,0.0661112,0.477386,0.345761666483293,0,1.44,12.1,0.4995,2.19,5.0784,2.49476,0.58255,0.159465,21.0035842293907,5.8999,95,0.168467,9.37875,0.41875,2.91300251256281,0.1570365,34.55,0.154861111111111,1.65278,11.93465,0.663542620071984,1,0.410149823864621,3.61600277846288e-07,0.41552131248852,0.0157587581807599,0.746696478864772,0.907940817336472,0.0827906407855193,0.0419109649742696,4.37977534906498,0.73696662959153,4.48230758670022,0.141506926749212,3.17679634748729,0.12647110200761,0.0126020088799756,0.0306966742281059,9.30084855605617,5.70149887400548e-19,0.989112365061969,6.55857546741764,0.375849078759741,0.758511957981166,48.131874189434,138.089650919255,230.185234675392,0.840239999999991,1.67175778546711
122,GA,500,0,0.115435766184651,3.94418598402665,4.64235150199378,5.19760658095589,0.0674056902674009,0.00657727631074845,0.0159582170284738,0.00657727631074845,0.113343416142512,0.0685203081287785,0.0159582170284738,0.0685203081287785,0.0495362723034005,34.3432649217616,0.00670279062667493,0.0362,0,0.0692,0.01,0.203136,0.0997904,0.023302,0.0063786,0,0.235996,3.8,0.00673868,0.37515,0.0888888888888889,0,0.00628146,1.382,0,0.0661112,0.477386,0.345761666483293,0,1.44,12.1,0.4995,2.19,5.0784,2.49476,0.58255,0.159465,21.0035842293907,5.8999,95,0.168467,9.37875,0.41875,2.91300251256281,0.1570365,34.55,0.154861111111111,1.65278,11.93465,0.663542620071984,1,0.325032270570951,6.85490059604685e-09,0.187927874033532,1.08322981141486,0.346722442424389,0.877964643016063,0.437382911035942,0.0897190927538993,10.8926309164505,4.58086460011602,14.926305971165,0.070392396599646,0.952210213392367,0.112645176114433,0.809494118959263,0.00768956438968787,15.4309180351339,3.97448770837526e-17,0.129606487869952,3.36791779424044,0.459244421647998,0.816708454841973,58.3279142391301,73.1004586010817,147.834099913706,0.840239999999991,1.67175778546711
122,GA,500,1,0.115435766184651,3.94418598402665,4.64235150199378,5.19760658095589,0.0674056902674009,0.00657727631074845,0.0159582170284738,0.00657727631074845,0.113343416142512,0.0685203081287785,0.0159582170284738,0.0685203081287785,0.0495362723034005,34.3432649217616,0.0619613875833624,0.0362,0,0.0692,0.01,0.203136,0.0997904,0.023302,0.0063786,0,0.235996,3.8,0.00673868,0.37515,0.0888888888888889,0,0.00628146,1.382,0,0.0661112,0.477386,0.345761666483293,0,1.44,12.1,0.4995,2.19,5.0784,2.49476,0.58255,0.159465,21.0035842293907,5.8999,95,0.168467,9.37875,0.41875,2.91300251256281,0.1570365,34.55,0.154861111111111,1.65278,11.93465,0.663542620071984,1,0.325032270570951,6.85490059604685e-07,0.379716216609904,0.403940347586626,0.346722442424389,0.877964643016063,0.437382911035942,0.0897190927538993,10.8926309164505,4.58086460011602,12.9498568945179,0.03980139721935,0.952210213392367,0.112645176114433,0.809494118959263,0.00768956438968787,15.4309180351339,3.97448770837526e-17,0.129606487869952,3.36791779424044,0.459244421647998,0.958933295004431,59.6410072086091,81.770142056251,144.912988567722,0.840239999999991,1.67175778546711
122,GA,500,1,0.115435766184651,3.94418598402665,4.64235150199378,5.19760658095589,0.0674056902674009,0.00657727631074845,0.0159582170284738,0.00657727631074845,0.113343416142512,0.0685203081287785,0.0159582170284738,0.0685203081287785,0.0495362723034005,34.3432649217616,0.00208328232903785,0.0362,0,0.0692,0.01,0.203136,0.0997904,0.023302,0.0063786,0,0.235996,3.8,0.00673868,0.37515,0.0888888888888889,0,0.00628146,1.382,0,0.0661112,0.477386,0.345761666483293,0,1.44,12.1,0.4995,2.19,5.0784,2.49476,0.58255,0.159465,21.0035842293907,5.8999,95,0.168467,9.37875,0.41875,2.91300251256281,0.1570365,34.55,0.154861111111111,1.65278,11.93465,0.663542620071984,1,0.144669546263794,7.27063522632166e-20,0.106675703561767,0.0289421076891565,0.20489224866786,0.408941158666186,0.206610743288249,0.0811289049218722,0.132601343917181,2.65936778838133,8.92610684667907,0.0167603336271827,4.41960985970513,0.126858925093822,7.10870042973419e-11,0.0072729920888324,16.8612041775535,2.13209485737777e-16,0.0672498050960735,6.98889652458595,0.620534281547948,0.816708454841973,57.1235110239241,89.6659593689246,166.912945475505,0.840239999999991,1.67175778546711
122,GA,500,1,0.115435766184651,3.94418598402665,4.64235150199378,5.19760658095589,0.0674056902674009,0.00657727631074845,0.0159582170284738,0.00657727631074845,0.113343416142512,0.0685203081287785,0.0159582170284738,0.0685203081287785,0.0495362723034005,34.3432649217616,0.0879840003560531,0.0362,0,0.0692,0.01,0.203136,0.0997904,0.023302,0.0063786,0,0.235996,3.8,0.00673868,0.37515,0.0888888888888889,0,0.00628146,1.382,0,0.0661112,0.477386,0.345761666483293,0,1.44,12.1,0.4995,2.19,5.0784,2.49476,0.58255,0.159465,21.0035842293907,5.8999,95,0.168467,9.37875,0.41875,2.91300251256281,0.1570365,34.55,0.154861111111111,1.65278,11.93465,0.663542620071984,1,0.325032270570951,6.85490059604685e-08,0.111853173384798,1.63276703201205,0.346722442424389,0.254981600278724,0.437382911035942,0.0897190927538993,10.8926309164505,5.72752345947607,36.7058281819495,0.03980139721935,1.80456813489388,0.112645176114433,2.79748765035835e-15,0.0831445859145277,15.4309180351339,0.000435235678535388,0.137750248387909,1.20173879211606,0.416258136097572,0.958933295004431,52.3915083302251,203.651029923873,264.763975721643,0.840239999999991,1.67175778546711
122,GA,500,0,0.115435766184651,3.94418598402665,4.64235150199378,5.19760658095589,0.0674056902674009,0.00657727631074845,0.0159582170284738,0.00657727631074845,0.113343416142512,0.0685203081287785,0.0159582170284738,0.0685203081287785,0.0495362723034005,34.3432649217616,0,0.0362,0,0.0692,0.01,0.203136,0.0997904,0.023302,0.0063786,0,0.235996,3.8,0.00673868,0.37515,0.0888888888888889,0,0.00628146,1.382,0,0.0661112,0.477386,0.345761666483293,0,1.44,12.1,0.4995,2.19,5.0784,2.49476,0.58255,0.159465,21.0035842293907,5.8999,95,0.168467,9.37875,0.41875,2.91300251256281,0.1570365,34.55,0.154861111111111,1.65278,11.93465,0.663542620071984,1,0.582683501613331,4.24768382833096e-15,0.239919977357982,0.84745896001386,0.387630001463128,0.558146291259839,0.49197397476715,0.0576827980048167,1.32601343917181,1.44873097982681,6.85502581168269,0.0322242209876462,4.41960985970513,0.21957546169713,6.58246702598952e-11,0.0549257323456414,11.7048172577826,1.38695515175163e-19,0.407822343390313,1.96910767623804,0.42448203057904,0.816708454841973,51.9914353343462,107.18313315542,183.229372838201,0.840239999999991,1.67175778546711
122,GA,500,0,0.115435766184651,3.94418598402665,4.64235150199378,5.19760658095589,0.0674056902674009,0.00657727631074845,0.0159582170284738,0.00657727631074845,0.113343416142512,0.0685203081287785,0.0159582170284738,0.0685203081287785,0.0495362723034005,34.3432649217616,0.00255745246684295,0.0362,0,0.0692,0.01,0.203136,0.0997904,0.023302,0.0063786,0,0.235996,3.8,0.00673868,0.37515,0.0888888888888889,0,0.00628146,1.382,0,0.0661112,0.477386,0.345761666483293,0,1.44,12.1,0.4995,2.19,5.0784,2.49476,0.58255,0.159465,21.0035842293907,5.8999,95,0.168467,9.37875,0.41875,2.91300251256281,0.1570365,34.55,0.154861111111111,1.65278,11.93465,0.663542620071984,1,0.565345632751188,7.2493608402609e-12,0.189762045018331,1.42344557998578,0.387630001463128,0.585055453091574,0.49197397476715,0.116941370040857,0.148496979060524,0.86975064501522,11.4050027216216,0.0506118819857661,3.88552556880721,0.21957546169713,6.58246702598952e-11,0.0286726329341234,8.47494283828582,0.0262250519838029,0.995151236192236,8.61789905600272,0.355751752726122,0.816708454841973,47.3704452409522,149.90109427094,230.913413826902,0.840239999999991,1.67175778546711
122,GA,500,1,0.115435766184651,3.94418598402665,4.64235150199378,5.19760658095589,0.0674056902674009,0.00657727631074845,0.0159582170284738,0.00657727631074845,0.113343416142512,0.0685203081287785,0.0159582170284738,0.0685203081287785,0.0495362723034005,34.3432649217616,0.0673832010505563,0.0362,0,0.0692,0.01,0.203136,0.0997904,0.023302,0.0063786,0,0.235996,3.8,0.00673868,0.37515,0.0888888888888889,0,0.00628146,1.382,0,0.0661112,0.477386,0.345761666483293,0,1.44,12.1,0.4995,2.19,5.0784,2.49476,0.58255,0.159465,21.0035842293907,5.8999,95,0.168467,9.37875,0.41875,2.91300251256281,0.1570365,34.55,0.154861111111111,1.65278,11.93465,0.663542620071984,1,0.744467503747806,0.335355826916747,0.0743581957801286,0.0129187536162585,1.02301345458406,2.46567813522314,0.369990044881856,0.0897190927538993,16.0945259539012,0.75291337162617,16.942540576199,0.03980139721935,2.82778104151521,0.104026324995194,0.00029644168538526,0.0768956438968787,11.1920071228968,9.72797905625576e-20,0.117345247802369,2.02583533253418,0.496605195090304,0.958933295004431,77.9775930446118,124.313837724096,207.615220991947,0.840239999999991,1.67175778546711
122,GA,500,0,0.115435766184651,3.94418598402665,4.64235150199378,5.19760658095589,0.0674056902674009,0.00657727631074845,0.0159582170284738,0.00657727631074845,0.113343416142512,0.0685203081287785,0.0159582170284738,0.0685203081287785,0.0495362723034005,34.3432649217616,3.46994390892002e-06,0.0362,0,0.0692,0.01,0.203136,0.0997904,0.023302,0.0063786,0,0.235996,3.8,0.00673868,0.37515,0.0888888888888889,0,0.00628146,1.382,0,0.0661112,0.477386,0.345761666483293,0,1.44,12.1,0.4995,2.19,5.0784,2.49476,0.58255,0.159465,21.0035842293907,5.8999,95,0.168467,9.37875,0.41875,2.91300251256281,0.1570365,34.55,0.154861111111111,1.65278,11.93465,0.663542620071984,1,0.744467503747806,3.80772740021238e-19,0.0743581957801286,0.131657833636732,0.346722442424389,1.0427851361232,0.369990044881856,0.0897190927538993,10.8926309164505,4.58086460011602,16.942540576199,0.03980139721935,0.952210213392367,0.112645176114433,0.00029644168538526,0.0768956438968787,11.1920071228968,9.72797905625576e-20,0.465313113222956,1.02973372027796,0.516084162380898,0.958933295004431,43.4977178571066,111.058152180162,159.311980182463,0.840239999999991,1.67175778546711
122,GA,500,0,0.115435766184651,3.94418598402665,4.64235150199378,5.19760658095589,0.0674056902674009,0.00657727631074845,0.0159582170284738,0.00657727631074845,0.113343416142512,0.0685203081287785,0.0159582170284738,0.0685203081287785,0.0495362723034005,34.3432649217616,0,0.0362,0,0.0692,0.01,0.203136,0.0997904,0.023302,0.0063786,0,0.235996,3.8,0.00673868,0.37515,0.0888888888888889,0,0.00628146,1.382,0,0.0661112,0.477386,0.345761666483293,0,1.44,12.1,0.4995,2.19,5.0784,2.49476,0.58255,0.159465,21.0035842293907,5.8999,95,0.168467,9.37875,0.41875,2.91300251256281,0.1570365,34.55,0.154861111111111,1.65278,11.93465,0.663542620071984,1,0.410149823864621,6.2879936978629e-18,0.41552131248852,0.0157587581807599,0.416780880633115,0.374625278591707,0.106964210568871,0.0419109649742696,4.37977534906498,0.73696662959153,9.46747813167914,0.141506926749212,1.74140048301238,0.12647110200761,0.0126020088799756,0.0306966742281059,9.30084855605617,5.70149887400547e-18,0.320544286302672,6.55857546741764,0.369146955385249,0.758511957981166,67.0625087454423,107.029210758168,208.166692578001,0.840239999999991,1.67175778546711
122,GA,500,0,0.115435766184651,3.94418598402665,4.64235150199378,5.19760658095589,0.0674056902674009,0.00657727631074845,0.0159582170284738,0.00657727631074845,0.113343416142512,0.0685203081287785,0.0159582170284738,0.0685203081287785,0.0495362723034005,34.3432649217616,0.00411067717866284,0.0362,0,0.0692,0.01,0.203136,0.0997904,0.023302,0.0063786,0,0.235996,3.8,0.00673868,0.37515,0.0888888888888889,0,0.00628146,1.382,0,0.0661112,0.477386,0.345761666483293,0,1.44,12.1,0.4995,2.19,5.0784,2.49476,0.58255,0.159465,21.0035842293907,5.8999,95,0.168467,9.37875,0.41875,2.91300251256281,0.1570365,34.55,0.154861111111111,1.65278,11.93465,0.663542620071984,1,0.410149823864621,3.61600277846288e-08,0.41552131248852,0.0157587581807599,0.746696478864772,0.907940817336472,0.0827906407855193,0.0419109649742696,4.37977534906498,0.73696662959153,4.48230758670022,0.141506926749212,3.17679634748729,0.12647110200761,0.126020088799756,0.0306966742281059,9.30084855605617,5.70149887400548e-19,0.989112365061969,6.55857546741764,0.375849078759741,0.758511957981166,48.6091129675731,134.90005573486,226.457404369473,0.840239999999991,1.67175778546711
122,GA,500,0,0.115435766184651,3.94418598402665,4.64235150199378,5.19760658095589,0.0674056902674009,0.00657727631074845,0.0159582170284738,0.00657727631074845,0.113343416142512,0.0685203081287785,0.0159582170284738,0.0685203081287785,0.0495362723034005,34.3432649217616,0.000795313053785561,0.0362,0,0.0692,0.01,0.203136,0.0997904,0.023302,0.0063786,0,0.235996,3.8,0.00673868,0.37515,0.0888888888888889,0,0.00628146,1.382,0,0.0661112,0.477386,0.345761666483293,0,1.44,12.1,0.4995,2.19,5.0784,2.49476,0.58255,0.159465,21.0035842293907,5.8999,95,0.168467,9.37875,0.41875,2.91300251256281,0.1570365,34.55,0.154861111111111,1.65278,11.93465,0.663542620071984,1,0.267973582756084,1.7745066132616e-14,0.169415037771079,1.08322981141486,0.374289070832957,0.968713416538007,0.49197397476715,0.0762888407553339,0.592009789144995,4.69323623617571,25.4442697678591,0.0648923444862926,4.41960985970513,0.21957546169713,6.58246702598952e-10,0.0452013759180829,16.8612041775535,1.09348526756866e-12,0.995151236192236,2.09251736849333,0.574096774166235,0.816708454841973,56.7134950111759,76.1002664561991,149.892726847246,0.840239999999991,1.67175778546711
122,GA,500,1,0.115435766184651,3.94418598402665,4.64235150199378,5.19760658095589,0.0674056902674009,0.00657727631074845,0.0159582170284738,0.00657727631074845,0.113343416142512,0.0685203081287785,0.0159582170284738,0.0685203081287785,0.0495362723034005,34.3432649217616,0.0396634227804185,0.0362,0,0.0692,0.01,0.203136,0.0997904,0.023302,0.0063786,0,0.235996,3.8,0.00673868,0.37515,0.0888888888888889,0,0.00628146,1.382,0,0.0661112,0.477386,0.345761666483293,0,1.44,12.1,0.4995,2.19,5.0784,2.49476,0.58255,0.159465,21.0035842293907,5.8999,95,0.168467,9.37875,0.41875,2.91300251256281,0.1570365,34.55,0.154861111111111,1.65278,11.93465,0.663542620071984,1,0.037761354590067,1.37299261608059e-14,0.106675703561767,1.08322981141486,0.387630001463128,1.12395948825633,0.41732765724745,0.14687482971743,1.32601343917181,0.512485638195356,5.98824209110219,0.0648923444862926,4.41960985970513,0.21957546169713,6.58246702598952e-11,0.0134012083767732,10.5087260359772,0.0262250519838029,0.189665733937792,2.09251736849333,0.574096774166235,0.816708454841973,49.9499764570167,91.3161496698621,161.759948704128,0.840239999999991,1.67175778546711
122,GA,500,1,0.115435766184651,3.94418598402665,4.64235150199378,5.19760658095589,0.0674056902674009,0.00657727631074845,0.0159582170284738,0.00657727631074845,0.113343416142512,0.0685203081287785,0.0159582170284738,0.0685203081287785,0.0495362723034005,34.3432649217616,0.0855820283287382,0.0362,0,0.0692,0.01,0.203136,0.0997904,0.023302,0.0063786,0,0.235996,3.8,0.00673868,0.37515,0.0888888888888889,0,0.00628146,1.382,0,0.0661112,0.477386,0.345761666483293,0,1.44,12.1,0.4995,2.19,5.0784,2.49476,0.58255,0.159465,21.0035842293907,5.8999,95,0.168467,9.37875,0.41875,2.91300251256281,0.1570365,34.55,0.154861111111111,1.65278,11.93465,0.663542620071984,1,0.363479111087168,1.37299261608059e-15,0.260055376719176,1.19309889797858,0.387630001463128,1.12395948825633,0.537641724503813,0.0498617830554837,0.833300095514468,5.2512445221487,10.5575153830508,0.0192763124463403,4.49982693123173,0.198565012037661,6.58246702598952e-11,0.0134012083767732,7.81229965863015,0.0262250519838029,0.995151236192236,7.88235131500522,0.562640894229742,0.668745151801258,34.8232584644776,101.28942178173,186.285174126831,0.840239999999991,1.67175778546711
122,GA,500,1,0.115435766184651,3.94418598402665,4.64235150199378,5.19760658095589,0.0674056902674009,0.00657727631074845,0.0159582170284738,0.00657727631074845,0.113343416142512,0.0685203081287785,0.0159582170284738,0.0685203081287785,0.0495362723034005,34.3432649217616,0.257144729319234,0.0362,0,0.0692,0.01,0.203136,0.0997904,0.023302,0.0063786,0,0.235996,3.8,0.00673868,0.37515,0.0888888888888889,0,0.00628146,1.382,0,0.0661112,0.477386,0.345761666483293,0,1.44,12.1,0.4995,2.19,5.0784,2.49476,0.58255,0.159465,21.0035842293907,5.8999,95,0.168467,9.37875,0.41875,2.91300251256281,0.1570365,34.55,0.154861111111111,1.65278,11.93465,0.663542620071984,1,1.08064264405496,5.18872776141669,0.316836365458911,0.0570300963731577,0.366789837130859,0.107490252376645,0.490241377329851,0.0237448131388261,8.71769255761687,0.327388170039824,7.64096755734105,0.0550827648116545,2.44094768118634,0.22289109891617,9.99063193810214e-11,0.00884665951674519,3.789385088098,7.77542610649059e-07,0.11779586870641,10.3232825198673,0.484668364391721,0.654548740721176,47.0487959331243,79.8906343809847,169.103319012585,0.840239999999991,1.67175778546711
122,GA,500,0,0.115435766184651,3.94418598402665,4.64235150199378,5.19760658095589,0.0674056902674009,0.00657727631074845,0.0159582170284738,0.00657727631074845,0.113343416142512,0.0685203081287785,0.0159582170284738,0.0685203081287785,0.0495362723034005,34.3432649217616,0,0.0362,0,0.0692,0.01,0.203136,0.0997904,0.023302,0.0063786,0,0.235996,3.8,0.00673868,0.37515,0.0888888888888889,0,0.00628146,1.382,0,0.0661112,0.477386,0.345761666483293,0,1.44,12.1,0.4995,2.19,5.0784,2.49476,0.58255,0.159465,21.0035842293907,5.8999,95,0.168467,9.37875,0.41875,2.91300251256281,0.1570365,34.55,0.154861111111111,1.65278,11.93465,0.663542620071984,1,0.410149823864621,6.2879936978629e-18,0.41552131248852,0.0157587581807599,0.416780880633115,0.374625278591707,0.106964210568871,0.0419109649742696,4.37977534906498,0.73696662959153,9.46747813167914,0.141506926749212,1.74140048301238,0.12647110200761,0.0126020088799756,0.0306966742281059,9.30084855605617,5.70149887400548e-19,0.320544286302672,6.55857546741764,0.369146955385249,0.758511957981166,67.0625087454423,107.029210758168,208.166692578001,0.840239999999991,1.67175778546711
122,GA,500,0,0.115435766184651,3.94418598402665,4.64235150199378,5.19760658095589,0.0674056902674009,0.00657727631074845,0.0159582170284738,0.00657727631074845,0.113343416142512,0.0685203081287785,0.0159582170284738,0.0685203081287785,0.0495362723034005,34.3432649217616,1.56903822975315e-37,0.0362,0,0.0692,0.01,0.203136,0.0997904,0.023302,0.0063786,0,0.235996,3.8,0.00673868,0.37515,0.0888888888888889,0,0.00628146,1.382,0,0.0661112,0.477386,0.345761666483293,0,1.44,12.1,0.4995,2.19,5.0784,2.49476,0.58255,0.159465,21.0035842293907,5.8999,95,0.168467,9.37875,0.41875,2.91300251256281,0.1570365,34.55,0.154861111111111,1.65278,11.93465,0.663542620071984,1,0.037761354590067,1.37299261608059e-15,0.106675703561767,1.08322981141486,0.387630001463128,1.12395948825633,0.41732765724745,0.14687482971743,1.32601343917181,1.04379568744073,5.98824209110219,0.0648923444862926,4.41960985970513,0.112671916743538,2.07860579025522e-07,0.0134012083767732,10.5087260359772,0.0262250519838029,0.189665733937792,2.09251736849333,0.369146955385249,0.816708454841973,50.5790603952377,83.0911038679142,152.318063310289,0.840239999999991,1.67175778546711
122,GA,500,0,0.115435766184651,3.94418598402665,4.64235150199378,5.19760658095589,0.0674056902674009,0.00657727631074845,0.0159582170284738,0.00657727631074845,0.113343416142512,0.0685203081287785,0.0159582170284738,0.0685203081287785,0.0495362723034005,34.3432649217616,3.93358926830806e-40,0.0362,0,0.0692,0.01,0.203136,0.0997904,0.023302,0.0063786,0,0.235996,3.8,0.00673868,0.37515,0.0888888888888889,0,0.00628146,1.382,0,0.0661112,0.477386,0.345761666483293,0,1.44,12.1,0.4995,2.19,5.0784,2.49476,0.58255,0.159465,21.0035842293907,5.8999,95,0.168467,9.37875,0.41875,2.91300251256281,0.1570365,34.55,0.154861111111111,1.65278,11.93465,0.663542620071984,1,0.0511071195324601,2.46035158525766e-17,0.239919977357982,0.84745896001386,0.387630001463128,1.12395948825633,0.49197397476715,0.0576827980048167,0.833300095514468,5.2512445221487,14.926305971165,0.0192763124463403,4.41960985970513,0.21957546169713,3.81234982264063e-14,0.0175322492207075,10.5087260359772,0.0262250519838029,0.995151236192236,8.01624434987282,0.574096774166235,0.816708454841973,40.0454510726584,93.3568738315917,154.354141374702,0.840239999999991,1.67175778546711
122,GA,500,0,0.115435766184651,3.94418598402665,4.64235150199378,5.19760658095589,0.0674056902674009,0.00657727631074845,0.0159582170284738,0.00657727631074845,0.113343416142512,0.0685203081287785,0.0159582170284738,0.0685203081287785,0.0495362723034005,34.3432649217616,2.1090972861831e-21,0.0362,0,0.0692,0.01,0.203136,0.0997904,0.023302,0.0063786,0,0.235996,3.8,0.00673868,0.37515,0.0888888888888889,0,0.00628146,1.382,0,0.0661112,0.477386,0.345761666483293,0,1.44,12.1,0.4995,2.19,5.0784,2.49476,0.58255,0.159465,21.0035842293907,5.8999,95,0.168467,9.37875,0.41875,2.91300251256281,0.1570365,34.55,0.154861111111111,1.65278,11.93465,0.663542620071984,1,0.363479111087168,1.21817414375463e-13,0.260055376719176,1.19309889797858,0.392383297906186,0.634153152411786,0.537641724503813,0.0498617830554837,4.52864709860439,0.909002146579157,10.5575153830508,0.0511463536363769,4.49982693123173,0.198565012037661,0.0125440359807552,0.134589441100373,7.81229965863015,7.77325261877652e-10,0.0802040857944836,7.88235131500522,0.562640894229742,0.668745151801258,44.4911134654064,61.6853585081645,136.731570599212,0.840239999999991,1.67175778546711
122,GA,500,1,0.115435766184651,3.94418598402665,4.64235150199378,5.19760658095589,0.0674056902674009,0.00657727631074845,0.0159582170284738,0.00657727631074845,0.113343416142512,0.0685203081287785,0.0159582170284738,0.0685203081287785,0.0495362723034005,34.3432649217616,0.0353833760775818,0.0362,0,0.0692,0.01,0.203136,0.0997904,0.023302,0.0063786,0,0.235996,3.8,0.00673868,0.37515,0.0888888888888889,0,0.00628146,1.382,0,0.0661112,0.477386,0.345761666483293,0,1.44,12.1,0.4995,2.19,5.0784,2.49476,0.58255,0.159465,21.0035842293907,5.8999,95,0.168467,9.37875,0.41875,2.91300251256281,0.1570365,34.55,0.154861111111111,1.65278,11.93465,0.663542620071984,1,1.02498647206923,0.00151436833643606,0.379716216609904,0.0517871861509779,0.690418307525937,1.4598632802406,0.437382911035942,0.0264070031377125,6.31551340487285,4.58086460011602,14.926305971165,0.00755831142951199,1.91973779390975,0.21957546169713,0.809494118959263,0.086256088462891,15.4309180351339,3.97448770837526e-17,0.995151236192236,0.923961129042611,0.574096774166235,0.816708454841973,61.786971911715,93.0749868818505,175.750512181247,0.840239999999991,1.67175778546711
122,GA,500,0,0.115435766184651,3.94418598402665,4.64235150199378,5.19760658095589,0.0674056902674009,0.00657727631074845,0.0159582170284738,0.00657727631074845,0.113343416142512,0.0685203081287785,0.0159582170284738,0.0685203081287785,0.0495362723034005,34.3432649217616,0.00749945727038069,0.0362,0,0.0692,0.01,0.203136,0.0997904,0.023302,0.0063786,0,0.235996,3.8,0.00673868,0.37515,0.0888888888888889,0,0.00628146,1.382,0,0.0661112,0.477386,0.345761666483293,0,1.44,12.1,0.4995,2.19,5.0784,2.49476,0.58255,0.159465,21.0035842293907,5.8999,95,0.168467,9.37875,0.41875,2.91300251256281,0.1570365,34.55,0.154861111111111,1.65278,11.93465,0.663542620071984,1,0.037761354590067,1.21136094737427e-08,0.33554204560074,1.08322981141486,0.387630001463128,1.12395948825633,0.49197397476715,0.113682017035482,1.71288478837417,0.86975064501522,17.6405488039124,0.0506118819857661,3.88552556880721,0.117209212239949,6.58246702598952e-11,0.0696884144628491,8.47494283828582,7.37624489857432e-21,0.0785887311044308,2.11370635494315,0.618482797990343,0.816708454841973,46.1896521650857,108.760679579529,179.35918032991,0.840239999999991,1.67175778546711
122,GA,500,1,0.115435766184651,3.94418598402665,4.64235150199378,5.19760658095589,0.0674056902674009,0.00657727631074845,0.0159582170284738,0.00657727631074845,0.113343416142512,0.0685203081287785,0.0159582170284738,0.0685203081287785,0.0495362723034005,34.3432649217616,0.025923362405668,0.0362,0,0.0692,0.01,0.203136,0.0997904,0.023302,0.0063786,0,0.235996,3.8,0.00673868,0.37515,0.0888888888888889,0,0.00628146,1.382,0,0.0661112,0.477386,0.345761666483293,0,1.44,12.1,0.4995,2.19,5.0784,2.49476,0.58255,0.159465,21.0035842293907,5.8999,95,0.168467,9.37875,0.41875,2.91300251256281,0.1570365,34.55,0.154861111111111,1.65278,11.93465,0.663542620071984,1,0.112908577399048,1.37299261608059e-14,0.106675703561767,1.95004077256936,0.387630001463128,0.222604251299733,0.509507990776523,0.0811289049218722,0.132601343917181,1.77907643464124,14.926305971165,0.0648923444862926,4.41960985970513,0.36750101244143,2.60866905947785e-12,0.0495346980801409,7.30939759763243,6.00948589172599e-10,0.122493270822503,2.09251736849333,0.574096774166235,0.816708454841973,32.0920547675766,108.437870189979,164.866326353832,0.840239999999991,1.67175778546711
122,GA,500,0,0.115435766184651,3.94418598402665,4.64235150199378,5.19760658095589,0.0674056902674009,0.00657727631074845,0.0159582170284738,0.00657727631074845,0.113343416142512,0.0685203081287785,0.0159582170284738,0.0685203081287785,0.0495362723034005,34.3432649217616,0.00508926021531139,0.0362,0,0.0692,0.01,0.203136,0.0997904,0.023302,0.0063786,0,0.235996,3.8,0.00673868,0.37515,0.0888888888888889,0,0.00628146,1.382,0,0.0661112,0.477386,0.345761666483293,0,1.44,12.1,0.4995,2.19,5.0784,2.49476,0.58255,0.159465,21.0035842293907,5.8999,95,0.168467,9.37875,0.41875,2.91300251256281,0.1570365,34.55,0.154861111111111,1.65278,11.93465,0.663542620071984,1,0.582683501613331,4.24768382833096e-14,0.239919977357982,0.084745896001386,0.387630001463128,0.558146291259839,0.49197397476715,0.0576827980048167,1.32601343917181,1.44873097982681,6.85502581168269,0.0322242209876462,4.41960985970513,0.21957546169713,6.58246702598952e-11,0.0549257323456414,11.7048172577826,1.38695515175163e-19,0.407822343390313,1.96910767623804,0.42448203057904,0.816708454841973,51.3980121079041,58.2328819959297,122.699933436975,0.840239999999991,1.67175778546711
122,GA,500,0,0.115435766184651,3.94418598402665,4.64235150199378,5.19760658095589,0.0674056902674009,0.00657727631074845,0.0159582170284738,0.00657727631074845,0.113343416142512,0.0685203081287785,0.0159582170284738,0.0685203081287785,0.0495362723034005,34.3432649217616,0.000374967118859177,0.0362,0,0.0692,0.01,0.203136,0.0997904,0.023302,0.0063786,0,0.235996,3.8,0.00673868,0.37515,0.0888888888888889,0,0.00628146,1.382,0,0.0661112,0.477386,0.345761666483293,0,1.44,12.1,0.4995,2.19,5.0784,2.49476,0.58255,0.159465,21.0035842293907,5.8999,95,0.168467,9.37875,0.41875,2.91300251256281,0.1570365,34.55,0.154861111111111,1.65278,11.93465,0.663542620071984,1,0.037761354590067,7.2493608402609e-10,0.28342883532747,1.08322981141486,0.387630001463128,1.12395948825633,0.49197397476715,0.116941370040857,1.32601343917181,0.86975064501522,14.926305971165,0.0506118819857661,3.88552556880721,0.21957546169713,6.58246702598952e-11,0.122427109290982,8.47494283828582,3.00521754296498e-16,0.995151236192236,2.38904128415442,0.355751752726122,0.816708454841973,51.5712047171562,106.949793269506,182.52343453116,0.840239999999991,1.67175778546711
122,GA,500,1,0.115435766184651,3.94418598402665,4.64235150199378,5.19760658095589,0.0674056902674009,0.00657727631074845,0.0159582170284738,0.00657727631074845,0.113343416142512,0.0685203081287785,0.0159582170284738,0.0685203081287785,0.0495362723034005,34.3432649217616,0.0309279560990718,0.0362,0,0.0692,0.01,0.203136,0.0997904,0.023302,0.0063786,0,0.235996,3.8,0.00673868,0.37515,0.0888888888888889,0,0.00628146,1.382,0,0.0661112,0.477386,0.345761666483293,0,1.44,12.1,0.4995,2.19,5.0784,2.49476,0.58255,0.159465,21.0035842293907,5.8999,95,0.168467,9.37875,0.41875,2.91300251256281,0.1570365,34.55,0.154861111111111,1.65278,11.93465,0.663542620071984,1,0.135362695255409,1.37299261608059e-14,0.0946417366659474,1.21227513661709,0.387630001463128,1.12395948825633,0.49197397476715,0.0811289049218722,0.0504878869139776,0.512485638195356,7.43209826732213,0.0199175197130509,4.41960985970513,0.21957546169713,6.58246702598952e-11,0.0115977961772799,9.53864507895721,0.0262250519838029,0.995151236192236,2.09251736849333,0.574096774166235,0.816708454841973,45.904455988238,143.758338970954,221.926068252275,0.840239999999991,1.67175778546711
122,GA,500,1,0.115435766184651,3.94418598402665,4.64235150199378,5.19760658095589,0.0674056902674009,0.00657727631074845,0.0159582170284738,0.00657727631074845,0.113343416142512,0.0685203081287785,0.0159582170284738,0.0685203081287785,0.0495362723034005,34.3432649217616,0.0232479564309744,0.0362,0,0.0692,0.01,0.203136,0.0997904,0.023302,0.0063786,0,0.235996,3.8,0.00673868,0.37515,0.0888888888888889,0,0.00628146,1.382,0,0.0661112,0.477386,0.345761666483293,0,1.44,12.1,0.4995,2.19,5.0784,2.49476,0.58255,0.159465,21.0035842293907,5.8999,95,0.168467,9.37875,0.41875,2.91300251256281,0.1570365,34.55,0.154861111111111,1.65278,11.93465,0.663542620071984,1,1.08457809043459,4.24768382833096e-15,0.239919977357982,0.267935315101308,0.523260486075412,0.159285190205175,0.49197397476715,0.0576827980048167,3.62579098396964,0.752591019280847,69.1250407274265,0.0192763124463403,6.32430377262218,0.21957546169713,3.81234982264063e-15,0.00646074678504548,7.64108991210904,2.56679370224842e-21,0.0844298921068291,6.39594135590205,0.484755499573509,0.816708454841973,38.1953585347644,146.244628643159,217.26125135873,0.840239999999991,1.67175778546711
122,GA,500,1,0.115435766184651,3.94418598402665,4.64235150199378,5.19760658095589,0.0674056902674009,0.00657727631074845,0.0159582170284738,0.00657727631074845,0.113343416142512,0.0685203081287785,0.0159582170284738,0.0685203081287785,0.0495362723034005,34.3432649217616,0.0239333917359147,0.0362,0,0.0692,0.01,0.203136,0.0997904,0.023302,0.0063786,0,0.235996,3.8,0.00673868,0.37515,0.0888888888888889,0,0.00628146,1.382,0,0.0661112,0.477386,0.345761666483293,0,1.44,12.1,0.4995,2.19,5.0784,2.49476,0.58255,0.159465,21.0035842293907,5.8999,95,0.168467,9.37875,0.41875,2.91300251256281,0.1570365,34.55,0.154861111111111,1.65278,11.93465,0.663542620071984,1,0.115541569884737,3.61600277846288e-07,0.203896073486881,0.0157587581807599,0.746696478864772,0.428078780926549,0.0894073397692752,0.0419109649742696,4.37977534906498,0.73696662959153,4.48230758670022,0.0261770756325833,3.17679634748729,0.12647110200761,0.0126020088799756,0.0306966742281059,6.71436540649594,5.70149887400548e-19,0.989112365061969,6.07119894852393,0.397212721359864,0.758511957981166,40.7937778188676,101.986556679441,175.249873871573,0.840239999999991,1.67175778546711
122,GA,500,1,0.115435766184651,3.94418598402665,4.64235150199378,5.19760658095589,0.0674056902674009,0.00657727631074845,0.0159582170284738,0.00657727631074845,0.113343416142512,0.0685203081287785,0.0159582170284738,0.0685203081287785,0.0495362723034005,34.3432649217616,0.0265257397942987,0.0362,0,0.0692,0.01,0.203136,0.0997904,0.023302,0.0063786,0,0.235996,3.8,0.00673868,0.37515,0.0888888888888889,0,0.00628146,1.382,0,0.0661112,0.477386,0.345761666483293,0,1.44,12.1,0.4995,2.19,5.0784,2.49476,0.58255,0.159465,21.0035842293907,5.8999,95,0.168467,9.37875,0.41875,2.91300251256281,0.1570365,34.55,0.154861111111111,1.65278,11.93465,0.663542620071984,1,0.508871063422381,1.37299261608059e-14,0.106675703561767,1.08322981141486,0.374289070832957,1.02099603855866,0.49197397476715,0.0811289049218722,0.50164151770343,0.512485638195356,25.4442697678591,0.0481444305343451,4.41960985970513,0.21957546169713,6.58246702598952e-11,0.121417845926654,8.33768186817541,2.78007485422863e-12,0.494334151489724,6.8839903158064,0.368178919942555,0.816708454841973,40.8418688891585,104.925665754036,169.315702032393,0.840239999999991,1.67175778546711
122,GA,500,1,0.115435766184651,3.94418598402665,4.64235150199378,5.19760658095589,0.0674056902674009,0.00657727631074845,0.0159582170284738,0.00657727631074845,0.113343416142512,0.0685203081287785,0.0159582170284738,0.0685203081287785,0.0495362723034005,34.3432649217616,0.130851527619852,0.0362,0,0.0692,0.01,0.203136,0.0997904,0.023302,0.0063786,0,0.235996,3.8,0.00673868,0.37515,0.0888888888888889,0,0.00628146,1.382,0,0.0661112,0.477386,0.345761666483293,0,1.44,12.1,0.4995,2.19,5.0784,2.49476,0.58255,0.159465,21.0035842293907,5.8999,95,0.168467,9.37875,0.41875,2.91300251256281,0.1570365,34.55,0.154861111111111,1.65278,11.93465,0.663542620071984,1,1.02498647206923,6.85490059604685e-08,0.26858578476464,0.403940347586626,0.299914969067707,0.14598632802406,0.225946503452727,0.0279507187349272,9.23032288998711,4.58086460011602,14.0982293397208,0.0592439704663513,1.91973779390975,0.126858925093822,0.809494118959263,0.0652854697290268,15.4309180351339,3.97448770837526e-17,0.263055755176134,3.2540879450106,0.430641239229105,0.958933295004431,50.5880331803764,128.036597891834,184.10785000063,0.840239999999991,1.67175778546711
122,GA,500,0,0.115435766184651,3.94418598402665,4.64235150199378,5.19760658095589,0.0674056902674009,0.00657727631074845,0.0159582170284738,0.00657727631074845,0.113343416142512,0.0685203081287785,0.0159582170284738,0.0685203081287785,0.0495362723034005,34.3432649217616,5.0346508435723e-05,0.0362,0,0.0692,0.01,0.203136,0.0997904,0.023302,0.0063786,0,0.235996,3.8,0.00673868,0.37515,0.0888888888888889,0,0.00628146,1.382,0,0.0661112,0.477386,0.345761666483293,0,1.44,12.1,0.4995,2.19,5.0784,2.49476,0.58255,0.159465,21.0035842293907,5.8999,95,0.168467,9.37875,0.41875,2.91300251256281,0.1570365,34.55,0.154861111111111,1.65278,11.93465,0.663542620071984,1,0.037761354590067,7.2493608402609e-09,0.33554204560074,1.08322981141486,0.387630001463128,1.12395948825633,0.49197397476715,0.116941370040857,1.32601343917181,0.86975064501522,14.926305971165,0.0506118819857661,3.88552556880721,0.21957546169713,6.58246702598952e-11,0.0286726329341234,8.47494283828582,0.0262250519838029,0.995151236192236,0.861789905600272,0.355751752726122,0.816708454841973,51.3095908528237,102.781779602005,177.158391600077,0.840239999999991,1.67175778546711
122,GA,500,1,0.115435766184651,3.94418598402665,4.64235150199378,5.19760658095589,0.0674056902674009,0.00657727631074845,0.0159582170284738,0.00657727631074845,0.113343416142512,0.0685203081287785,0.0159582170284738,0.0685203081287785,0.0495362723034005,34.3432649217616,0.0258664000823014,0.0362,0,0.0692,0.01,0.203136,0.0997904,0.023302,0.0063786,0,0.235996,3.8,0.00673868,0.37515,0.0888888888888889,0,0.00628146,1.382,0,0.0661112,0.477386,0.345761666483293,0,1.44,12.1,0.4995,2.19,5.0784,2.49476,0.58255,0.159465,21.0035842293907,5.8999,95,0.168467,9.37875,0.41875,2.91300251256281,0.1570365,34.55,0.154861111111111,1.65278,11.93465,0.663542620071984,1,1.02498647206923,0.000151436833643606,0.379716216609904,0.0517871861509779,0.690418307525937,1.4598632802406,0.437382911035942,0.0264070031377125,6.31551340487285,4.58086460011602,14.926305971165,0.00755831142951199,1.91973779390975,0.21957546169713,0.0809494118959263,0.086256088462891,15.4309180351339,3.97448770837526e-17,0.995151236192236,0.923961129042611,0.574096774166235,0.816708454841973,63.0862259663547,151.337026741337,248.387389244527,0.840239999999991,1.67175778546711
122,GA,500,0,0.115435766184651,3.94418598402665,4.64235150199378,5.19760658095589,0.0674056902674009,0.00657727631074845,0.0159582170284738,0.00657727631074845,0.113343416142512,0.0685203081287785,0.0159582170284738,0.0685203081287785,0.0495362723034005,34.3432649217616,0.0121825339653331,0.0362,0,0.0692,0.01,0.203136,0.0997904,0.023302,0.0063786,0,0.235996,3.8,0.00673868,0.37515,0.0888888888888889,0,0.00628146,1.382,0,0.0661112,0.477386,0.345761666483293,0,1.44,12.1,0.4995,2.19,5.0784,2.49476,0.58255,0.159465,21.0035842293907,5.8999,95,0.168467,9.37875,0.41875,2.91300251256281,0.1570365,34.55,0.154861111111111,1.65278,11.93465,0.663542620071984,1,0.037761354590067,2.52766016549392e-10,0.33554204560074,1.08322981141486,0.387630001463128,1.12395948825633,0.49051603916839,0.116941370040857,1.32601343917181,0.86975064501522,14.926305971165,0.0510413062487021,3.88552556880721,0.21957546169713,6.58246702598952e-11,0.0286726329341234,8.47494283828582,0.0262250519838029,0.608952758863048,8.61789905600272,0.355751752726122,0.816708454841973,50.9040287219363,99.3953868750819,172.606438297596,0.840239999999991,1.67175778546711
122,GA,500,0,0.115435766184651,3.94418598402665,4.64235150199378,5.19760658095589,0.0674056902674009,0.00657727631074845,0.0159582170284738,0.00657727631074845,0.113343416142512,0.0685203081287785,0.0159582170284738,0.0685203081287785,0.0495362723034005,34.3432649217616,0.00173194212857365,0.0362,0,0.0692,0.01,0.203136,0.0997904,0.023302,0.0063786,0,0.235996,3.8,0.00673868,0.37515,0.0888888888888889,0,0.00628146,1.382,0,0.0661112,0.477386,0.345761666483293,0,1.44,12.1,0.4995,2.19,5.0784,2.49476,0.58255,0.159465,21.0035842293907,5.8999,95,0.168467,9.37875,0.41875,2.91300251256281,0.1570365,34.55,0.154861111111111,1.65278,11.93465,0.663542620071984,1,0.508871063422381,8.50379936890504e-10,0.28458430643001,1.08322981141486,0.374289070832957,0.882600469421692,0.49197397476715,0.0182177042265205,3.27346768517959,0.450815041522166,29.8814900960205,0.0168368221923206,1.37311948983901,0.40078948408744,1.41715680813627e-12,0.0174817857327463,7.07573438608025,0.00262250519838029,0.0672498050960735,1.60755180572269,0.510708641788296,0.816708454841973,74.0303434820807,89.713591381608,183.878099862865,0.840239999999991,1.67175778546711
122,GA,500,0,0.115435766184651,3.94418598402665,4.64235150199378,5.19760658095589,0.0674056902674009,0.00657727631074845,0.0159582170284738,0.00657727631074845,0.113343416142512,0.0685203081287785,0.0159582170284738,0.0685203081287785,0.0495362723034005,34.3432649217616,0.0009395682687253,0.0362,0,0.0692,0.01,0.203136,0.0997904,0.023302,0.0063786,0,0.235996,3.8,0.00673868,0.37515,0.0888888888888889,0,0.00628146,1.382,0,0.0661112,0.477386,0.345761666483293,0,1.44,12.1,0.4995,2.19,5.0784,2.49476,0.58255,0.159465,21.0035842293907,5.8999,95,0.168467,9.37875,0.41875,2.91300251256281,0.1570365,34.55,0.154861111111111,1.65278,11.93465,0.663542620071984,1,0.37761354590067,1.37299261608059e-14,0.106675703561767,1.08322981141486,0.387630001463128,1.12395948825633,0.41732765724745,0.14687482971743,1.32601343917181,1.04379568744073,59.882420911022,0.0648923444862926,4.41960985970513,0.112671916743538,2.07860579025522e-06,0.0134012083767732,10.5087260359772,0.00262250519838029,0.189665733937792,2.09251736849333,0.369146955385249,0.816708454841973,50.7608052738503,133.789041199698,214.57573875043,0.840239999999991,1.67175778546711
122,GA,500,0,0.115435766184651,3.94418598402665,4.64235150199378,5.19760658095589,0.0674056902674009,0.00657727631074845,0.0159582170284738,0.00657727631074845,0.113343416142512,0.0685203081287785,0.0159582170284738,0.0685203081287785,0.0495362723034005,34.3432649217616,0.0148751301957382,0.0362,0,0.0692,0.01,0.203136,0.0997904,0.023302,0.0063786,0,0.235996,3.8,0.00673868,0.37515,0.0888888888888889,0,0.00628146,1.382,0,0.0661112,0.477386,0.345761666483293,0,1.44,12.1,0.4995,2.19,5.0784,2.49476,0.58255,0.159465,21.0035842293907,5.8999,95,0.168467,9.37875,0.41875,2.91300251256281,0.1570365,34.55,0.154861111111111,1.65278,11.93465,0.663542620071984,1,0.526818657081156,7.2493608402609e-11,0.466313665812949,0.0194471899805016,2.15420392570285,0.95769179544327,0.49197397476715,0.116941370040857,2.82905856359354,0.86975064501522,12.4670234980269,0.0506118819857661,6.19296885345705,0.0913835632131554,6.58246702598952e-11,0.133679491471668,8.47494283828582,4.75966158782342e-21,0.311777439929703,8.61789905600272,0.355751752726122,0.816708454841973,43.8897074822771,77.110244466317,138.305583807737,0.840239999999991,1.67175778546711
122,GA,500,1,0.115435766184651,3.94418598402665,4.64235150199378,5.19760658095589,0.0674056902674009,0.00657727631074845,0.0159582170284738,0.00657727631074845,0.113343416142512,0.0685203081287785,0.0159582170284738,0.0685203081287785,0.0495362723034005,34.3432649217616,0.0216983765530943,0.0362,0,0.0692,0.01,0.203136,0.0997904,0.023302,0.0063786,0,0.235996,3.8,0.00673868,0.37515,0.0888888888888889,0,0.00628146,1.382,0,0.0661112,0.477386,0.345761666483293,0,1.44,12.1,0.4995,2.19,5.0784,2.49476,0.58255,0.159465,21.0035842293907,5.8999,95,0.168467,9.37875,0.41875,2.91300251256281,0.1570365,34.55,0.154861111111111,1.65278,11.93465,0.663542620071984,1,1.30675423337098,8.25858541745726e-08,0.379716216609904,1.39972485971381,0.537354415707005,0.551785371879522,0.437382911035942,0.0897190927538993,10.8926309164505,4.58086460011602,19.5376739892254,0.102793021787213,0.420537422599128,0.112645176114433,0.809494118959263,0.00768956438968787,15.4309180351339,2.10757209920929e-19,0.417112344629449,2.61815731834484,0.459244421647998,0.958933295004431,58.7084923859391,139.058542765651,203.722273313223,0.840239999999991,1.67175778546711
122,GA,500,1,0.115435766184651,3.94418598402665,4.64235150199378,5.19760658095589,0.0674056902674009,0.00657727631074845,0.0159582170284738,0.00657727631074845,0.113343416142512,0.0685203081287785,0.0159582170284738,0.0685203081287785,0.0495362723034005,34.3432649217616,0.0732997268669136,0.0362,0,0.0692,0.01,0.203136,0.0997904,0.023302,0.0063786,0,0.235996,3.8,0.00673868,0.37515,0.0888888888888889,0,0.00628146,1.382,0,0.0661112,0.477386,0.345761666483293,0,1.44,12.1,0.4995,2.19,5.0784,2.49476,0.58255,0.159465,21.0035842293907,5.8999,95,0.168467,9.37875,0.41875,2.91300251256281,0.1570365,34.55,0.154861111111111,1.65278,11.93465,0.663542620071984,1,0.325032270570951,6.85490059604685e-07,0.379716216609904,0.403940347586626,3.46722442424389,0.877964643016063,0.437382911035942,0.0897190927538993,10.8926309164505,4.58086460011602,12.9498568945179,0.03980139721935,0.952210213392367,0.112645176114433,0.0809494118959263,0.00768956438968787,15.4309180351339,3.97448770837526e-15,1.29606487869952,3.36791779424044,0.459244421647998,0.958933295004431,59.503533844633,102.980334542841,166.894042735416,0.840239999999991,1.67175778546711
122,GA,500,1,0.115435766184651,3.94418598402665,4.64235150199378,5.19760658095589,0.0674056902674009,0.00657727631074845,0.0159582170284738,0.00657727631074845,0.113343416142512,0.0685203081287785,0.0159582170284738,0.0685203081287785,0.0495362723034005,34.3432649217616,0.0429520536637073,0.0362,0,0.0692,0.01,0.203136,0.0997904,0.023302,0.0063786,0,0.235996,3.8,0.00673868,0.37515,0.0888888888888889,0,0.00628146,1.382,0,0.0661112,0.477386,0.345761666483293,0,1.44,12.1,0.4995,2.19,5.0784,2.49476,0.58255,0.159465,21.0035842293907,5.8999,95,0.168467,9.37875,0.41875,2.91300251256281,0.1570365,34.55,0.154861111111111,1.65278,11.93465,0.663542620071984,1,0.37761354590067,2.1280851038584e-16,0.23559635794353,1.08322981141486,0.374289070832957,0.114085275216875,0.49197397476715,0.0970189395876139,1.34654790976846,2.41636414895873,14.926305971165,0.0506118819857661,3.88552556880721,0.180535797838163,6.58246702598952e-11,0.00914469905413665,8.47494283828582,7.6750384248843e-07,0.0693630557491479,8.61789905600272,0.371990112714978,0.816708454841973,42.209924521106,113.825765180549,181.581280977277,0.840239999999991,1.67175778546711
122,GA,500,0,0.115435766184651,3.94418598402665,4.64235150199378,5.19760658095589,0.0674056902674009,0.00657727631074845,0.0159582170284738,0.00657727631074845,0.113343416142512,0.0685203081287785,0.0159582170284738,0.0685203081287785,0.0495362723034005,34.3432649217616,6.50312149009641e-05,0.0362,0,0.0692,0.01,0.203136,0.0997904,0.023302,0.0063786,0,0.235996,3.8,0.00673868,0.37515,0.0888888888888889,0,0.00628146,1.382,0,0.0661112,0.477386,0.345761666483293,0,1.44,12.1,0.4995,2.19,5.0784,2.49476,0.58255,0.159465,21.0035842293907,5.8999,95,0.168467,9.37875,0.41875,2.91300251256281,0.1570365,34.55,0.154861111111111,1.65278,11.93465,0.663542620071984,1,0.37761354590067,7.2493608402609e-11,0.33554204560074,0.108322981141486,0.387630001463128,1.12395948825633,0.49197397476715,0.116941370040857,1.32601343917181,0.86975064501522,14.926305971165,0.0506118819857661,3.88552556880721,0.21957546169713,6.58246702598952e-12,0.0286726329341234,8.47494283828582,0.00262250519838029,0.0995151236192236,8.61789905600272,0.355751752726122,0.816708454841973,50.8855246845716,60.6046713413806,125.091529265615,0.840239999999991,1.67175778546711
122,GA,500,0,0.115435766184651,3.94418598402665,4.64235150199378,5.19760658095589,0.0674056902674009,0.00657727631074845,0.0159582170284738,0.00657727631074845,0.113343416142512,0.0685203081287785,0.0159582170284738,0.0685203081287785,0.0495362723034005,34.3432649217616,1.15754208432051e-40,0.0362,0,0.0692,0.01,0.203136,0.0997904,0.023302,0.0063786,0,0.235996,3.8,0.00673868,0.37515,0.0888888888888889,0,0.00628146,1.382,0,0.0661112,0.477386,0.345761666483293,0,1.44,12.1,0.4995,2.19,5.0784,2.49476,0.58255,0.159465,21.0035842293907,5.8999,95,0.168467,9.37875,0.41875,2.91300251256281,0.1570365,34.55,0.154861111111111,1.65278,11.93465,0.663542620071984,1,0.37761354590067,1.37299261608059e-14,0.106675703561767,1.08322981141486,0.387630001463128,1.12395948825633,0.41732765724745,0.14687482971743,1.32601343917181,1.04379568744073,5.98824209110219,0.0648923444862926,4.41960985970513,0.112671916743538,2.07860579025522e-07,0.0134012083767732,10.5087260359772,0.0262250519838029,0.189665733937792,2.09251736849333,0.369146955385249,0.816708454841973,50.4649312315575,103.655766346497,177.383865071362,0.840239999999991,1.67175778546711
122,GA,500,1,0.115435766184651,3.94418598402665,4.64235150199378,5.19760658095589,0.0674056902674009,0.00657727631074845,0.0159582170284738,0.00657727631074845,0.113343416142512,0.0685203081287785,0.0159582170284738,0.0685203081287785,0.0495362723034005,34.3432649217616,0.0555328854784336,0.0362,0,0.0692,0.01,0.203136,0.0997904,0.023302,0.0063786,0,0.235996,3.8,0.00673868,0.37515,0.0888888888888889,0,0.00628146,1.382,0,0.0661112,0.477386,0.345761666483293,0,1.44,12.1,0.4995,2.19,5.0784,2.49476,0.58255,0.159465,21.0035842293907,5.8999,95,0.168467,9.37875,0.41875,2.91300251256281,0.1570365,34.55,0.154861111111111,1.65278,11.93465,0.663542620071984,1,0.0826508229423913,1.64965493151787,0.165280732967519,0.131657833636732,0.346722442424389,0.650252352164991,0.369990044881856,0.0897190927538993,10.8926309164505,4.58086460011602,50.0106191832684,0.03980139721935,0.548853786432847,0.187322510249423,2.95557144860538e-08,0.00768956438968787,3.29361233264344,2.41353602099051e-18,0.465313113222956,1.02973372027796,0.383782942356976,0.958933295004431,25.7460402068482,177.90937320711,211.274454053703,0.840239999999991,1.67175778546711
122,GA,500,0,0.115435766184651,3.94418598402665,4.64235150199378,5.19760658095589,0.0674056902674009,0.00657727631074845,0.0159582170284738,0.00657727631074845,0.113343416142512,0.0685203081287785,0.0159582170284738,0.0685203081287785,0.0495362723034005,34.3432649217616,3.33907359580378e-23,0.0362,0,0.0692,0.01,0.203136,0.0997904,0.023302,0.0063786,0,0.235996,3.8,0.00673868,0.37515,0.0888888888888889,0,0.00628146,1.382,0,0.0661112,0.477386,0.345761666483293,0,1.44,12.1,0.4995,2.19,5.0784,2.49476,0.58255,0.159465,21.0035842293907,5.8999,95,0.168467,9.37875,0.41875,2.91300251256281,0.1570365,34.55,0.154861111111111,1.65278,11.93465,0.663542620071984,1,0.451534635024411,4.47351539916501e-10,0.102171066598616,0.0464256661397385,1.79953652234916,0.978296523599357,0.228774577382109,0.0182177042265205,5.79114631779105,1.4682924698538,8.66618687481681,0.0168368221923206,0.441490383078545,0.100114832399319,0.000906916338668913,0.134990000124737,7.07573438608025,0.00049968986982028,0.468223357555741,1.3464119620812,0.425376434642763,0.246699470011578,61.6977305827375,18.4123851396457,136.332609769067,0.840239999999991,1.67175778546711
122,GA,500,1,0.115435766184651,3.94418598402665,4.64235150199378,5.19760658095589,0.0674056902674009,0.00657727631074845,0.0159582170284738,0.00657727631074845,0.113343416142512,0.0685203081287785,0.0159582170284738,0.0685203081287785,0.0495362723034005,34.3432649217616,0.00992126835708072,0.0362,0,0.0692,0.01,0.203136,0.0997904,0.023302,0.0063786,0,0.235996,3.8,0.00673868,0.37515,0.0888888888888889,0,0.00628146,1.382,0,0.0661112,0.477386,0.345761666483293,0,1.44,12.1,0.4995,2.19,5.0784,2.49476,0.58255,0.159465,21.0035842293907,5.8999,95,0.168467,9.37875,0.41875,2.91300251256281,0.1570365,34.55,0.154861111111111,1.65278,11.93465,0.663542620071984,1,0.797833761274659,8.63678339701752e-12,0.197790223679982,0.0303102642237714,0.775755855342374,0.370531043808187,0.149595014507914,0.0240583040679519,5.38095316724128,0.713523926670958,13.0251149506815,0.0543127778898188,4.41960985970513,0.112671916743538,4.46165920418132e-18,0.0134012083767732,12.9719280186057,4.31592086903494e-08,0.183169860838341,2.41174556793788,0.489187823695342,0.816708454841973,60.73981325398,111.990376197824,197.863869621798,0.840239999999991,1.67175778546711
122,GA,500,0,0.115435766184651,3.94418598402665,4.64235150199378,5.19760658095589,0.0674056902674009,0.00657727631074845,0.0159582170284738,0.00657727631074845,0.113343416142512,0.0685203081287785,0.0159582170284738,0.0685203081287785,0.0495362723034005,34.3432649217616,0,0.0362,0,0.0692,0.01,0.203136,0.0997904,0.023302,0.0063786,0,0.235996,3.8,0.00673868,0.37515,0.0888888888888889,0,0.00628146,1.382,0,0.0661112,0.477386,0.345761666483293,0,1.44,12.1,0.4995,2.19,5.0784,2.49476,0.58255,0.159465,21.0035842293907,5.8999,95,0.168467,9.37875,0.41875,2.91300251256281,0.1570365,34.55,0.154861111111111,1.65278,11.93465,0.663542620071984,1,0.037761354590067,7.2493608402609e-10,0.33554204560074,1.08322981141486,0.387630001463128,1.12395948825633,0.49197397476715,0.116941370040857,1.32601343917181,0.86975064501522,14.926305971165,0.0506118819857661,3.88552556880721,0.21957546169713,6.58246702598952e-11,0.0286726329341234,8.47494283828582,0.0262250519838029,0.995151236192236,8.61789905600272,0.355751752726122,0.816708454841973,51.0174337387394,102.866483594842,176.969948353941,0.840239999999991,1.67175778546711
122,GA,500,0,0.115435766184651,3.94418598402665,4.64235150199378,5.19760658095589,0.0674056902674009,0.00657727631074845,0.0159582170284738,0.00657727631074845,0.113343416142512,0.0685203081287785,0.0159582170284738,0.0685203081287785,0.0495362723034005,34.3432649217616,0.00897781358317517,0.0362,0,0.0692,0.01,0.203136,0.0997904,0.023302,0.0063786,0,0.235996,3.8,0.00673868,0.37515,0.0888888888888889,0,0.00628146,1.382,0,0.0661112,0.477386,0.345761666483293,0,1.44,12.1,0.4995,2.19,5.0784,2.49476,0.58255,0.159465,21.0035842293907,5.8999,95,0.168467,9.37875,0.41875,2.91300251256281,0.1570365,34.55,0.154861111111111,1.65278,11.93465,0.663542620071984,1,0.511071195324601,7.2493608402609e-11,0.33554204560074,1.08322981141486,0.387630001463128,1.12395948825633,0.49197397476715,0.0576827980048167,0.833300095514468,0.86975064501522,14.926305971165,0.0192763124463403,3.88552556880721,0.21957546169713,6.58246702598952e-11,0.0134012083767732,8.47494283828582,0.0262250519838029,0.995151236192236,8.01624434987282,0.355751752726122,0.816708454841973,52.6599653479258,158.781678555263,247.076562377016,0.840239999999991,1.67175778546711
122,GA,500,1,0.115435766184651,3.94418598402665,4.64235150199378,5.19760658095589,0.0674056902674009,0.00657727631074845,0.0159582170284738,0.00657727631074845,0.113343416142512,0.0685203081287785,0.0159582170284738,0.0685203081287785,0.0495362723034005,34.3432649217616,0.0524074488080594,0.0362,0,0.0692,0.01,0.203136,0.0997904,0.023302,0.0063786,0,0.235996,3.8,0.00673868,0.37515,0.0888888888888889,0,0.00628146,1.382,0,0.0661112,0.477386,0.345761666483293,0,1.44,12.1,0.4995,2.19,5.0784,2.49476,0.58255,0.159465,21.0035842293907,5.8999,95,0.168467,9.37875,0.41875,2.91300251256281,0.1570365,34.55,0.154861111111111,1.65278,11.93465,0.663542620071984,1,0.363479111087168,1.21817414375463e-12,0.379716216609904,0.403940347586626,0.392383297906186,0.634153152411786,0.206610743288249,0.0498617830554837,10.8926309164505,2.65936778838133,10.5575153830508,0.167603336271827,0.952210213392367,0.100920665904296,0.0125440359807552,0.00768956438968787,7.81229965863015,7.77325261877652e-10,0.263055755176134,7.88235131500522,0.459244421647998,0.668745151801258,36.5744477737122,66.6519368450977,136.24161794395,0.840239999999991,1.67175778546711
122,GA,500,1,0.115435766184651,3.94418598402665,4.64235150199378,5.19760658095589,0.0674056902674009,0.00657727631074845,0.0159582170284738,0.00657727631074845,0.113343416142512,0.0685203081287785,0.0159582170284738,0.0685203081287785,0.0495362723034005,34.3432649217616,0.00208328232903785,0.0362,0,0.0692,0.01,0.203136,0.0997904,0.023302,0.0063786,0,0.235996,3.8,0.00673868,0.37515,0.0888888888888889,0,0.00628146,1.382,0,0.0661112,0.477386,0.345761666483293,0,1.44,12.1,0.4995,2.19,5.0784,2.49476,0.58255,0.159465,21.0035842293907,5.8999,95,0.168467,9.37875,0.41875,2.91300251256281,0.1570365,34.55,0.154861111111111,1.65278,11.93465,0.663542620071984,1,0.144669546263794,7.27063522632166e-20,0.106675703561767,0.0289421076891565,0.20489224866786,0.408941158666186,0.206610743288249,0.0811289049218722,0.132601343917181,2.65936778838133,8.92610684667907,0.0167603336271827,4.41960985970513,0.126858925093822,7.10870042973419e-11,0.0072729920888324,16.8612041775535,2.13209485737777e-16,0.0672498050960735,6.98889652458595,0.620534281547948,0.816708454841973,57.1235110239241,89.6659593689246,166.912945475505,0.840239999999991,1.67175778546711
122,GA,500,0,0.115435766184651,3.94418598402665,4.64235150199378,5.19760658095589,0.0674056902674009,0.00657727631074845,0.0159582170284738,0.00657727631074845,0.113343416142512,0.0685203081287785,0.0159582170284738,0.0685203081287785,0.0495362723034005,34.3432649217616,0,0.0362,0,0.0692,0.01,0.203136,0.0997904,0.023302,0.0063786,0,0.235996,3.8,0.00673868,0.37515,0.0888888888888889,0,0.00628146,1.382,0,0.0661112,0.477386,0.345761666483293,0,1.44,12.1,0.4995,2.19,5.0784,2.49476,0.58255,0.159465,21.0035842293907,5.8999,95,0.168467,9.37875,0.41875,2.91300251256281,0.1570365,34.55,0.154861111111111,1.65278,11.93465,0.663542620071984,1,0.37761354590067,7.2493608402609e-11,0.33554204560074,1.08322981141486,0.387630001463128,1.12395948825633,0.49197397476715,0.116941370040857,1.32601343917181,0.86975064501522,14.926305971165,0.0506118819857661,3.88552556880721,0.21957546169713,6.58246702598952e-11,0.0286726329341234,8.47494283828582,0.0262250519838029,0.995151236192236,8.61789905600272,0.355751752726122,0.816708454841973,51.679241256024,126.187828476286,206.187043554584,0.840239999999991,1.67175778546711
122,GA,500,0,0.115435766184651,3.94418598402665,4.64235150199378,5.19760658095589,0.0674056902674009,0.00657727631074845,0.0159582170284738,0.00657727631074845,0.113343416142512,0.0685203081287785,0.0159582170284738,0.0685203081287785,0.0495362723034005,34.3432649217616,6.42857807867078e-31,0.0362,0,0.0692,0.01,0.203136,0.0997904,0.023302,0.0063786,0,0.235996,3.8,0.00673868,0.37515,0.0888888888888889,0,0.00628146,1.382,0,0.0661112,0.477386,0.345761666483293,0,1.44,12.1,0.4995,2.19,5.0784,2.49476,0.58255,0.159465,21.0035842293907,5.8999,95,0.168467,9.37875,0.41875,2.91300251256281,0.1570365,34.55,0.154861111111111,1.65278,11.93465,0.663542620071984,1,0.37761354590067,7.2493608402609e-10,0.33554204560074,1.08322981141486,0.387630001463128,1.12395948825633,0.49197397476715,0.116941370040857,1.32601343917181,0.86975064501522,14.926305971165,0.0506118819857661,3.88552556880721,0.21957546169713,6.58246702598952e-11,0.0286726329341234,8.47494283828582,0.0262250519838029,0.995151236192236,8.61789905600272,0.355751752726122,0.816708454841973,51.6792412588392,126.187828507679,206.187043595837,0.840239999999991,1.67175778546711
122,GA,500,0,0.115435766184651,3.94418598402665,4.64235150199378,5.19760658095589,0.0674056902674009,0.00657727631074845,0.0159582170284738,0.00657727631074845,0.113343416142512,0.0685203081287785,0.0159582170284738,0.0685203081287785,0.0495362723034005,34.3432649217616,0.00520485095941839,0.0362,0,0.0692,0.01,0.203136,0.0997904,0.023302,0.0063786,0,0.235996,3.8,0.00673868,0.37515,0.0888888888888889,0,0.00628146,1.382,0,0.0661112,0.477386,0.345761666483293,0,1.44,12.1,0.4995,2.19,5.0784,2.49476,0.58255,0.159465,21.0035842293907,5.8999,95,0.168467,9.37875,0.41875,2.91300251256281,0.1570365,34.55,0.154861111111111,1.65278,11.93465,0.663542620071984,1,0.907463940858926,0.00224231198484207,0.178078481620148,0.0298180299660377,0.387630001463128,0.241949046486864,0.49197397476715,0.116941370040857,4.08812989334268,1.59851167522107,56.8219023543023,0.0506118819857661,5.5876371283912,0.21957546169713,6.58246702598952e-11,0.0286726329341234,11.0207405764091,0.0262250519838029,0.468223357555741,1.17188447045088,0.430145730439257,0.816708454841973,48.8701471104326,75.0166900059631,140.722618529353,0.840239999999991,1.67175778546711
122,GA,500,1,0.115435766184651,3.94418598402665,4.64235150199378,5.19760658095589,0.0674056902674009,0.00657727631074845,0.0159582170284738,0.00657727631074845,0.113343416142512,0.0685203081287785,0.0159582170284738,0.0685203081287785,0.0495362723034005,34.3432649217616,0.0372099771737535,0.0362,0,0.0692,0.01,0.203136,0.0997904,0.023302,0.0063786,0,0.235996,3.8,0.00673868,0.37515,0.0888888888888889,0,0.00628146,1.382,0,0.0661112,0.477386,0.345761666483293,0,1.44,12.1,0.4995,2.19,5.0784,2.49476,0.58255,0.159465,21.0035842293907,5.8999,95,0.168467,9.37875,0.41875,2.91300251256281,0.1570365,34.55,0.154861111111111,1.65278,11.93465,0.663542620071984,1,1.02498647206923,6.85490059604685e-09,0.105703433808545,0.403940347586626,0.625214460662936,1.4598632802406,0.437382911035942,0.0897190927538993,6.31551340487285,0.847077203642985,15.8254897119093,0.0167603336271827,1.91973779390975,0.110816348482218,0.0809494118959263,0.00768956438968787,1.74555154661108,0.00455641351503753,1.29606487869952,3.2580600864231,0.459244421647998,0.958933295004431,39.3446845879,277.981340906716,329.230688499602,0.840239999999991,1.67175778546711
122,GA,500,1,0.115435766184651,3.94418598402665,4.64235150199378,5.19760658095589,0.0674056902674009,0.00657727631074845,0.0159582170284738,0.00657727631074845,0.113343416142512,0.0685203081287785,0.0159582170284738,0.0685203081287785,0.0495362723034005,34.3432649217616,0.0308179166953488,0.0362,0,0.0692,0.01,0.203136,0.0997904,0.023302,0.0063786,0,0.235996,3.8,0.00673868,0.37515,0.0888888888888889,0,0.00628146,1.382,0,0.0661112,0.477386,0.345761666483293,0,1.44,12.1,0.4995,2.19,5.0784,2.49476,0.58255,0.159465,21.0035842293907,5.8999,95,0.168467,9.37875,0.41875,2.91300251256281,0.1570365,34.55,0.154861111111111,1.65278,11.93465,0.663542620071984,1,1.02498647206923,6.85490059604685e-08,0.33554204560074,0.403940347586626,0.346722442424389,1.12395948825633,0.49197397476715,0.0897190927538993,6.31551340487285,0.86975064501522,14.926305971165,0.0506118819857661,1.91973779390975,0.110816348482218,6.58246702598952e-12,0.0286726329341234,8.47494283828582,3.97448770837526e-17,0.0995151236192236,9.2396112904261,0.355751752726122,0.816708454841973,77.2395758481775,112.537596099969,215.033663117354,0.840239999999991,1.67175778546711
122,GA,500,1,0.115435766184651,3.94418598402665,4.64235150199378,5.19760658095589,0.0674056902674009,0.00657727631074845,0.0159582170284738,0.00657727631074845,0.113343416142512,0.0685203081287785,0.0159582170284738,0.0685203081287785,0.0495362723034005,34.3432649217616,0.0199251770185756,0.0362,0,0.0692,0.01,0.203136,0.0997904,0.023302,0.0063786,0,0.235996,3.8,0.00673868,0.37515,0.0888888888888889,0,0.00628146,1.382,0,0.0661112,0.477386,0.345761666483293,0,1.44,12.1,0.4995,2.19,5.0784,2.49476,0.58255,0.159465,21.0035842293907,5.8999,95,0.168467,9.37875,0.41875,2.91300251256281,0.1570365,34.55,0.154861111111111,1.65278,11.93465,0.663542620071984,1,0.0974935905963451,1.01575353823747e-11,0.390952463826241,1.08322981141486,0.387630001463128,1.77255550098967,0.384220592739447,0.0396167975656384,1.32601343917181,0.768229940127808,24.1320808403229,0.0256621522506735,0.948584406495536,0.143889458145054,4.32235117954972e-08,0.0181845111044066,5.06121960051148,1.57719450320267e-18,0.236876015758818,2.73694831976921,0.516783681868651,0.816708454841973,68.2179555537282,117.757103423115,212.402949262285,0.840239999999991,1.67175778546711
122,GA,500,0,0.115435766184651,3.94418598402665,4.64235150199378,5.19760658095589,0.0674056902674009,0.00657727631074845,0.0159582170284738,0.00657727631074845,0.113343416142512,0.0685203081287785,0.0159582170284738,0.0685203081287785,0.0495362723034005,34.3432649217616,2.77561209911338e-34,0.0362,0,0.0692,0.01,0.203136,0.0997904,0.023302,0.0063786,0,0.235996,3.8,0.00673868,0.37515,0.0888888888888889,0,0.00628146,1.382,0,0.0661112,0.477386,0.345761666483293,0,1.44,12.1,0.4995,2.19,5.0784,2.49476,0.58255,0.159465,21.0035842293907,5.8999,95,0.168467,9.37875,0.41875,2.91300251256281,0.1570365,34.55,0.154861111111111,1.65278,11.93465,0.663542620071984,1,0.0853435545922276,2.19790077392143e-07,0.232758233128798,0.0942329745184752,0.507904429351846,0.162277077659633,0.119032719623187,0.010909981276818,1.73926303284627,2.34847373510263,70.6775983787972,0.00855392770788114,0.796293947417947,0.156392545948385,3.90892344875103e-12,0.0159438798001774,3.38514462012216,3.88310360792274e-05,0.133284803964768,3.70088747963963,0.455254030659654,0.219535423571006,31.6806139252285,23.9492713802813,140.771306400811,0.840239999999991,1.67175778546711
122,GA,500,0,0.115435766184651,3.94418598402665,4.64235150199378,5.19760658095589,0.0674056902674009,0.00657727631074845,0.0159582170284738,0.00657727631074845,0.113343416142512,0.0685203081287785,0.0159582170284738,0.0685203081287785,0.0495362723034005,34.3432649217616,1.18547463919611e-38,0.0362,0,0.0692,0.01,0.203136,0.0997904,0.023302,0.0063786,0,0.235996,3.8,0.00673868,0.37515,0.0888888888888889,0,0.00628146,1.382,0,0.0661112,0.477386,0.345761666483293,0,1.44,12.1,0.4995,2.19,5.0784,2.49476,0.58255,0.159465,21.0035842293907,5.8999,95,0.168467,9.37875,0.41875,2.91300251256281,0.1570365,34.55,0.154861111111111,1.65278,11.93465,0.663542620071984,1,0.287863162330782,4.24768382833096e-15,0.239919977357982,0.84745896001386,0.387630001463128,1.59285190205175,0.49197397476715,0.0576827980048167,0.833300095514468,1.44873097982681,14.926305971165,0.0192763124463403,4.41960985970513,0.21957546169713,3.81234982264063e-14,0.0175322492207075,11.7048172577826,2.56679370224842e-21,0.0844298921068291,6.57989961638323,0.484755499573509,0.816708454841973,52.0522633227587,126.29838856999,206.695438400979,0.840239999999991,1.67175778546711
122,GA,500,0,0.115435766184651,3.94418598402665,4.64235150199378,5.19760658095589,0.0674056902674009,0.00657727631074845,0.0159582170284738,0.00657727631074845,0.113343416142512,0.0685203081287785,0.0159582170284738,0.0685203081287785,0.0495362723034005,34.3432649217616,0.0137795061187222,0.0362,0,0.0692,0.01,0.203136,0.0997904,0.023302,0.0063786,0,0.235996,3.8,0.00673868,0.37515,0.0888888888888889,0,0.00628146,1.382,0,0.0661112,0.477386,0.345761666483293,0,1.44,12.1,0.4995,2.19,5.0784,2.49476,0.58255,0.159465,21.0035842293907,5.8999,95,0.168467,9.37875,0.41875,2.91300251256281,0.1570365,34.55,0.154861111111111,1.65278,11.93465,0.663542620071984,1,0.037761354590067,7.2493608402609e-11,0.33554204560074,1.08322981141486,0.387630001463128,1.12395948825633,0.49197397476715,0.116941370040857,0.132601343917181,0.86975064501522,14.926305971165,0.0506118819857661,3.88552556880721,0.21957546169713,6.58246702598952e-11,0.0286726329341234,8.47494283828582,0.0262250519838029,0.995151236192236,8.61789905600272,0.355751752726122,0.816708454841973,42.4277390402818,100.720629372577,165.752811500889,0.840239999999991,1.67175778546711
122,GA,500,0,0.115435766184651,3.94418598402665,4.64235150199378,5.19760658095589,0.0674056902674009,0.00657727631074845,0.0159582170284738,0.00657727631074845,0.113343416142512,0.0685203081287785,0.0159582170284738,0.0685203081287785,0.0495362723034005,34.3432649217616,0.0011044577737483,0.0362,0,0.0692,0.01,0.203136,0.0997904,0.023302,0.0063786,0,0.235996,3.8,0.00673868,0.37515,0.0888888888888889,0,0.00628146,1.382,0,0.0661112,0.477386,0.345761666483293,0,1.44,12.1,0.4995,2.19,5.0784,2.49476,0.58255,0.159465,21.0035842293907,5.8999,95,0.168467,9.37875,0.41875,2.91300251256281,0.1570365,34.55,0.154861111111111,1.65278,11.93465,0.663542620071984,1,0.37761354590067,1.37299261608059e-14,0.106675703561767,1.08322981141486,0.387630001463128,1.12395948825633,0.41732765724745,0.14687482971743,0.132601343917181,1.04379568744073,5.98824209110219,0.0648923444862926,4.41960985970513,0.112671916743538,2.07860579025522e-07,0.0134012083767732,10.5087260359772,0.0262250519838029,0.189665733937792,2.09251736849333,0.369146955385249,0.816708454841973,41.979349832167,96.5082439078091,160.146663193068,0.840239999999991,1.67175778546711
122,GA,500,1,0.115435766184651,3.94418598402665,4.64235150199378,5.19760658095589,0.0674056902674009,0.00657727631074845,0.0159582170284738,0.00657727631074845,0.113343416142512,0.0685203081287785,0.0159582170284738,0.0685203081287785,0.0495362723034005,34.3432649217616,0.00811409801369324,0.0362,0,0.0692,0.01,0.203136,0.0997904,0.023302,0.0063786,0,0.235996,3.8,0.00673868,0.37515,0.0888888888888889,0,0.00628146,1.382,0,0.0661112,0.477386,0.345761666483293,0,1.44,12.1,0.4995,2.19,5.0784,2.49476,0.58255,0.159465,21.0035842293907,5.8999,95,0.168467,9.37875,0.41875,2.91300251256281,0.1570365,34.55,0.154861111111111,1.65278,11.93465,0.663542620071984,1,0.152065616615754,2.46035158525766e-16,0.239919977357982,1.95004077256936,0.387630001463128,1.12395948825633,0.509507990776523,0.0576827980048167,5.90790648835231,5.2512445221487,74.9489898253899,0.12505612227803,1.15570663578898,0.368925799606527,4.65371225366025e-07,0.0175322492207075,10.5087260359772,0.0262250519838029,0.995151236192236,0.848455462585815,0.574096774166235,0.816708454841973,43.1862503166328,74.8912328286267,134.885108562343,0.840239999999991,1.67175778546711
122,GA,500,0,0.115435766184651,3.94418598402665,4.64235150199378,5.19760658095589,0.0674056902674009,0.00657727631074845,0.0159582170284738,0.00657727631074845,0.113343416142512,0.0685203081287785,0.0159582170284738,0.0685203081287785,0.0495362723034005,34.3432649217616,0.0176183634259191,0.0362,0,0.0692,0.01,0.203136,0.0997904,0.023302,0.0063786,0,0.235996,3.8,0.00673868,0.37515,0.0888888888888889,0,0.00628146,1.382,0,0.0661112,0.477386,0.345761666483293,0,1.44,12.1,0.4995,2.19,5.0784,2.49476,0.58255,0.159465,21.0035842293907,5.8999,95,0.168467,9.37875,0.41875,2.91300251256281,0.1570365,34.55,0.154861111111111,1.65278,11.93465,0.663542620071984,1,0.846322127465164,4.4161967744314e-16,0.302916684563202,0.403940347586626,1.43842953262108,0.877964643016063,0.447718646133985,0.00897190927538993,7.56898553524094,4.58086460011602,41.3221113232482,0.03980139721935,2.65320590739658,0.103965732419224,9.24651567738417e-19,0.03146311471895,15.4309180351339,2.28734501194676e-21,0.886649381973208,11.8685795509476,0.42448203057904,0.958933295004431,52.3763095851667,56.4867122425073,111.282088054613,0.840239999999991,1.67175778546711
122,GA,500,0,0.115435766184651,3.94418598402665,4.64235150199378,5.19760658095589,0.0674056902674009,0.00657727631074845,0.0159582170284738,0.00657727631074845,0.113343416142512,0.0685203081287785,0.0159582170284738,0.0685203081287785,0.0495362723034005,34.3432649217616,1.04766720126254e-28,0.0362,0,0.0692,0.01,0.203136,0.0997904,0.023302,0.0063786,0,0.235996,3.8,0.00673868,0.37515,0.0888888888888889,0,0.00628146,1.382,0,0.0661112,0.477386,0.345761666483293,0,1.44,12.1,0.4995,2.19,5.0784,2.49476,0.58255,0.159465,21.0035842293907,5.8999,95,0.168467,9.37875,0.41875,2.91300251256281,0.1570365,34.55,0.154861111111111,1.65278,11.93465,0.663542620071984,1,0.582683501613331,4.24768382833096e-15,0.239919977357982,0.84745896001386,0.387630001463128,0.558146291259839,0.49197397476715,0.0576827980048167,1.32601343917181,1.44873097982681,6.85502581168269,0.0322242209876462,4.41960985970513,0.21957546169713,6.58246702598952e-12,0.0549257323456414,11.7048172577826,1.38695515175163e-19,0.407822343390313,1.96910767623804,0.42448203057904,0.816708454841973,51.9914353344913,107.183133161162,183.229372845375,0.840239999999991,1.67175778546711
122,GA,500,0,0.115435766184651,3.94418598402665,4.64235150199378,5.19760658095589,0.0674056902674009,0.00657727631074845,0.0159582170284738,0.00657727631074845,0.113343416142512,0.0685203081287785,0.0159582170284738,0.0685203081287785,0.0495362723034005,34.3432649217616,0.0111469920292304,0.0362,0,0.0692,0.01,0.203136,0.0997904,0.023302,0.0063786,0,0.235996,3.8,0.00673868,0.37515,0.0888888888888889,0,0.00628146,1.382,0,0.0661112,0.477386,0.345761666483293,0,1.44,12.1,0.4995,2.19,5.0784,2.49476,0.58255,0.159465,21.0035842293907,5.8999,95,0.168467,9.37875,0.41875,2.91300251256281,0.1570365,34.55,0.154861111111111,1.65278,11.93465,0.663542620071984,1,0.037761354590067,0.00162105873329484,0.368639108647397,0.0303102642237714,1.60582926810147,1.12395948825633,0.149595014507914,0.14687482971743,5.38095316724128,1.04379568744073,13.0251149506815,0.0648923444862926,4.41960985970513,0.112671916743538,2.07860579025522e-07,0.0134012083767732,12.9719280186057,4.31592086903494e-08,0.183169860838341,2.09251736849333,0.489187823695342,0.816708454841973,58.9528753265267,108.088902826514,191.299861800945,0.840239999999991,1.67175778546711
122,GA,500,0,0.115435766184651,3.94418598402665,4.64235150199378,5.19760658095589,0.0674056902674009,0.00657727631074845,0.0159582170284738,0.00657727631074845,0.113343416142512,0.0685203081287785,0.0159582170284738,0.0685203081287785,0.0495362723034005,34.3432649217616,0.000347883188029151,0.0362,0,0.0692,0.01,0.203136,0.0997904,0.023302,0.0063786,0,0.235996,3.8,0.00673868,0.37515,0.0888888888888889,0,0.00628146,1.382,0,0.0661112,0.477386,0.345761666483293,0,1.44,12.1,0.4995,2.19,5.0784,2.49476,0.58255,0.159465,21.0035842293907,5.8999,95,0.168467,9.37875,0.41875,2.91300251256281,0.1570365,34.55,0.154861111111111,1.65278,11.93465,0.663542620071984,1,0.37761354590067,0.00224231198484207,0.178078481620148,1.08322981141486,0.387630001463128,1.12395948825633,0.49197397476715,0.116941370040857,3.27346768517959,1.04379568744073,5.98824209110219,0.0506118819857661,5.5876371283912,0.21957546169713,2.07860579025522e-07,0.0286726329341234,11.0207405764091,0.0262250519838029,0.468223357555741,0.861789905600272,0.355751752726122,0.816708454841973,54.9121665786556,111.63801663152,191.604784329406,0.840239999999991,1.67175778546711
122,GA,500,1,0.115435766184651,3.94418598402665,4.64235150199378,5.19760658095589,0.0674056902674009,0.00657727631074845,0.0159582170284738,0.00657727631074845,0.113343416142512,0.0685203081287785,0.0159582170284738,0.0685203081287785,0.0495362723034005,34.3432649217616,0.0239333917359147,0.0362,0,0.0692,0.01,0.203136,0.0997904,0.023302,0.0063786,0,0.235996,3.8,0.00673868,0.37515,0.0888888888888889,0,0.00628146,1.382,0,0.0661112,0.477386,0.345761666483293,0,1.44,12.1,0.4995,2.19,5.0784,2.49476,0.58255,0.159465,21.0035842293907,5.8999,95,0.168467,9.37875,0.41875,2.91300251256281,0.1570365,34.55,0.154861111111111,1.65278,11.93465,0.663542620071984,1,0.115541569884737,3.61600277846288e-07,0.203896073486881,0.0157587581807599,0.746696478864772,0.428078780926549,0.0894073397692752,0.0419109649742696,4.37977534906498,0.73696662959153,4.48230758670022,0.0261770756325833,3.17679634748729,0.12647110200761,0.0126020088799756,0.0306966742281059,6.71436540649594,5.70149887400548e-19,0.989112365061969,6.07119894852393,0.397212721359864,0.758511957981166,40.7937778188676,101.986556679441,175.249873871573,0.840239999999991,1.67175778546711
122,GA,500,0,0.115435766184651,3.94418598402665,4.64235150199378,5.19760658095589,0.0674056902674009,0.00657727631074845,0.0159582170284738,0.00657727631074845,0.113343416142512,0.0685203081287785,0.0159582170284738,0.0685203081287785,0.0495362723034005,34.3432649217616,2.80984654699689e-05,0.0362,0,0.0692,0.01,0.203136,0.0997904,0.023302,0.0063786,0,0.235996,3.8,0.00673868,0.37515,0.0888888888888889,0,0.00628146,1.382,0,0.0661112,0.477386,0.345761666483293,0,1.44,12.1,0.4995,2.19,5.0784,2.49476,0.58255,0.159465,21.0035842293907,5.8999,95,0.168467,9.37875,0.41875,2.91300251256281,0.1570365,34.55,0.154861111111111,1.65278,11.93465,0.663542620071984,1,0.037761354590067,1.37299261608059e-14,0.106675703561767,1.08322981141486,0.387630001463128,0.112395948825633,0.49197397476715,0.0811289049218722,1.32601343917181,0.512485638195356,14.926305971165,0.0648923444862926,4.41960985970513,0.21957546169713,6.58246702598952e-12,0.0134012083767732,10.5087260359772,0.0262250519838029,0.995151236192236,2.09251736849333,0.574096774166235,0.816708454841973,52.490499863108,61.6351903893628,127.958299937847,0.840239999999991,1.67175778546711
122,GA,500,0,0.115435766184651,3.94418598402665,4.64235150199378,5.19760658095589,0.0674056902674009,0.00657727631074845,0.0159582170284738,0.00657727631074845,0.113343416142512,0.0685203081287785,0.0159582170284738,0.0685203081287785,0.0495362723034005,34.3432649217616,0.00120975403480876,0.0362,0,0.0692,0.01,0.203136,0.0997904,0.023302,0.0063786,0,0.235996,3.8,0.00673868,0.37515,0.0888888888888889,0,0.00628146,1.382,0,0.0661112,0.477386,0.345761666483293,0,1.44,12.1,0.4995,2.19,5.0784,2.49476,0.58255,0.159465,21.0035842293907,5.8999,95,0.168467,9.37875,0.41875,2.91300251256281,0.1570365,34.55,0.154861111111111,1.65278,11.93465,0.663542620071984,1,0.140596566269778,0.937050420823942,0.101323864576885,1.08322981141486,0.836225272744853,0.411002582749377,0.259469060433027,0.0424631511022827,0.145401304807025,0.512485638195356,35.2601106432351,0.0510413062487021,4.41960985970513,0.24105353424909,6.58246702598952e-10,0.0134012083767732,10.5087260359772,1.46251417587604e-12,0.695576159192432,4.23373305866733,0.574096774166235,0.816708454841973,39.4433557180517,139.881269587696,210.717778994056,0.840239999999991,1.67175778546711
122,GA,500,1,0.115435766184651,3.94418598402665,4.64235150199378,5.19760658095589,0.0674056902674009,0.00657727631074845,0.0159582170284738,0.00657727631074845,0.113343416142512,0.0685203081287785,0.0159582170284738,0.0685203081287785,0.0495362723034005,34.3432649217616,0.0407528862650376,0.0362,0,0.0692,0.01,0.203136,0.0997904,0.023302,0.0063786,0,0.235996,3.8,0.00673868,0.37515,0.0888888888888889,0,0.00628146,1.382,0,0.0661112,0.477386,0.345761666483293,0,1.44,12.1,0.4995,2.19,5.0784,2.49476,0.58255,0.159465,21.0035842293907,5.8999,95,0.168467,9.37875,0.41875,2.91300251256281,0.1570365,34.55,0.154861111111111,1.65278,11.93465,0.663542620071984,1,0.183581362087613,7.00982240870318e-17,0.102171066598616,0.013204287405372,0.546210626633476,0.882600469421692,0.0765947091596555,0.0897190927538993,3.27346768517959,1.10872920168068,30.527635782654,0.03980139721935,1.422805192799,0.100114832399319,0.000906916338668913,0.020103903016912,7.07573438608025,4.26447026006673e-19,0.468223357555741,2.05220939776606,0.425376434642763,0.958933295004431,47.5238781553082,168.552263876664,223.294460691902,0.840239999999991,1.67175778546711
122,GA,500,1,0.115435766184651,3.94418598402665,4.64235150199378,5.19760658095589,0.0674056902674009,0.00657727631074845,0.0159582170284738,0.00657727631074845,0.113343416142512,0.0685203081287785,0.0159582170284738,0.0685203081287785,0.0495362723034005,34.3432649217616,0.00573389967437354,0.0362,0,0.0692,0.01,0.203136,0.0997904,0.023302,0.0063786,0,0.235996,3.8,0.00673868,0.37515,0.0888888888888889,0,0.00628146,1.382,0,0.0661112,0.477386,0.345761666483293,0,1.44,12.1,0.4995,2.19,5.0784,2.49476,0.58255,0.159465,21.0035842293907,5.8999,95,0.168467,9.37875,0.41875,2.91300251256281,0.1570365,34.55,0.154861111111111,1.65278,11.93465,0.663542620071984,1,0.037761354590067,1.37299261608059e-14,0.106675703561767,1.08322981141486,0.346722442424389,0.877964643016063,0.41732765724745,0.0582552351938185,3.55071301816798,4.58086460011602,5.98824209110219,0.0176944881754276,1.84974606996705,0.112645176114433,2.13832222689506e-18,0.148266687936661,10.5087260359772,0.0262250519838029,0.189665733937792,3.36791779424044,0.369146955385249,0.816708454841973,56.0075810799016,102.504342809772,181.516680688288,0.840239999999991,1.67175778546711
122,GA,500,1,0.115435766184651,3.94418598402665,4.64235150199378,5.19760658095589,0.0674056902674009,0.00657727631074845,0.0159582170284738,0.00657727631074845,0.113343416142512,0.0685203081287785,0.0159582170284738,0.0685203081287785,0.0495362723034005,34.3432649217616,0.0609456067898579,0.0362,0,0.0692,0.01,0.203136,0.0997904,0.023302,0.0063786,0,0.235996,3.8,0.00673868,0.37515,0.0888888888888889,0,0.00628146,1.382,0,0.0661112,0.477386,0.345761666483293,0,1.44,12.1,0.4995,2.19,5.0784,2.49476,0.58255,0.159465,21.0035842293907,5.8999,95,0.168467,9.37875,0.41875,2.91300251256281,0.1570365,34.55,0.154861111111111,1.65278,11.93465,0.663542620071984,1,0.266445274483522,6.85490059604685e-08,0.379716216609904,0.614877157220278,0.812042234127727,0.877964643016063,0.437382911035942,0.0138193823645399,10.8926309164505,3.55390927023668,14.1423368182148,0.0154750101719074,0.513153400797091,0.264282008785214,4.1413852593613e-06,0.00768956438968787,15.4309180351339,2.05794011662811e-10,1.29606487869952,3.36791779424044,0.617038772445126,0.958933295004431,66.1472897713077,72.5213107504876,141.774354894907,0.840239999999991,1.67175778546711
122,GA,500,0,0.115435766184651,3.94418598402665,4.64235150199378,5.19760658095589,0.0674056902674009,0.00657727631074845,0.0159582170284738,0.00657727631074845,0.113343416142512,0.0685203081287785,0.0159582170284738,0.0685203081287785,0.0495362723034005,34.3432649217616,0.0147832020027411,0.0362,0,0.0692,0.01,0.203136,0.0997904,0.023302,0.0063786,0,0.235996,3.8,0.00673868,0.37515,0.0888888888888889,0,0.00628146,1.382,0,0.0661112,0.477386,0.345761666483293,0,1.44,12.1,0.4995,2.19,5.0784,2.49476,0.58255,0.159465,21.0035842293907,5.8999,95,0.168467,9.37875,0.41875,2.91300251256281,0.1570365,34.55,0.154861111111111,1.65278,11.93465,0.663542620071984,1,0.107360311215063,1.01575353823747e-10,0.478024064134176,1.44632018297092,0.387630001463128,1.71890657731738,0.580922548533809,0.116941370040857,4.51455604754801,0.86975064501522,73.588267882261,0.107477107788706,3.88552556880721,0.21957546169713,0.000133328912378931,0.0286726329341234,9.24267944991553,0.0262250519838029,0.0946053561661174,7.24815293833597,0.474752442891874,0.816708454841973,60.1795995141022,78.2647411843895,156.009072957637,0.840239999999991,1.67175778546711
122,GA,500,1,0.115435766184651,3.94418598402665,4.64235150199378,5.19760658095589,0.0674056902674009,0.00657727631074845,0.0159582170284738,0.00657727631074845,0.113343416142512,0.0685203081287785,0.0159582170284738,0.0685203081287785,0.0495362723034005,34.3432649217616,0.00112227359073528,0.0362,0,0.0692,0.01,0.203136,0.0997904,0.023302,0.0063786,0,0.235996,3.8,0.00673868,0.37515,0.0888888888888889,0,0.00628146,1.382,0,0.0661112,0.477386,0.345761666483293,0,1.44,12.1,0.4995,2.19,5.0784,2.49476,0.58255,0.159465,21.0035842293907,5.8999,95,0.168467,9.37875,0.41875,2.91300251256281,0.1570365,34.55,0.154861111111111,1.65278,11.93465,0.663542620071984,1,0.37761354590067,1.37299261608059e-14,0.106675703561767,1.08322981141486,0.387630001463128,1.12395948825633,0.41732765724745,0.14687482971743,13.2601343917181,1.04379568744073,5.98824209110219,0.0648923444862926,4.41960985970513,0.112671916743538,2.07860579025522e-07,0.134012083767732,10.5087260359772,0.0262250519838029,0.189665733937792,2.09251736849333,0.369146955385249,0.816708454841973,68.1322067422896,125.115053066649,221.326473710981,0.840239999999991,1.67175778546711
122,GA,500,0,0.115435766184651,3.94418598402665,4.64235150199378,5.19760658095589,0.0674056902674009,0.00657727631074845,0.0159582170284738,0.00657727631074845,0.113343416142512,0.0685203081287785,0.0159582170284738,0.0685203081287785,0.0495362723034005,34.3432649217616,0.00752664442210103,0.0362,0,0.0692,0.01,0.203136,0.0997904,0.023302,0.0063786,0,0.235996,3.8,0.00673868,0.37515,0.0888888888888889,0,0.00628146,1.382,0,0.0661112,0.477386,0.345761666483293,0,1.44,12.1,0.4995,2.19,5.0784,2.49476,0.58255,0.159465,21.0035842293907,5.8999,95,0.168467,9.37875,0.41875,2.91300251256281,0.1570365,34.55,0.154861111111111,1.65278,11.93465,0.663542620071984,1,0.0511071195324601,2.46035158525766e-16,0.239919977357982,0.84745896001386,3.87630001463128,1.12395948825633,0.49197397476715,0.0576827980048167,0.833300095514468,5.2512445221487,14.926305971165,0.0192763124463403,4.41960985970513,0.21957546169713,3.81234982264063e-15,0.0175322492207075,10.5087260359772,0.0262250519838029,0.995151236192236,8.01624434987282,0.574096774166235,0.816708454841973,37.3009142839899,60.8238600002195,111.775299408347,0.840239999999991,1.67175778546711
122,GA,500,0,0.115435766184651,3.94418598402665,4.64235150199378,5.19760658095589,0.0674056902674009,0.00657727631074845,0.0159582170284738,0.00657727631074845,0.113343416142512,0.0685203081287785,0.0159582170284738,0.0685203081287785,0.0495362723034005,34.3432649217616,0.012657273106686,0.0362,0,0.0692,0.01,0.203136,0.0997904,0.023302,0.0063786,0,0.235996,3.8,0.00673868,0.37515,0.0888888888888889,0,0.00628146,1.382,0,0.0661112,0.477386,0.345761666483293,0,1.44,12.1,0.4995,2.19,5.0784,2.49476,0.58255,0.159465,21.0035842293907,5.8999,95,0.168467,9.37875,0.41875,2.91300251256281,0.1570365,34.55,0.154861111111111,1.65278,11.93465,0.663542620071984,1,0.433194100463836,1.37299261608059e-14,0.106675703561767,1.08322981141486,0.374289070832957,1.6987294987839,0.49197397476715,0.0297278878607167,3.27346768517959,4.69323623617571,25.4442697678591,0.0168368221923206,4.41960985970513,0.21957546169713,0.000906916338668913,0.134012083767732,16.8612041775535,0.0262250519838029,0.835924390746135,4.09456305560179,0.574096774166235,0.816708454841973,53.2454076049724,96.8870073558062,171.876489212366,0.840239999999991,1.67175778546711
122,GA,500,0,0.115435766184651,3.94418598402665,4.64235150199378,5.19760658095589,0.0674056902674009,0.00657727631074845,0.0159582170284738,0.00657727631074845,0.113343416142512,0.0685203081287785,0.0159582170284738,0.0685203081287785,0.0495362723034005,34.3432649217616,0.00324596666685886,0.0362,0,0.0692,0.01,0.203136,0.0997904,0.023302,0.0063786,0,0.235996,3.8,0.00673868,0.37515,0.0888888888888889,0,0.00628146,1.382,0,0.0661112,0.477386,0.345761666483293,0,1.44,12.1,0.4995,2.19,5.0784,2.49476,0.58255,0.159465,21.0035842293907,5.8999,95,0.168467,9.37875,0.41875,2.91300251256281,0.1570365,34.55,0.154861111111111,1.65278,11.93465,0.663542620071984,1,1.41300731303447,2.52766016549392e-09,0.319039547719435,0.713253352272425,0.812042234127727,0.877964643016063,0.41732765724745,0.0577263879409969,10.8926309164505,3.47591531652774,12.9498568945179,0.03980139721935,5.13153400797091,0.171595256511933,0.000441806033405704,0.00768956438968787,15.4309180351339,4.23135354067356e-05,1.29606487869952,3.36791779424044,0.523739453563302,0.958933295004431,45.3900918191028,190.730874606381,244.289093032217,0.840239999999991,1.67175778546711
122,GA,500,1,0.115435766184651,3.94418598402665,4.64235150199378,5.19760658095589,0.0674056902674009,0.00657727631074845,0.0159582170284738,0.00657727631074845,0.113343416142512,0.0685203081287785,0.0159582170284738,0.0685203081287785,0.0495362723034005,34.3432649217616,0.0459448693430615,0.0362,0,0.0692,0.01,0.203136,0.0997904,0.023302,0.0063786,0,0.235996,3.8,0.00673868,0.37515,0.0888888888888889,0,0.00628146,1.382,0,0.0661112,0.477386,0.345761666483293,0,1.44,12.1,0.4995,2.19,5.0784,2.49476,0.58255,0.159465,21.0035842293907,5.8999,95,0.168467,9.37875,0.41875,2.91300251256281,0.1570365,34.55,0.154861111111111,1.65278,11.93465,0.663542620071984,1,0.741003966070824,1.37299261608059e-14,0.283075628844445,0.403940347586626,0.895084708423886,0.599390440915207,0.49197397476715,0.0811289049218722,1.08926309164505,4.58086460011602,14.926305971165,0.0363015079307041,0.952210213392367,0.21957546169713,7.65805658500133e-16,0.0155262884799704,3.7514633189076,0.0240020601472133,0.0995151236192236,3.36791779424044,0.459244421647998,0.816708454841973,47.0023616319251,67.0204130259684,129.06397447385,0.840239999999991,1.67175778546711
122,GA,500,0,0.115435766184651,3.94418598402665,4.64235150199378,5.19760658095589,0.0674056902674009,0.00657727631074845,0.0159582170284738,0.00657727631074845,0.113343416142512,0.0685203081287785,0.0159582170284738,0.0685203081287785,0.0495362723034005,34.3432649217616,0.00255745247393043,0.0362,0,0.0692,0.01,0.203136,0.0997904,0.023302,0.0063786,0,0.235996,3.8,0.00673868,0.37515,0.0888888888888889,0,0.00628146,1.382,0,0.0661112,0.477386,0.345761666483293,0,1.44,12.1,0.4995,2.19,5.0784,2.49476,0.58255,0.159465,21.0035842293907,5.8999,95,0.168467,9.37875,0.41875,2.91300251256281,0.1570365,34.55,0.154861111111111,1.65278,11.93465,0.663542620071984,1,0.565345632751188,7.2493608402609e-11,0.189762045018331,1.42344557998578,0.387630001463128,0.585055453091574,0.49197397476715,0.116941370040857,0.148496979060524,0.86975064501522,11.4050027216216,0.0506118819857661,3.88552556880721,0.21957546169713,6.58246702598952e-11,0.0286726329341234,8.47494283828582,0.0262250519838029,0.995151236192236,8.61789905600272,0.355751752726122,0.816708454841973,47.3704452414229,149.901094274023,230.913413831147,0.840239999999991,1.67175778546711
122,GA,500,0,0.115435766184651,3.94418598402665,4.64235150199378,5.19760658095589,0.0674056902674009,0.00657727631074845,0.0159582170284738,0.00657727631074845,0.113343416142512,0.0685203081287785,0.0159582170284738,0.0685203081287785,0.0495362723034005,34.3432649217616,0,0.0362,0,0.0692,0.01,0.203136,0.0997904,0.023302,0.0063786,0,0.235996,3.8,0.00673868,0.37515,0.0888888888888889,0,0.00628146,1.382,0,0.0661112,0.477386,0.345761666483293,0,1.44,12.1,0.4995,2.19,5.0784,2.49476,0.58255,0.159465,21.0035842293907,5.8999,95,0.168467,9.37875,0.41875,2.91300251256281,0.1570365,34.55,0.154861111111111,1.65278,11.93465,0.663542620071984,1,0.410149823864621,3.61600277846288e-07,0.41552131248852,0.0157587581807599,0.746696478864772,0.907940817336472,0.0827906407855193,0.0419109649742696,4.37977534906498,0.73696662959153,4.48230758670022,0.141506926749212,3.17679634748729,0.12647110200761,0.0126020088799756,0.0306966742281059,9.30084855605617,5.70149887400548e-20,0.989112365061969,6.55857546741764,0.375849078759741,0.758511957981166,48.131874189434,138.089650919255,230.185234675392,0.840239999999991,1.67175778546711
122,GA,500,1,0.115435766184651,3.94418598402665,4.64235150199378,5.19760658095589,0.0674056902674009,0.00657727631074845,0.0159582170284738,0.00657727631074845,0.113343416142512,0.0685203081287785,0.0159582170284738,0.0685203081287785,0.0495362723034005,34.3432649217616,0.0467897541576337,0.0362,0,0.0692,0.01,0.203136,0.0997904,0.023302,0.0063786,0,0.235996,3.8,0.00673868,0.37515,0.0888888888888889,0,0.00628146,1.382,0,0.0661112,0.477386,0.345761666483293,0,1.44,12.1,0.4995,2.19,5.0784,2.49476,0.58255,0.159465,21.0035842293907,5.8999,95,0.168467,9.37875,0.41875,2.91300251256281,0.1570365,34.55,0.154861111111111,1.65278,11.93465,0.663542620071984,1,0.037761354590067,1.37299261608059e-14,0.106675703561767,1.08322981141486,0.387630001463128,1.14085275216875,0.49197397476715,0.0811289049218722,0.132601343917181,5.12485638195356,25.4442697678591,0.0367623215560257,4.41960985970513,0.21957546169713,6.58246702598952e-11,0.0134012083767732,16.8612041775535,0.00262250519838029,0.0672498050960735,2.09251736849333,0.574096774166235,0.816708454841973,60.5133946780579,86.8764922720781,166.887329901844,0.840239999999991,1.67175778546711
122,GA,500,0,0.115435766184651,3.94418598402665,4.64235150199378,5.19760658095589,0.0674056902674009,0.00657727631074845,0.0159582170284738,0.00657727631074845,0.113343416142512,0.0685203081287785,0.0159582170284738,0.0685203081287785,0.0495362723034005,34.3432649217616,2.08530189826501e-34,0.0362,0,0.0692,0.01,0.203136,0.0997904,0.023302,0.0063786,0,0.235996,3.8,0.00673868,0.37515,0.0888888888888889,0,0.00628146,1.382,0,0.0661112,0.477386,0.345761666483293,0,1.44,12.1,0.4995,2.19,5.0784,2.49476,0.58255,0.159465,21.0035842293907,5.8999,95,0.168467,9.37875,0.41875,2.91300251256281,0.1570365,34.55,0.154861111111111,1.65278,11.93465,0.663542620071984,1,0.0853435545922276,2.19790077392143e-06,0.232758233128798,0.0942329745184752,0.507904429351846,0.162277077659633,0.119032719623187,0.010909981276818,1.73926303284627,2.34847373510263,70.6775983787972,0.00855392770788114,0.796293947417947,0.156392545948385,3.90892344875103e-12,0.0159438798001774,3.38514462012216,3.88310360792274e-05,0.133284803964768,3.70088747963963,0.455254030659654,0.219535423571006,31.6806247541394,23.9493357713476,140.771610535764,0.840239999999991,1.67175778546711
122,GA,500,0,0.115435766184651,3.94418598402665,4.64235150199378,5.19760658095589,0.0674056902674009,0.00657727631074845,0.0159582170284738,0.00657727631074845,0.113343416142512,0.0685203081287785,0.0159582170284738,0.0685203081287785,0.0495362723034005,34.3432649217616,0,0.0362,0,0.0692,0.01,0.203136,0.0997904,0.023302,0.0063786,0,0.235996,3.8,0.00673868,0.37515,0.0888888888888889,0,0.00628146,1.382,0,0.0661112,0.477386,0.345761666483293,0,1.44,12.1,0.4995,2.19,5.0784,2.49476,0.58255,0.159465,21.0035842293907,5.8999,95,0.168467,9.37875,0.41875,2.91300251256281,0.1570365,34.55,0.154861111111111,1.65278,11.93465,0.663542620071984,1,0.037761354590067,7.2493608402609e-11,0.33554204560074,1.08322981141486,0.387630001463128,1.12395948825633,0.49197397476715,0.116941370040857,1.32601343917181,0.86975064501522,14.926305971165,0.0506118819857661,3.88552556880721,0.21957546169713,6.58246702598952e-11,0.0286726329341234,8.47494283828582,0.0262250519838029,0.995151236192236,8.61789905600272,0.355751752726122,0.816708454841973,51.0174337360605,102.866483563477,176.969948312857,0.840239999999991,1.67175778546711
122,GA,500,0,0.115435766184651,3.94418598402665,4.64235150199378,5.19760658095589,0.0674056902674009,0.00657727631074845,0.0159582170284738,0.00657727631074845,0.113343416142512,0.0685203081287785,0.0159582170284738,0.0685203081287785,0.0495362723034005,34.3432649217616,0.010463250917653,0.0362,0,0.0692,0.01,0.203136,0.0997904,0.023302,0.0063786,0,0.235996,3.8,0.00673868,0.37515,0.0888888888888889,0,0.00628146,1.382,0,0.0661112,0.477386,0.345761666483293,0,1.44,12.1,0.4995,2.19,5.0784,2.49476,0.58255,0.159465,21.0035842293907,5.8999,95,0.168467,9.37875,0.41875,2.91300251256281,0.1570365,34.55,0.154861111111111,1.65278,11.93465,0.663542620071984,1,1.02498647206923,6.85490059604685e-08,0.0743581957801286,0.131657833636732,0.346722442424389,1.4598632802406,0.437382911035942,0.0897190927538993,10.8926309164505,4.58086460011602,16.942540576199,0.03980139721935,0.952210213392367,0.110816348482218,0.00029644168538526,0.00768956438968787,15.4309180351339,9.72797905625576e-20,1.29606487869952,1.02973372027796,0.459244421647998,0.958933295004431,59.4119515330257,121.685855385772,186.309052738809,0.840239999999991,1.67175778546711
122,GA,500,0,0.115435766184651,3.94418598402665,4.64235150199378,5.19760658095589,0.0674056902674009,0.00657727631074845,0.0159582170284738,0.00657727631074845,0.113343416142512,0.0685203081287785,0.0159582170284738,0.0685203081287785,0.0495362723034005,34.3432649217616,0.00168310993595883,0.0362,0,0.0692,0.01,0.203136,0.0997904,0.023302,0.0063786,0,0.235996,3.8,0.00673868,0.37515,0.0888888888888889,0,0.00628146,1.382,0,0.0661112,0.477386,0.345761666483293,0,1.44,12.1,0.4995,2.19,5.0784,2.49476,0.58255,0.159465,21.0035842293907,5.8999,95,0.168467,9.37875,0.41875,2.91300251256281,0.1570365,34.55,0.154861111111111,1.65278,11.93465,0.663542620071984,1,0.037761354590067,0.0407030605080074,0.0922905918866788,0.31372222991623,0.387630001463128,0.939708245687775,0.097934203319603,0.0811289049218722,1.32601343917181,5.7855760820609,16.1303944971699,0.0284985469324587,2.34798956018445,0.33351382135523,6.58246702598952e-11,0.0419624213342695,10.5087260359772,0.0262250519838029,0.284731067876803,2.38904128415442,0.574096774166235,0.816708454841973,50.1149498621857,132.808743762282,212.729580548211,0.840239999999991,1.67175778546711
122,GA,500,0,0.115435766184651,3.94418598402665,4.64235150199378,5.19760658095589,0.0674056902674009,0.00657727631074845,0.0159582170284738,0.00657727631074845,0.113343416142512,0.0685203081287785,0.0159582170284738,0.0685203081287785,0.0495362723034005,34.3432649217616,4.25631608139292e-06,0.0362,0,0.0692,0.01,0.203136,0.0997904,0.023302,0.0063786,0,0.235996,3.8,0.00673868,0.37515,0.0888888888888889,0,0.00628146,1.382,0,0.0661112,0.477386,0.345761666483293,0,1.44,12.1,0.4995,2.19,5.0784,2.49476,0.58255,0.159465,21.0035842293907,5.8999,95,0.168467,9.37875,0.41875,2.91300251256281,0.1570365,34.55,0.154861111111111,1.65278,11.93465,0.663542620071984,1,0.433194100463836,4.47351539916501e-09,0.362590345644056,0.013204287405372,0.546210626633476,0.882600469421692,0.0765947091596555,0.0182177042265205,3.27346768517959,1.10872920168068,18.6319240205256,0.0300879951913333,7.45983079621958,0.100114832399319,9.06916338668913e-05,0.028198473117157,7.07573438608025,0.00109693314538489,0.468223357555741,1.3464119620812,0.42448203057904,0.632853129047209,18.6281532793269,145.696873754377,248.850407175314,0.840239999999991,1.67175778546711
122,GA,500,0,0.115435766184651,3.94418598402665,4.64235150199378,5.19760658095589,0.0674056902674009,0.00657727631074845,0.0159582170284738,0.00657727631074845,0.113343416142512,0.0685203081287785,0.0159582170284738,0.0685203081287785,0.0495362723034005,34.3432649217616,8.29431657990921e-28,0.0362,0,0.0692,0.01,0.203136,0.0997904,0.023302,0.0063786,0,0.235996,3.8,0.00673868,0.37515,0.0888888888888889,0,0.00628146,1.382,0,0.0661112,0.477386,0.345761666483293,0,1.44,12.1,0.4995,2.19,5.0784,2.49476,0.58255,0.159465,21.0035842293907,5.8999,95,0.168467,9.37875,0.41875,2.91300251256281,0.1570365,34.55,0.154861111111111,1.65278,11.93465,0.663542620071984,1,0.037761354590067,7.2493608402609e-11,0.33554204560074,1.08322981141486,0.387630001463128,1.12395948825633,0.49197397476715,0.116941370040857,1.32601343917181,0.86975064501522,14.926305971165,0.0506118819857661,3.88552556880721,0.21957546169713,6.58246702598952e-10,0.0286726329341234,8.47494283828582,0.0262250519838029,0.995151236192236,8.61789905600272,0.355751752726122,0.816708454841973,51.0174337358196,102.866483552404,176.969948299058,0.840239999999991,1.67175778546711
122,GA,500,1,0.115435766184651,3.94418598402665,4.64235150199378,5.19760658095589,0.0674056902674009,0.00657727631074845,0.0159582170284738,0.00657727631074845,0.113343416142512,0.0685203081287785,0.0159582170284738,0.0685203081287785,0.0495362723034005,34.3432649217616,0.062511155056016,0.0362,0,0.0692,0.01,0.203136,0.0997904,0.023302,0.0063786,0,0.235996,3.8,0.00673868,0.37515,0.0888888888888889,0,0.00628146,1.382,0,0.0661112,0.477386,0.345761666483293,0,1.44,12.1,0.4995,2.19,5.0784,2.49476,0.58255,0.159465,21.0035842293907,5.8999,95,0.168467,9.37875,0.41875,2.91300251256281,0.1570365,34.55,0.154861111111111,1.65278,11.93465,0.663542620071984,1,0.846322127465164,4.4161967744314e-16,0.41552131248852,0.403940347586626,2.18743286033652,1.80056677002425,0.49197397476715,0.0811289049218722,7.56898553524094,5.44676079909891,4.13221113232482,0.0256621522506735,0.948584406495536,0.12647110200761,0.809494118959263,0.0134012083767732,5.06121960051148,0.0262250519838029,0.886649381973208,2.95551518941586,0.375849078759741,0.758511957981166,26.2583768176175,62.7007457609681,108.921207773969,0.840239999999991,1.67175778546711
122,GA,500,0,0.115435766184651,3.94418598402665,4.64235150199378,5.19760658095589,0.0674056902674009,0.00657727631074845,0.0159582170284738,0.00657727631074845,0.113343416142512,0.0685203081287785,0.0159582170284738,0.0685203081287785,0.0495362723034005,34.3432649217616,5.23372769029006e-23,0.0362,0,0.0692,0.01,0.203136,0.0997904,0.023302,0.0063786,0,0.235996,3.8,0.00673868,0.37515,0.0888888888888889,0,0.00628146,1.382,0,0.0661112,0.477386,0.345761666483293,0,1.44,12.1,0.4995,2.19,5.0784,2.49476,0.58255,0.159465,21.0035842293907,5.8999,95,0.168467,9.37875,0.41875,2.91300251256281,0.1570365,34.55,0.154861111111111,1.65278,11.93465,0.663542620071984,1,0.037761354590067,7.2493608402609e-11,0.33554204560074,1.08322981141486,0.387630001463128,1.12395948825633,0.49197397476715,0.116941370040857,1.32601343917181,0.86975064501522,14.926305971165,0.0506118819857661,3.88552556880721,0.21957546169713,6.58246702598952e-12,0.0286726329341234,8.47494283828582,0.00262250519838029,0.0995151236192236,8.61789905600272,0.355751752726122,0.816708454841973,51.1662534909247,107.649612668039,182.975361171668,0.840239999999991,1.67175778546711
122,GA,500,1,0.115435766184651,3.94418598402665,4.64235150199378,5.19760658095589,0.0674056902674009,0.00657727631074845,0.0159582170284738,0.00657727631074845,0.113343416142512,0.0685203081287785,0.0159582170284738,0.0685203081287785,0.0495362723034005,34.3432649217616,0.0215556947285055,0.0362,0,0.0692,0.01,0.203136,0.0997904,0.023302,0.0063786,0,0.235996,3.8,0.00673868,0.37515,0.0888888888888889,0,0.00628146,1.382,0,0.0661112,0.477386,0.345761666483293,0,1.44,12.1,0.4995,2.19,5.0784,2.49476,0.58255,0.159465,21.0035842293907,5.8999,95,0.168467,9.37875,0.41875,2.91300251256281,0.1570365,34.55,0.154861111111111,1.65278,11.93465,0.663542620071984,1,0.0511071195324601,7.2493608402609e-11,0.33554204560074,1.08322981141486,0.387630001463128,1.12395948825633,0.49197397476715,0.116941370040857,0.833300095514468,0.86975064501522,14.926305971165,0.0506118819857661,4.41960985970513,0.21957546169713,6.58246702598952e-11,0.0286726329341234,10.5087260359772,0.00262250519838029,0.995151236192236,8.01624434987282,0.574096774166235,0.816708454841973,47.2811425708046,111.00024359425,183.192853703668,0.840239999999991,1.67175778546711
122,GA,500,0,0.115435766184651,3.94418598402665,4.64235150199378,5.19760658095589,0.0674056902674009,0.00657727631074845,0.0159582170284738,0.00657727631074845,0.113343416142512,0.0685203081287785,0.0159582170284738,0.0685203081287785,0.0495362723034005,34.3432649217616,0.00229894117588827,0.0362,0,0.0692,0.01,0.203136,0.0997904,0.023302,0.0063786,0,0.235996,3.8,0.00673868,0.37515,0.0888888888888889,0,0.00628146,1.382,0,0.0661112,0.477386,0.345761666483293,0,1.44,12.1,0.4995,2.19,5.0784,2.49476,0.58255,0.159465,21.0035842293907,5.8999,95,0.168467,9.37875,0.41875,2.91300251256281,0.1570365,34.55,0.154861111111111,1.65278,11.93465,0.663542620071984,1,0.0720765194997301,1.37299261608059e-14,0.355021858924853,0.53310863393814,1.07631198385574,0.34882477040149,0.280937647984477,0.00899082012244119,1.32601343917181,3.29273991650781,8.02491361114195,0.0150902891809984,4.41960985970513,0.12381896591798,2.79748765035835e-15,0.0134012083767732,10.5087260359772,8.02403857457109e-18,0.417112344629449,4.23373305866733,0.362071569439416,0.816708454841973,35.6041793953064,61.7246385770662,111.181502258959,0.840239999999991,1.67175778546711
122,GA,500,1,0.115435766184651,3.94418598402665,4.64235150199378,5.19760658095589,0.0674056902674009,0.00657727631074845,0.0159582170284738,0.00657727631074845,0.113343416142512,0.0685203081287785,0.0159582170284738,0.0685203081287785,0.0495362723034005,34.3432649217616,0.0266014121125195,0.0362,0,0.0692,0.01,0.203136,0.0997904,0.023302,0.0063786,0,0.235996,3.8,0.00673868,0.37515,0.0888888888888889,0,0.00628146,1.382,0,0.0661112,0.477386,0.345761666483293,0,1.44,12.1,0.4995,2.19,5.0784,2.49476,0.58255,0.159465,21.0035842293907,5.8999,95,0.168467,9.37875,0.41875,2.91300251256281,0.1570365,34.55,0.154861111111111,1.65278,11.93465,0.663542620071984,1,0.037761354590067,7.2493608402609e-11,0.33554204560074,1.08322981141486,0.387630001463128,0.112395948825633,0.49197397476715,0.116941370040857,0.132601343917181,0.86975064501522,14.926305971165,0.0506118819857661,3.88552556880721,0.21957546169713,6.58246702598952e-11,0.0286726329341234,8.47494283828582,0.00262250519838029,0.0995151236192236,8.61789905600272,0.355751752726122,0.816708454841973,43.052489851314,106.741894162177,173.750162355305,0.840239999999991,1.67175778546711
122,GA,500,0,0.115435766184651,3.94418598402665,4.64235150199378,5.19760658095589,0.0674056902674009,0.00657727631074845,0.0159582170284738,0.00657727631074845,0.113343416142512,0.0685203081287785,0.0159582170284738,0.0685203081287785,0.0495362723034005,34.3432649217616,0.00355982087418624,0.0362,0,0.0692,0.01,0.203136,0.0997904,0.023302,0.0063786,0,0.235996,3.8,0.00673868,0.37515,0.0888888888888889,0,0.00628146,1.382,0,0.0661112,0.477386,0.345761666483293,0,1.44,12.1,0.4995,2.19,5.0784,2.49476,0.58255,0.159465,21.0035842293907,5.8999,95,0.168467,9.37875,0.41875,2.91300251256281,0.1570365,34.55,0.154861111111111,1.65278,11.93465,0.663542620071984,1,0.565345632751188,7.2493608402609e-11,0.106675703561767,1.42344557998578,0.374289070832957,0.585055453091574,0.49197397476715,0.0811289049218722,0.148496979060524,0.86975064501522,11.4050027216216,0.0481444305343451,4.41960985970513,0.21957546169713,6.58246702598952e-11,0.0286726329341234,8.33768186817541,0.0262250519838029,0.995151236192236,6.8839903158064,0.355751752726122,0.816708454841973,37.5804827351258,119.554547087032,183.966315253738,0.840239999999991,1.67175778546711
122,GA,500,0,0.115435766184651,3.94418598402665,4.64235150199378,5.19760658095589,0.0674056902674009,0.00657727631074845,0.0159582170284738,0.00657727631074845,0.113343416142512,0.0685203081287785,0.0159582170284738,0.0685203081287785,0.0495362723034005,34.3432649217616,0.0137241587430645,0.0362,0,0.0692,0.01,0.203136,0.0997904,0.023302,0.0063786,0,0.235996,3.8,0.00673868,0.37515,0.0888888888888889,0,0.00628146,1.382,0,0.0661112,0.477386,0.345761666483293,0,1.44,12.1,0.4995,2.19,5.0784,2.49476,0.58255,0.159465,21.0035842293907,5.8999,95,0.168467,9.37875,0.41875,2.91300251256281,0.1570365,34.55,0.154861111111111,1.65278,11.93465,0.663542620071984,1,0.508871063422381,1.37299261608059e-14,0.106675703561767,1.08322981141486,0.374289070832957,1.14085275216875,0.49197397476715,0.0811289049218722,1.32601343917181,5.12485638195356,25.4442697678591,0.0367623215560257,4.41960985970513,0.21957546169713,6.58246702598952e-11,0.0134012083767732,16.8612041775535,0.00262250519838029,0.0672498050960735,4.09456305560179,0.574096774166235,0.816708454841973,58.3827966297427,120.821574593965,206.320012018732,0.840239999999991,1.67175778546711
122,GA,500,1,0.115435766184651,3.94418598402665,4.64235150199378,5.19760658095589,0.0674056902674009,0.00657727631074845,0.0159582170284738,0.00657727631074845,0.113343416142512,0.0685203081287785,0.0159582170284738,0.0685203081287785,0.0495362723034005,34.3432649217616,0.0219156100327998,0.0362,0,0.0692,0.01,0.203136,0.0997904,0.023302,0.0063786,0,0.235996,3.8,0.00673868,0.37515,0.0888888888888889,0,0.00628146,1.382,0,0.0661112,0.477386,0.345761666483293,0,1.44,12.1,0.4995,2.19,5.0784,2.49476,0.58255,0.159465,21.0035842293907,5.8999,95,0.168467,9.37875,0.41875,2.91300251256281,0.1570365,34.55,0.154861111111111,1.65278,11.93465,0.663542620071984,1,0.107360311215063,1.01575353823747e-10,0.478024064134176,1.44632018297092,0.387630001463128,1.71890657731738,0.580922548533809,0.116941370040857,4.51455604754801,0.86975064501522,73.588267882261,0.107477107788706,3.88552556880721,0.21957546169713,0.000133328912378931,0.0286726329341234,9.24267944991553,0.0262250519838029,0.0946053561661174,0.724815293833597,0.474752442891874,0.816708454841973,60.5549895930077,78.0870444058125,156.166886277635,0.840239999999991,1.67175778546711
122,GA,500,0,0.115435766184651,3.94418598402665,4.64235150199378,5.19760658095589,0.0674056902674009,0.00657727631074845,0.0159582170284738,0.00657727631074845,0.113343416142512,0.0685203081287785,0.0159582170284738,0.0685203081287785,0.0495362723034005,34.3432649217616,0.0009395682687253,0.0362,0,0.0692,0.01,0.203136,0.0997904,0.023302,0.0063786,0,0.235996,3.8,0.00673868,0.37515,0.0888888888888889,0,0.00628146,1.382,0,0.0661112,0.477386,0.345761666483293,0,1.44,12.1,0.4995,2.19,5.0784,2.49476,0.58255,0.159465,21.0035842293907,5.8999,95,0.168467,9.37875,0.41875,2.91300251256281,0.1570365,34.55,0.154861111111111,1.65278,11.93465,0.663542620071984,1,0.37761354590067,1.37299261608059e-14,0.106675703561767,1.08322981141486,0.387630001463128,1.12395948825633,0.41732765724745,0.14687482971743,1.32601343917181,1.04379568744073,59.882420911022,0.0648923444862926,4.41960985970513,0.112671916743538,2.07860579025522e-06,0.0134012083767732,10.5087260359772,0.00262250519838029,0.189665733937792,2.09251736849333,0.369146955385249,0.816708454841973,50.7608052738503,133.789041199698,214.57573875043,0.840239999999991,1.67175778546711
122,GA,500,1,0.115435766184651,3.94418598402665,4.64235150199378,5.19760658095589,0.0674056902674009,0.00657727631074845,0.0159582170284738,0.00657727631074845,0.113343416142512,0.0685203081287785,0.0159582170284738,0.0685203081287785,0.0495362723034005,34.3432649217616,0.124967979479747,0.0362,0,0.0692,0.01,0.203136,0.0997904,0.023302,0.0063786,0,0.235996,3.8,0.00673868,0.37515,0.0888888888888889,0,0.00628146,1.382,0,0.0661112,0.477386,0.345761666483293,0,1.44,12.1,0.4995,2.19,5.0784,2.49476,0.58255,0.159465,21.0035842293907,5.8999,95,0.168467,9.37875,0.41875,2.91300251256281,0.1570365,34.55,0.154861111111111,1.65278,11.93465,0.663542620071984,1,0.409746136141176,0.367560275575434,0.23920986865949,0.425840858621317,0.51199846290034,0.428078780926549,0.460933950564368,0.138113997394413,5.49145287552449,1.01873307610047,5.1070003956029,0.0526620969576673,0.722304155257618,0.296078553084315,3.38313429216796e-15,0.0614831038734513,2.41545966662642,2.4731400555336e-19,0.361649712982071,0.923961129042611,0.46219916662503,0.660711659572347,42.7181703537876,96.4831759371381,188.747341383686,0.840239999999991,1.67175778546711
122,GA,500,0,0.115435766184651,3.94418598402665,4.64235150199378,5.19760658095589,0.0674056902674009,0.00657727631074845,0.0159582170284738,0.00657727631074845,0.113343416142512,0.0685203081287785,0.0159582170284738,0.0685203081287785,0.0495362723034005,34.3432649217616,0.00356504091662331,0.0362,0,0.0692,0.01,0.203136,0.0997904,0.023302,0.0063786,0,0.235996,3.8,0.00673868,0.37515,0.0888888888888889,0,0.00628146,1.382,0,0.0661112,0.477386,0.345761666483293,0,1.44,12.1,0.4995,2.19,5.0784,2.49476,0.58255,0.159465,21.0035842293907,5.8999,95,0.168467,9.37875,0.41875,2.91300251256281,0.1570365,34.55,0.154861111111111,1.65278,11.93465,0.663542620071984,1,0.0963648899694411,6.73875635045006e-15,0.355021858924853,0.84745896001386,0.387630001463128,0.348298741174201,0.49197397476715,0.131677227603176,1.86412874473012,0.949739540455731,78.5772389876033,0.070392396599646,4.41960985970513,0.228676870068848,2.8622614884644e-18,0.079657409189384,10.5087260359772,0.00132390400816407,0.654540642720568,8.01624434987282,0.490454352615833,0.816708454841973,51.9323413799554,85.4473667069008,156.556416471028,0.840239999999991,1.67175778546711
122,GA,500,0,0.115435766184651,3.94418598402665,4.64235150199378,5.19760658095589,0.0674056902674009,0.00657727631074845,0.0159582170284738,0.00657727631074845,0.113343416142512,0.0685203081287785,0.0159582170284738,0.0685203081287785,0.0495362723034005,34.3432649217616,1.04773259571881e-25,0.0362,0,0.0692,0.01,0.203136,0.0997904,0.023302,0.0063786,0,0.235996,3.8,0.00673868,0.37515,0.0888888888888889,0,0.00628146,1.382,0,0.0661112,0.477386,0.345761666483293,0,1.44,12.1,0.4995,2.19,5.0784,2.49476,0.58255,0.159465,21.0035842293907,5.8999,95,0.168467,9.37875,0.41875,2.91300251256281,0.1570365,34.55,0.154861111111111,1.65278,11.93465,0.663542620071984,1,0.582683501613331,4.24768382833096e-15,0.239919977357982,0.84745896001386,0.387630001463128,0.558146291259839,0.49197397476715,0.0576827980048167,1.32601343917181,1.44873097982681,6.85502581168269,0.0322242209876462,4.41960985970513,0.21957546169713,6.58246702598952e-10,0.0549257323456414,11.7048172577826,1.38695515175163e-19,0.407822343390313,1.96910767623804,0.42448203057904,0.816708454841973,51.9914353328957,107.183133098009,183.229372766453,0.840239999999991,1.67175778546711
122,GA,500,0,0.115435766184651,3.94418598402665,4.64235150199378,5.19760658095589,0.0674056902674009,0.00657727631074845,0.0159582170284738,0.00657727631074845,0.113343416142512,0.0685203081287785,0.0159582170284738,0.0685203081287785,0.0495362723034005,34.3432649217616,0.00752664442210103,0.0362,0,0.0692,0.01,0.203136,0.0997904,0.023302,0.0063786,0,0.235996,3.8,0.00673868,0.37515,0.0888888888888889,0,0.00628146,1.382,0,0.0661112,0.477386,0.345761666483293,0,1.44,12.1,0.4995,2.19,5.0784,2.49476,0.58255,0.159465,21.0035842293907,5.8999,95,0.168467,9.37875,0.41875,2.91300251256281,0.1570365,34.55,0.154861111111111,1.65278,11.93465,0.663542620071984,1,0.0511071195324601,2.46035158525766e-17,0.239919977357982,0.84745896001386,3.87630001463128,1.12395948825633,0.49197397476715,0.0576827980048167,0.833300095514468,5.2512445221487,14.926305971165,0.0192763124463403,4.41960985970513,0.21957546169713,3.81234982264063e-17,0.0175322492207075,10.5087260359772,0.0262250519838029,0.995151236192236,8.01624434987282,0.574096774166235,0.816708454841973,37.3009142839899,60.8238600002195,111.775299408347,0.840239999999991,1.67175778546711
122,GA,500,0,0.115435766184651,3.94418598402665,4.64235150199378,5.19760658095589,0.0674056902674009,0.00657727631074845,0.0159582170284738,0.00657727631074845,0.113343416142512,0.0685203081287785,0.0159582170284738,0.0685203081287785,0.0495362723034005,34.3432649217616,0.00755348871966193,0.0362,0,0.0692,0.01,0.203136,0.0997904,0.023302,0.0063786,0,0.235996,3.8,0.00673868,0.37515,0.0888888888888889,0,0.00628146,1.382,0,0.0661112,0.477386,0.345761666483293,0,1.44,12.1,0.4995,2.19,5.0784,2.49476,0.58255,0.159465,21.0035842293907,5.8999,95,0.168467,9.37875,0.41875,2.91300251256281,0.1570365,34.55,0.154861111111111,1.65278,11.93465,0.663542620071984,1,0.508871063422381,1.37299261608059e-14,0.106675703561767,1.08322981141486,0.374289070832957,1.02099603855866,0.49197397476715,0.0811289049218722,5.0164151770343,0.512485638195356,25.4442697678591,0.0481444305343451,4.41960985970513,0.21957546169713,6.58246702598952e-11,0.0121417845926654,8.33768186817541,2.78007485422863e-11,0.494334151489724,6.8839903158064,0.368178919942555,0.816708454841973,63.9946463591342,104.925665759227,192.468479508724,0.840239999999991,1.67175778546711
122,GA,500,1,0.115435766184651,3.94418598402665,4.64235150199378,5.19760658095589,0.0674056902674009,0.00657727631074845,0.0159582170284738,0.00657727631074845,0.113343416142512,0.0685203081287785,0.0159582170284738,0.0685203081287785,0.0495362723034005,34.3432649217616,0.0126788261377261,0.0362,0,0.0692,0.01,0.203136,0.0997904,0.023302,0.0063786,0,0.235996,3.8,0.00673868,0.37515,0.0888888888888889,0,0.00628146,1.382,0,0.0661112,0.477386,0.345761666483293,0,1.44,12.1,0.4995,2.19,5.0784,2.49476,0.58255,0.159465,21.0035842293907,5.8999,95,0.168467,9.37875,0.41875,2.91300251256281,0.1570365,34.55,0.154861111111111,1.65278,11.93465,0.663542620071984,1,0.037761354590067,7.2493608402609e-11,0.187927874033532,1.08322981141486,1.51733358572729,1.12395948825633,0.49197397476715,0.116941370040857,6.0729948551954,5.72752345947607,14.926305971165,0.070392396599646,1.80456813489388,0.33351382135523,1.3569973354494e-08,0.0831445859145277,5.98284395911964,2.76051304339214e-16,0.995151236192236,2.45621530672174,0.355751752726122,0.816708454841973,27.9702111228282,80.1282503820806,126.081415809187,0.840239999999991,1.67175778546711
122,GA,500,0,0.115435766184651,3.94418598402665,4.64235150199378,5.19760658095589,0.0674056902674009,0.00657727631074845,0.0159582170284738,0.00657727631074845,0.113343416142512,0.0685203081287785,0.0159582170284738,0.0685203081287785,0.0495362723034005,34.3432649217616,0.00619688307330679,0.0362,0,0.0692,0.01,0.203136,0.0997904,0.023302,0.0063786,0,0.235996,3.8,0.00673868,0.37515,0.0888888888888889,0,0.00628146,1.382,0,0.0661112,0.477386,0.345761666483293,0,1.44,12.1,0.4995,2.19,5.0784,2.49476,0.58255,0.159465,21.0035842293907,5.8999,95,0.168467,9.37875,0.41875,2.91300251256281,0.1570365,34.55,0.154861111111111,1.65278,11.93465,0.663542620071984,1,0.037761354590067,7.2493608402609e-11,0.33554204560074,1.08322981141486,0.387630001463128,1.12395948825633,0.49197397476715,0.116941370040857,1.32601343917181,0.86975064501522,14.926305971165,0.0506118819857661,3.88552556880721,0.21957546169713,6.58246702598952e-11,0.0286726329341234,8.47494283828582,0.0262250519838029,0.0995151236192236,8.61789905600272,0.355751752726122,0.816708454841973,50.7938233259691,86.8449175038687,157.129097546526,0.840239999999991,1.67175778546711
122,GA,500,1,0.115435766184651,3.94418598402665,4.64235150199378,5.19760658095589,0.0674056902674009,0.00657727631074845,0.0159582170284738,0.00657727631074845,0.113343416142512,0.0685203081287785,0.0159582170284738,0.0685203081287785,0.0495362723034005,34.3432649217616,0.010575030779129,0.0362,0,0.0692,0.01,0.203136,0.0997904,0.023302,0.0063786,0,0.235996,3.8,0.00673868,0.37515,0.0888888888888889,0,0.00628146,1.382,0,0.0661112,0.477386,0.345761666483293,0,1.44,12.1,0.4995,2.19,5.0784,2.49476,0.58255,0.159465,21.0035842293907,5.8999,95,0.168467,9.37875,0.41875,2.91300251256281,0.1570365,34.55,0.154861111111111,1.65278,11.93465,0.663542620071984,1,0.037761354590067,7.2493608402609e-11,0.106675703561767,1.08322981141486,0.387630001463128,1.12395948825633,0.49197397476715,0.116941370040857,1.32601343917181,0.86975064501522,14.926305971165,0.0648923444862926,3.88552556880721,0.21957546169713,6.58246702598952e-11,0.134012083767732,10.5087260359772,0.0262250519838029,0.995151236192236,8.61789905600272,0.574096774166235,0.816708454841973,58.9753861093219,74.901415461013,150.686712246512,0.840239999999991,1.67175778546711
122,GA,500,1,0.115435766184651,3.94418598402665,4.64235150199378,5.19760658095589,0.0674056902674009,0.00657727631074845,0.0159582170284738,0.00657727631074845,0.113343416142512,0.0685203081287785,0.0159582170284738,0.0685203081287785,0.0495362723034005,34.3432649217616,0.053950731629093,0.0362,0,0.0692,0.01,0.203136,0.0997904,0.023302,0.0063786,0,0.235996,3.8,0.00673868,0.37515,0.0888888888888889,0,0.00628146,1.382,0,0.0661112,0.477386,0.345761666483293,0,1.44,12.1,0.4995,2.19,5.0784,2.49476,0.58255,0.159465,21.0035842293907,5.8999,95,0.168467,9.37875,0.41875,2.91300251256281,0.1570365,34.55,0.154861111111111,1.65278,11.93465,0.663542620071984,1,0.363479111087168,1.21817414375463e-11,0.260055376719176,1.19309889797858,0.546210626633476,0.634153152411786,0.537641724503813,0.0182177042265205,3.27346768517959,1.10872920168068,10.5575153830508,0.0168368221923206,4.49982693123173,0.100114832399319,0.000906916338668913,0.134589441100373,7.81229965863015,9.44481353917248e-12,0.0802040857944836,1.3464119620812,0.562640894229742,0.668745151801258,41.400406817672,65.1072653567963,138.757771101257,0.840239999999991,1.67175778546711
122,GA,500,0,0.115435766184651,3.94418598402665,4.64235150199378,5.19760658095589,0.0674056902674009,0.00657727631074845,0.0159582170284738,0.00657727631074845,0.113343416142512,0.0685203081287785,0.0159582170284738,0.0685203081287785,0.0495362723034005,34.3432649217616,0,0.0362,0,0.0692,0.01,0.203136,0.0997904,0.023302,0.0063786,0,0.235996,3.8,0.00673868,0.37515,0.0888888888888889,0,0.00628146,1.382,0,0.0661112,0.477386,0.345761666483293,0,1.44,12.1,0.4995,2.19,5.0784,2.49476,0.58255,0.159465,21.0035842293907,5.8999,95,0.168467,9.37875,0.41875,2.91300251256281,0.1570365,34.55,0.154861111111111,1.65278,11.93465,0.663542620071984,1,0.582683501613331,4.24768382833096e-15,0.239919977357982,0.84745896001386,0.387630001463128,0.558146291259839,0.49197397476715,0.0576827980048167,1.32601343917181,1.44873097982681,6.85502581168269,0.0322242209876462,4.41960985970513,0.21957546169713,6.58246702598952e-11,0.0549257323456414,11.7048172577826,1.38695515175163e-20,0.407822343390313,1.96910767623804,0.42448203057904,0.816708454841973,51.9914353343462,107.18313315542,183.229372838201,0.840239999999991,1.67175778546711
122,GA,500,1,0.115435766184651,3.94418598402665,4.64235150199378,5.19760658095589,0.0674056902674009,0.00657727631074845,0.0159582170284738,0.00657727631074845,0.113343416142512,0.0685203081287785,0.0159582170284738,0.0685203081287785,0.0495362723034005,34.3432649217616,0.120003994459898,0.0362,0,0.0692,0.01,0.203136,0.0997904,0.023302,0.0063786,0,0.235996,3.8,0.00673868,0.37515,0.0888888888888889,0,0.00628146,1.382,0,0.0661112,0.477386,0.345761666483293,0,1.44,12.1,0.4995,2.19,5.0784,2.49476,0.58255,0.159465,21.0035842293907,5.8999,95,0.168467,9.37875,0.41875,2.91300251256281,0.1570365,34.55,0.154861111111111,1.65278,11.93465,0.663542620071984,1,0.418711984104021,1.73266773625134e-07,0.394642485696056,0.403940347586626,0.346722442424389,1.22857555819419,0.437382911035942,0.0897190927538993,4.28443874522958,4.58086460011602,6.32063676235203,0.03980139721935,2.25160670097613,0.281007349257301,4.09125311671877e-11,0.00768956438968787,15.4309180351339,0.0107821863909692,1.29606487869952,1.37306713047782,0.405087644050888,0.958933295004431,66.4851797647335,117.936707424831,189.472574236511,0.840239999999991,1.67175778546711
122,GA,500,1,0.115435766184651,3.94418598402665,4.64235150199378,5.19760658095589,0.0674056902674009,0.00657727631074845,0.0159582170284738,0.00657727631074845,0.113343416142512,0.0685203081287785,0.0159582170284738,0.0685203081287785,0.0495362723034005,34.3432649217616,0.0403189359799758,0.0362,0,0.0692,0.01,0.203136,0.0997904,0.023302,0.0063786,0,0.235996,3.8,0.00673868,0.37515,0.0888888888888889,0,0.00628146,1.382,0,0.0661112,0.477386,0.345761666483293,0,1.44,12.1,0.4995,2.19,5.0784,2.49476,0.58255,0.159465,21.0035842293907,5.8999,95,0.168467,9.37875,0.41875,2.91300251256281,0.1570365,34.55,0.154861111111111,1.65278,11.93465,0.663542620071984,1,0.108765171171321,0.0312748544202305,0.221484229342396,0.0150108024001052,0.730364613855758,0.124533934125481,0.197784839399295,0.0264070031377125,1.32601343917181,0.512485638195356,13.879878676944,0.00755831142951199,0.667885702287373,0.144506546699226,6.58246702598952e-11,0.0148154766438199,3.89206009128567,5.79555969862365e-18,0.0676923632029768,2.09251736849333,0.534863931215726,0.816708454841973,59.0885186322456,95.0267065556128,175.441797445797,0.840239999999991,1.67175778546711
122,GA,500,1,0.115435766184651,3.94418598402665,4.64235150199378,5.19760658095589,0.0674056902674009,0.00657727631074845,0.0159582170284738,0.00657727631074845,0.113343416142512,0.0685203081287785,0.0159582170284738,0.0685203081287785,0.0495362723034005,34.3432649217616,0.0183353917716132,0.0362,0,0.0692,0.01,0.203136,0.0997904,0.023302,0.0063786,0,0.235996,3.8,0.00673868,0.37515,0.0888888888888889,0,0.00628146,1.382,0,0.0661112,0.477386,0.345761666483293,0,1.44,12.1,0.4995,2.19,5.0784,2.49476,0.58255,0.159465,21.0035842293907,5.8999,95,0.168467,9.37875,0.41875,2.91300251256281,0.1570365,34.55,0.154861111111111,1.65278,11.93465,0.663542620071984,1,0.0433194100463836,6.85490059604685e-08,0.111605921471148,0.403940347586626,0.346722442424389,0.877964643016063,0.0765947091596555,0.0182177042265205,10.8926309164505,4.58086460011602,12.9498568945179,0.03980139721935,0.952210213392367,0.342776973874853,9.06916338668913e-05,0.048471069776101,15.4309180351339,3.13356372407745e-13,1.29606487869952,5.20121270299024,0.425376434642763,0.958933295004431,50.5954245646472,141.325285987578,197.973022906276,0.840239999999991,1.67175778546711
122,GA,500,1,0.115435766184651,3.94418598402665,4.64235150199378,5.19760658095589,0.0674056902674009,0.00657727631074845,0.0159582170284738,0.00657727631074845,0.113343416142512,0.0685203081287785,0.0159582170284738,0.0685203081287785,0.0495362723034005,34.3432649217616,0.0118138584542827,0.0362,0,0.0692,0.01,0.203136,0.0997904,0.023302,0.0063786,0,0.235996,3.8,0.00673868,0.37515,0.0888888888888889,0,0.00628146,1.382,0,0.0661112,0.477386,0.345761666483293,0,1.44,12.1,0.4995,2.19,5.0784,2.49476,0.58255,0.159465,21.0035842293907,5.8999,95,0.168467,9.37875,0.41875,2.91300251256281,0.1570365,34.55,0.154861111111111,1.65278,11.93465,0.663542620071984,1,0.140596566269778,0.937050420823942,0.101323864576885,1.08322981141486,0.836225272744853,0.411002582749377,0.259469060433027,0.0424631511022827,1.45401304807025,0.512485638195356,35.2601106432351,0.0510413062487021,4.41960985970513,0.24105353424909,6.58246702598952e-10,0.0134012083767732,10.5087260359772,1.46251417587604e-12,0.0695576159192432,4.23373305866733,0.574096774166235,0.816708454841973,43.2365919414598,139.881269529319,214.511015145986,0.840239999999991,1.67175778546711
122,GA,500,0,0.115435766184651,3.94418598402665,4.64235150199378,5.19760658095589,0.0674056902674009,0.00657727631074845,0.0159582170284738,0.00657727631074845,0.113343416142512,0.0685203081287785,0.0159582170284738,0.0685203081287785,0.0495362723034005,34.3432649217616,0.00112227359073528,0.0362,0,0.0692,0.01,0.203136,0.0997904,0.023302,0.0063786,0,0.235996,3.8,0.00673868,0.37515,0.0888888888888889,0,0.00628146,1.382,0,0.0661112,0.477386,0.345761666483293,0,1.44,12.1,0.4995,2.19,5.0784,2.49476,0.58255,0.159465,21.0035842293907,5.8999,95,0.168467,9.37875,0.41875,2.91300251256281,0.1570365,34.55,0.154861111111111,1.65278,11.93465,0.663542620071984,1,0.37761354590067,1.37299261608059e-14,0.106675703561767,1.08322981141486,0.387630001463128,1.12395948825633,0.41732765724745,0.14687482971743,13.2601343917181,1.04379568744073,5.98824209110219,0.0648923444862926,4.41960985970513,0.112671916743538,2.07860579025522e-07,0.134012083767732,10.5087260359772,0.0262250519838029,0.189665733937792,2.09251736849333,0.369146955385249,0.816708454841973,68.1322067422896,125.115053066649,221.326473710981,0.840239999999991,1.67175778546711
122,GA,500,0,0.115435766184651,3.94418598402665,4.64235150199378,5.19760658095589,0.0674056902674009,0.00657727631074845,0.0159582170284738,0.00657727631074845,0.113343416142512,0.0685203081287785,0.0159582170284738,0.0685203081287785,0.0495362723034005,34.3432649217616,8.29306903447732e-31,0.0362,0,0.0692,0.01,0.203136,0.0997904,0.023302,0.0063786,0,0.235996,3.8,0.00673868,0.37515,0.0888888888888889,0,0.00628146,1.382,0,0.0661112,0.477386,0.345761666483293,0,1.44,12.1,0.4995,2.19,5.0784,2.49476,0.58255,0.159465,21.0035842293907,5.8999,95,0.168467,9.37875,0.41875,2.91300251256281,0.1570365,34.55,0.154861111111111,1.65278,11.93465,0.663542620071984,1,0.037761354590067,7.2493608402609e-11,0.33554204560074,1.08322981141486,0.387630001463128,1.12395948825633,0.49197397476715,0.116941370040857,1.32601343917181,0.86975064501522,14.926305971165,0.0506118819857661,3.88552556880721,0.21957546169713,6.58246702598952e-12,0.0286726329341234,8.47494283828582,0.0262250519838029,0.995151236192236,8.61789905600272,0.355751752726122,0.816708454841973,51.0174337360846,102.866483564584,176.969948314237,0.840239999999991,1.67175778546711
122,GA,500,1,0.115435766184651,3.94418598402665,4.64235150199378,5.19760658095589,0.0674056902674009,0.00657727631074845,0.0159582170284738,0.00657727631074845,0.113343416142512,0.0685203081287785,0.0159582170284738,0.0685203081287785,0.0495362723034005,34.3432649217616,0.0779083637743878,0.0362,0,0.0692,0.01,0.203136,0.0997904,0.023302,0.0063786,0,0.235996,3.8,0.00673868,0.37515,0.0888888888888889,0,0.00628146,1.382,0,0.0661112,0.477386,0.345761666483293,0,1.44,12.1,0.4995,2.19,5.0784,2.49476,0.58255,0.159465,21.0035842293907,5.8999,95,0.168467,9.37875,0.41875,2.91300251256281,0.1570365,34.55,0.154861111111111,1.65278,11.93465,0.663542620071984,1,0.037761354590067,1.37299261608059e-14,0.106675703561767,1.08322981141486,3.87630001463128,1.12395948825633,0.49197397476715,0.0811289049218722,1.32601343917181,0.512485638195356,14.926305971165,0.0648923444862926,4.41960985970513,0.21957546169713,6.58246702598952e-12,0.0134012083767732,10.5087260359772,0.0262250519838029,0.995151236192236,2.09251736849333,0.574096774166235,0.816708454841973,55.3927679712087,46.618437926068,112.473648730657,0.840239999999991,1.67175778546711
122,GA,500,1,0.115435766184651,3.94418598402665,4.64235150199378,5.19760658095589,0.0674056902674009,0.00657727631074845,0.0159582170284738,0.00657727631074845,0.113343416142512,0.0685203081287785,0.0159582170284738,0.0685203081287785,0.0495362723034005,34.3432649217616,0.0207616412185574,0.0362,0,0.0692,0.01,0.203136,0.0997904,0.023302,0.0063786,0,0.235996,3.8,0.00673868,0.37515,0.0888888888888889,0,0.00628146,1.382,0,0.0661112,0.477386,0.345761666483293,0,1.44,12.1,0.4995,2.19,5.0784,2.49476,0.58255,0.159465,21.0035842293907,5.8999,95,0.168467,9.37875,0.41875,2.91300251256281,0.1570365,34.55,0.154861111111111,1.65278,11.93465,0.663542620071984,1,0.565345632751188,7.2493608402609e-12,0.189762045018331,1.42344557998578,0.387630001463128,0.585055453091574,0.49197397476715,0.116941370040857,0.148496979060524,0.86975064501522,11.4050027216216,0.0506118819857661,3.88552556880721,0.21957546169713,6.58246702598952e-11,0.0286726329341234,8.47494283828582,0.0262250519838029,0.0995151236192236,8.61789905600272,0.355751752726122,0.816708454841973,44.4270272921274,119.448377162696,190.682862473616,0.840239999999991,1.67175778546711
122,GA,500,0,0.115435766184651,3.94418598402665,4.64235150199378,5.19760658095589,0.0674056902674009,0.00657727631074845,0.0159582170284738,0.00657727631074845,0.113343416142512,0.0685203081287785,0.0159582170284738,0.0685203081287785,0.0495362723034005,34.3432649217616,0.00119801585106389,0.0362,0,0.0692,0.01,0.203136,0.0997904,0.023302,0.0063786,0,0.235996,3.8,0.00673868,0.37515,0.0888888888888889,0,0.00628146,1.382,0,0.0661112,0.477386,0.345761666483293,0,1.44,12.1,0.4995,2.19,5.0784,2.49476,0.58255,0.159465,21.0035842293907,5.8999,95,0.168467,9.37875,0.41875,2.91300251256281,0.1570365,34.55,0.154861111111111,1.65278,11.93465,0.663542620071984,1,0.508871063422381,7.2493608402609e-11,0.106675703561767,1.08322981141486,0.374289070832957,1.14085275216875,0.49197397476715,0.0811289049218722,13.2601343917181,0.86975064501522,14.926305971165,0.0367623215560257,3.88552556880721,0.21957546169713,6.58246702598952e-11,0.0134012083767732,8.47494283828582,0.00262250519838029,0.0672498050960735,4.09456305560179,0.355751752726122,0.816708454841973,67.5481309488624,123.638470623228,218.934430294999,0.840239999999991,1.67175778546711
122,GA,500,0,0.115435766184651,3.94418598402665,4.64235150199378,5.19760658095589,0.0674056902674009,0.00657727631074845,0.0159582170284738,0.00657727631074845,0.113343416142512,0.0685203081287785,0.0159582170284738,0.0685203081287785,0.0495362723034005,34.3432649217616,0.0185087947442308,0.0362,0,0.0692,0.01,0.203136,0.0997904,0.023302,0.0063786,0,0.235996,3.8,0.00673868,0.37515,0.0888888888888889,0,0.00628146,1.382,0,0.0661112,0.477386,0.345761666483293,0,1.44,12.1,0.4995,2.19,5.0784,2.49476,0.58255,0.159465,21.0035842293907,5.8999,95,0.168467,9.37875,0.41875,2.91300251256281,0.1570365,34.55,0.154861111111111,1.65278,11.93465,0.663542620071984,1,0.0433194100463836,6.85490059604685e-08,0.111605921471148,0.403940347586626,0.346722442424389,0.877964643016063,0.0765947091596555,0.0182177042265205,10.8926309164505,4.58086460011602,12.9498568945179,0.03980139721935,0.952210213392367,0.342776973874853,0.000906916338668913,0.048471069776101,15.4309180351339,3.13356372407745e-13,1.29606487869952,5.20121270299024,0.425376434642763,0.958933295004431,50.5966082654816,141.303218186564,197.951193743621,0.840239999999991,1.67175778546711
122,GA,500,1,0.115435766184651,3.94418598402665,4.64235150199378,5.19760658095589,0.0674056902674009,0.00657727631074845,0.0159582170284738,0.00657727631074845,0.113343416142512,0.0685203081287785,0.0159582170284738,0.0685203081287785,0.0495362723034005,34.3432649217616,0.0210555600591571,0.0362,0,0.0692,0.01,0.203136,0.0997904,0.023302,0.0063786,0,0.235996,3.8,0.00673868,0.37515,0.0888888888888889,0,0.00628146,1.382,0,0.0661112,0.477386,0.345761666483293,0,1.44,12.1,0.4995,2.19,5.0784,2.49476,0.58255,0.159465,21.0035842293907,5.8999,95,0.168467,9.37875,0.41875,2.91300251256281,0.1570365,34.55,0.154861111111111,1.65278,11.93465,0.663542620071984,1,0.37761354590067,1.37299261608059e-14,0.319039547719435,1.08322981141486,0.387630001463128,1.12395948825633,0.49197397476715,0.0715594175461503,2.63208927765504,2.97961341088896,13.0251149506815,0.0648923444862926,1.15570663578898,0.21957546169713,6.58246702598952e-12,0.112730761064111,10.5087260359772,6.00948589172599e-10,0.995151236192236,2.09251736849333,0.574096774166235,0.816708454841973,72.585947056381,86.0913827768148,177.998572903964,0.840239999999991,1.67175778546711
122,GA,500,1,0.115435766184651,3.94418598402665,4.64235150199378,5.19760658095589,0.0674056902674009,0.00657727631074845,0.0159582170284738,0.00657727631074845,0.113343416142512,0.0685203081287785,0.0159582170284738,0.0685203081287785,0.0495362723034005,34.3432649217616,0.0637031190782877,0.0362,0,0.0692,0.01,0.203136,0.0997904,0.023302,0.0063786,0,0.235996,3.8,0.00673868,0.37515,0.0888888888888889,0,0.00628146,1.382,0,0.0661112,0.477386,0.345761666483293,0,1.44,12.1,0.4995,2.19,5.0784,2.49476,0.58255,0.159465,21.0035842293907,5.8999,95,0.168467,9.37875,0.41875,2.91300251256281,0.1570365,34.55,0.154861111111111,1.65278,11.93465,0.663542620071984,1,1.21537744632824,3.61600277846288e-06,0.207565367283954,0.0690214038299745,0.35066703460394,0.87823903161539,0.352309904132563,0.0330128057569825,0.968974087004146,1.56940582724342,9.92148047503382,0.025180101812349,0.736842350728706,0.402052282308117,1.29963908785281e-18,0.0104010089956555,2.01367913886585,6.92161723584156e-21,0.114414165724649,6.55857546741764,0.386831518229695,0.758511957981166,43.0034031466838,102.864804658318,178.617355670386,0.840239999999991,1.67175778546711
122,GA,500,1,0.115435766184651,3.94418598402665,4.64235150199378,5.19760658095589,0.0674056902674009,0.00657727631074845,0.0159582170284738,0.00657727631074845,0.113343416142512,0.0685203081287785,0.0159582170284738,0.0685203081287785,0.0495362723034005,34.3432649217616,0.0125193222357066,0.0362,0,0.0692,0.01,0.203136,0.0997904,0.023302,0.0063786,0,0.235996,3.8,0.00673868,0.37515,0.0888888888888889,0,0.00628146,1.382,0,0.0661112,0.477386,0.345761666483293,0,1.44,12.1,0.4995,2.19,5.0784,2.49476,0.58255,0.159465,21.0035842293907,5.8999,95,0.168467,9.37875,0.41875,2.91300251256281,0.1570365,34.55,0.154861111111111,1.65278,11.93465,0.663542620071984,1,0.0511071195324601,1.37299261608059e-14,0.106675703561767,0.84745896001386,0.387630001463128,1.12395948825633,0.49197397476715,0.0576827980048167,0.833300095514468,0.52512445221487,14.926305971165,0.0192763124463403,4.41960985970513,0.21957546169713,6.58246702598952e-10,0.0134012083767732,10.5087260359772,0.0262250519838029,0.0995151236192236,8.01624434987282,0.574096774166235,0.816708454841973,49.4065427326263,69.5126459491475,134.51971321229,0.840239999999991,1.67175778546711
122,GA,500,0,0.115435766184651,3.94418598402665,4.64235150199378,5.19760658095589,0.0674056902674009,0.00657727631074845,0.0159582170284738,0.00657727631074845,0.113343416142512,0.0685203081287785,0.0159582170284738,0.0685203081287785,0.0495362723034005,34.3432649217616,8.29413036024527e-28,0.0362,0,0.0692,0.01,0.203136,0.0997904,0.023302,0.0063786,0,0.235996,3.8,0.00673868,0.37515,0.0888888888888889,0,0.00628146,1.382,0,0.0661112,0.477386,0.345761666483293,0,1.44,12.1,0.4995,2.19,5.0784,2.49476,0.58255,0.159465,21.0035842293907,5.8999,95,0.168467,9.37875,0.41875,2.91300251256281,0.1570365,34.55,0.154861111111111,1.65278,11.93465,0.663542620071984,1,0.037761354590067,7.2493608402609e-10,0.33554204560074,1.08322981141486,0.387630001463128,1.12395948825633,0.49197397476715,0.116941370040857,1.32601343917181,0.86975064501522,14.926305971165,0.0506118819857661,3.88552556880721,0.21957546169713,6.58246702598952e-10,0.0286726329341234,8.47494283828582,0.0262250519838029,0.995151236192236,8.61789905600272,0.355751752726122,0.816708454841973,51.0174337384985,102.866483583769,176.969948340142,0.840239999999991,1.67175778546711
122,GA,500,1,0.115435766184651,3.94418598402665,4.64235150199378,5.19760658095589,0.0674056902674009,0.00657727631074845,0.0159582170284738,0.00657727631074845,0.113343416142512,0.0685203081287785,0.0159582170284738,0.0685203081287785,0.0495362723034005,34.3432649217616,0.0329638751566618,0.0362,0,0.0692,0.01,0.203136,0.0997904,0.023302,0.0063786,0,0.235996,3.8,0.00673868,0.37515,0.0888888888888889,0,0.00628146,1.382,0,0.0661112,0.477386,0.345761666483293,0,1.44,12.1,0.4995,2.19,5.0784,2.49476,0.58255,0.159465,21.0035842293907,5.8999,95,0.168467,9.37875,0.41875,2.91300251256281,0.1570365,34.55,0.154861111111111,1.65278,11.93465,0.663542620071984,1,0.37761354590067,1.37299261608059e-14,0.33554204560074,1.08322981141486,0.387630001463128,1.12395948825633,0.49197397476715,0.14687482971743,13.2601343917181,1.04379568744073,5.98824209110219,0.0506118819857661,3.88552556880721,0.112671916743538,2.07860579025522e-07,0.0134012083767732,8.47494283828582,0.0262250519838029,0.995151236192236,2.09251736849333,0.355751752726122,0.816708454841973,62.8855663332713,152.735488519719,249.899044171299,0.840239999999991,1.67175778546711
122,GA,500,0,0.115435766184651,3.94418598402665,4.64235150199378,5.19760658095589,0.0674056902674009,0.00657727631074845,0.0159582170284738,0.00657727631074845,0.113343416142512,0.0685203081287785,0.0159582170284738,0.0685203081287785,0.0495362723034005,34.3432649217616,1.50424483032042e-20,0.0362,0,0.0692,0.01,0.203136,0.0997904,0.023302,0.0063786,0,0.235996,3.8,0.00673868,0.37515,0.0888888888888889,0,0.00628146,1.382,0,0.0661112,0.477386,0.345761666483293,0,1.44,12.1,0.4995,2.19,5.0784,2.49476,0.58255,0.159465,21.0035842293907,5.8999,95,0.168467,9.37875,0.41875,2.91300251256281,0.1570365,34.55,0.154861111111111,1.65278,11.93465,0.663542620071984,1,0.325032270570951,6.85490059604685e-08,0.379716216609904,0.403940347586626,0.346722442424389,0.877964643016063,0.437382911035942,0.0897190927538993,10.8926309164505,4.58086460011602,12.9498568945179,0.03980139721935,0.952210213392367,0.112645176114433,0.809494118959263,0.00768956438968787,15.4309180351339,3.97448770837526e-17,1.29606487869952,3.36791779424044,0.459244421647998,0.958933295004431,59.5560849145074,92.1501630435216,155.652615844843,0.840239999999991,1.67175778546711
122,GA,500,1,0.115435766184651,3.94418598402665,4.64235150199378,5.19760658095589,0.0674056902674009,0.00657727631074845,0.0159582170284738,0.00657727631074845,0.113343416142512,0.0685203081287785,0.0159582170284738,0.0685203081287785,0.0495362723034005,34.3432649217616,0.0264967037503012,0.0362,0,0.0692,0.01,0.203136,0.0997904,0.023302,0.0063786,0,0.235996,3.8,0.00673868,0.37515,0.0888888888888889,0,0.00628146,1.382,0,0.0661112,0.477386,0.345761666483293,0,1.44,12.1,0.4995,2.19,5.0784,2.49476,0.58255,0.159465,21.0035842293907,5.8999,95,0.168467,9.37875,0.41875,2.91300251256281,0.1570365,34.55,0.154861111111111,1.65278,11.93465,0.663542620071984,1,0.250337861355545,0.000962212939624555,0.243125489199321,0.0321629157726388,0.746696478864772,0.907940817336472,0.132853803086672,0.0754440460041584,4.37977534906498,5.7855760820609,4.48230758670022,0.141506926749212,0.497277148945414,0.12647110200761,0.0126020088799756,0.0711805999077773,9.49436040274598,6.3871641495397e-13,0.245613893127934,0.836096196602778,0.375849078759741,0.758511957981166,46.8245686512031,61.1191068264576,127.402213055295,0.840239999999991,1.67175778546711
122,GA,500,0,0.115435766184651,3.94418598402665,4.64235150199378,5.19760658095589,0.0674056902674009,0.00657727631074845,0.0159582170284738,0.00657727631074845,0.113343416142512,0.0685203081287785,0.0159582170284738,0.0685203081287785,0.0495362723034005,34.3432649217616,1.15754208432051e-40,0.0362,0,0.0692,0.01,0.203136,0.0997904,0.023302,0.0063786,0,0.235996,3.8,0.00673868,0.37515,0.0888888888888889,0,0.00628146,1.382,0,0.0661112,0.477386,0.345761666483293,0,1.44,12.1,0.4995,2.19,5.0784,2.49476,0.58255,0.159465,21.0035842293907,5.8999,95,0.168467,9.37875,0.41875,2.91300251256281,0.1570365,34.55,0.154861111111111,1.65278,11.93465,0.663542620071984,1,0.37761354590067,1.37299261608059e-14,0.106675703561767,1.08322981141486,0.387630001463128,1.12395948825633,0.41732765724745,0.14687482971743,1.32601343917181,1.04379568744073,5.98824209110219,0.0648923444862926,4.41960985970513,0.112671916743538,2.07860579025522e-07,0.0134012083767732,10.5087260359772,0.0262250519838029,0.189665733937792,2.09251736849333,0.369146955385249,0.816708454841973,50.4649312315575,103.655766346497,177.383865071362,0.840239999999991,1.67175778546711
122,GA,500,0,0.115435766184651,3.94418598402665,4.64235150199378,5.19760658095589,0.0674056902674009,0.00657727631074845,0.0159582170284738,0.00657727631074845,0.113343416142512,0.0685203081287785,0.0159582170284738,0.0685203081287785,0.0495362723034005,34.3432649217616,0.0120007744136724,0.0362,0,0.0692,0.01,0.203136,0.0997904,0.023302,0.0063786,0,0.235996,3.8,0.00673868,0.37515,0.0888888888888889,0,0.00628146,1.382,0,0.0661112,0.477386,0.345761666483293,0,1.44,12.1,0.4995,2.19,5.0784,2.49476,0.58255,0.159465,21.0035842293907,5.8999,95,0.168467,9.37875,0.41875,2.91300251256281,0.1570365,34.55,0.154861111111111,1.65278,11.93465,0.663542620071984,1,0.135879104256481,1.24182701690692e-12,0.275141935686574,1.08322981141486,0.387630001463128,1.12395948825633,0.41732765724745,0.14687482971743,1.32601343917181,1.51256532834357,29.2885011820845,0.0648923444862926,0.947715301823303,0.124865288981074,1.6861814844494e-17,0.109939237798492,2.97287225563837,0.0262250519838029,0.158997433493103,2.12441345307307,0.349439200605967,0.816708454841973,51.7294847595493,96.8146591528489,170.271981263497,0.840239999999991,1.67175778546711
122,GA,500,0,0.115435766184651,3.94418598402665,4.64235150199378,5.19760658095589,0.0674056902674009,0.00657727631074845,0.0159582170284738,0.00657727631074845,0.113343416142512,0.0685203081287785,0.0159582170284738,0.0685203081287785,0.0495362723034005,34.3432649217616,0.0100462601187283,0.0362,0,0.0692,0.01,0.203136,0.0997904,0.023302,0.0063786,0,0.235996,3.8,0.00673868,0.37515,0.0888888888888889,0,0.00628146,1.382,0,0.0661112,0.477386,0.345761666483293,0,1.44,12.1,0.4995,2.19,5.0784,2.49476,0.58255,0.159465,21.0035842293907,5.8999,95,0.168467,9.37875,0.41875,2.91300251256281,0.1570365,34.55,0.154861111111111,1.65278,11.93465,0.663542620071984,1,1.41300731303447,3.80772740021238e-19,0.319039547719435,0.131657833636732,0.463888089386661,1.12395948825633,0.41732765724745,0.0123453301286962,2.78177300927238,4.58086460011602,16.942540576199,0.03980139721935,1.84974606996705,0.171595256511933,0.00441806033405704,0.00768956438968787,10.5087260359772,9.72797905625576e-20,0.189665733937792,10.7125137653379,0.516084162380898,0.958933295004431,49.4695886015929,77.7096349106876,130.507169959458,0.840239999999991,1.67175778546711
122,GA,500,0,0.115435766184651,3.94418598402665,4.64235150199378,5.19760658095589,0.0674056902674009,0.00657727631074845,0.0159582170284738,0.00657727631074845,0.113343416142512,0.0685203081287785,0.0159582170284738,0.0685203081287785,0.0495362723034005,34.3432649217616,1.27531413829709e-06,0.0362,0,0.0692,0.01,0.203136,0.0997904,0.023302,0.0063786,0,0.235996,3.8,0.00673868,0.37515,0.0888888888888889,0,0.00628146,1.382,0,0.0661112,0.477386,0.345761666483293,0,1.44,12.1,0.4995,2.19,5.0784,2.49476,0.58255,0.159465,21.0035842293907,5.8999,95,0.168467,9.37875,0.41875,2.91300251256281,0.1570365,34.55,0.154861111111111,1.65278,11.93465,0.663542620071984,1,0.37761354590067,1.37299261608059e-14,0.106675703561767,1.08322981141486,0.387630001463128,1.12395948825633,0.41732765724745,0.14687482971743,1.32601343917181,1.04379568744073,5.98824209110219,0.0648923444862926,4.41960985970513,0.112671916743538,2.07860579025522e-07,0.134012083767732,10.5087260359772,0.0262250519838029,0.189665733937792,2.09251736849333,0.369146955385249,0.816708454841973,51.0693478502127,102.93148425761,177.101451041217,0.840239999999991,1.67175778546711
122,GA,500,1,0.115435766184651,3.94418598402665,4.64235150199378,5.19760658095589,0.0674056902674009,0.00657727631074845,0.0159582170284738,0.00657727631074845,0.113343416142512,0.0685203081287785,0.0159582170284738,0.0685203081287785,0.0495362723034005,34.3432649217616,0.0137795056703877,0.0362,0,0.0692,0.01,0.203136,0.0997904,0.023302,0.0063786,0,0.235996,3.8,0.00673868,0.37515,0.0888888888888889,0,0.00628146,1.382,0,0.0661112,0.477386,0.345761666483293,0,1.44,12.1,0.4995,2.19,5.0784,2.49476,0.58255,0.159465,21.0035842293907,5.8999,95,0.168467,9.37875,0.41875,2.91300251256281,0.1570365,34.55,0.154861111111111,1.65278,11.93465,0.663542620071984,1,0.037761354590067,7.2493608402609e-10,0.33554204560074,1.08322981141486,0.387630001463128,1.12395948825633,0.49197397476715,0.116941370040857,0.132601343917181,0.86975064501522,14.926305971165,0.0506118819857661,3.88552556880721,0.21957546169713,6.58246702598952e-11,0.0286726329341234,8.47494283828582,0.0262250519838029,0.995151236192236,8.61789905600272,0.355751752726122,0.816708454841973,42.4277390448187,100.720629403772,165.752811543622,0.840239999999991,1.67175778546711
122,GA,500,1,0.115435766184651,3.94418598402665,4.64235150199378,5.19760658095589,0.0674056902674009,0.00657727631074845,0.0159582170284738,0.00657727631074845,0.113343416142512,0.0685203081287785,0.0159582170284738,0.0685203081287785,0.0495362723034005,34.3432649217616,0.0147253748596496,0.0362,0,0.0692,0.01,0.203136,0.0997904,0.023302,0.0063786,0,0.235996,3.8,0.00673868,0.37515,0.0888888888888889,0,0.00628146,1.382,0,0.0661112,0.477386,0.345761666483293,0,1.44,12.1,0.4995,2.19,5.0784,2.49476,0.58255,0.159465,21.0035842293907,5.8999,95,0.168467,9.37875,0.41875,2.91300251256281,0.1570365,34.55,0.154861111111111,1.65278,11.93465,0.663542620071984,1,0.0582683501613331,4.24768382833096e-15,0.239919977357982,0.84745896001386,0.387630001463128,0.558146291259839,0.49197397476715,0.0576827980048167,1.32601343917181,1.44873097982681,6.85502581168269,0.0322242209876462,4.41960985970513,0.21957546169713,6.58246702598952e-11,0.0549257323456414,11.7048172577826,1.38695515175163e-19,0.407822343390313,1.96910767623804,0.42448203057904,0.816708454841973,51.4531355731893,73.5266317180401,141.481139179772,0.840239999999991,1.67175778546711
122,GA,500,1,0.115435766184651,3.94418598402665,4.64235150199378,5.19760658095589,0.0674056902674009,0.00657727631074845,0.0159582170284738,0.00657727631074845,0.113343416142512,0.0685203081287785,0.0159582170284738,0.0685203081287785,0.0495362723034005,34.3432649217616,0.0172746187227777,0.0362,0,0.0692,0.01,0.203136,0.0997904,0.023302,0.0063786,0,0.235996,3.8,0.00673868,0.37515,0.0888888888888889,0,0.00628146,1.382,0,0.0661112,0.477386,0.345761666483293,0,1.44,12.1,0.4995,2.19,5.0784,2.49476,0.58255,0.159465,21.0035842293907,5.8999,95,0.168467,9.37875,0.41875,2.91300251256281,0.1570365,34.55,0.154861111111111,1.65278,11.93465,0.663542620071984,1,0.037761354590067,1.37097574126542e-07,0.148234997064116,0.0303102642237714,0.939617465213638,2.25452677445381,0.0435232934882241,0.0183275062246172,5.38095316724128,3.96575356406749,13.0251149506815,0.0648923444862926,2.38667318561242,0.112671916743538,2.07860579025522e-07,0.0134012083767732,12.9719280186057,4.31592086903494e-08,0.416217711912654,2.09251736849333,0.489187823695342,0.816708454841973,47.8852461005428,72.1282499334409,136.201033093831,0.840239999999991,1.67175778546711
122,GA,500,0,0.115435766184651,3.94418598402665,4.64235150199378,5.19760658095589,0.0674056902674009,0.00657727631074845,0.0159582170284738,0.00657727631074845,0.113343416142512,0.0685203081287785,0.0159582170284738,0.0685203081287785,0.0495362723034005,34.3432649217616,0.000668355490030957,0.0362,0,0.0692,0.01,0.203136,0.0997904,0.023302,0.0063786,0,0.235996,3.8,0.00673868,0.37515,0.0888888888888889,0,0.00628146,1.382,0,0.0661112,0.477386,0.345761666483293,0,1.44,12.1,0.4995,2.19,5.0784,2.49476,0.58255,0.159465,21.0035842293907,5.8999,95,0.168467,9.37875,0.41875,2.91300251256281,0.1570365,34.55,0.154861111111111,1.65278,11.93465,0.663542620071984,1,0.37761354590067,0.000181454098040417,0.106675703561767,1.08322981141486,0.387630001463128,1.12395948825633,0.49197397476715,0.12758690135907,1.32601343917181,0.512485638195356,14.926305971165,0.0506118819857661,2.65320590739658,0.21957546169713,6.58246702598952e-11,0.0286726329341234,8.47494283828582,0.0262250519838029,0.995151236192236,2.09251736849333,0.574096774166235,0.816708454841973,63.4508024742477,118.624033449237,208.697288837843,0.840239999999991,1.67175778546711
122,GA,500,0,0.115435766184651,3.94418598402665,4.64235150199378,5.19760658095589,0.0674056902674009,0.00657727631074845,0.0159582170284738,0.00657727631074845,0.113343416142512,0.0685203081287785,0.0159582170284738,0.0685203081287785,0.0495362723034005,34.3432649217616,0.00142276482022617,0.0362,0,0.0692,0.01,0.203136,0.0997904,0.023302,0.0063786,0,0.235996,3.8,0.00673868,0.37515,0.0888888888888889,0,0.00628146,1.382,0,0.0661112,0.477386,0.345761666483293,0,1.44,12.1,0.4995,2.19,5.0784,2.49476,0.58255,0.159465,21.0035842293907,5.8999,95,0.168467,9.37875,0.41875,2.91300251256281,0.1570365,34.55,0.154861111111111,1.65278,11.93465,0.663542620071984,1,0.037761354590067,7.2493608402609e-10,0.33554204560074,0.0256634978671053,1.21717769252965,1.12395948825633,0.0251196502824565,0.033139448904899,3.71592897202755,1.01873307610047,14.926305971165,0.046403630454175,1.92122106675398,0.148758484655634,3.38313429216796e-15,0.0286726329341234,8.47494283828582,0.0262250519838029,0.995151236192236,8.61789905600272,0.36497171163808,0.816708454841973,52.7255927848945,126.93128665427,208.14370545624,0.840239999999991,1.67175778546711
122,GA,500,0,0.115435766184651,3.94418598402665,4.64235150199378,5.19760658095589,0.0674056902674009,0.00657727631074845,0.0159582170284738,0.00657727631074845,0.113343416142512,0.0685203081287785,0.0159582170284738,0.0685203081287785,0.0495362723034005,34.3432649217616,0.00589248039942373,0.0362,0,0.0692,0.01,0.203136,0.0997904,0.023302,0.0063786,0,0.235996,3.8,0.00673868,0.37515,0.0888888888888889,0,0.00628146,1.382,0,0.0661112,0.477386,0.345761666483293,0,1.44,12.1,0.4995,2.19,5.0784,2.49476,0.58255,0.159465,21.0035842293907,5.8999,95,0.168467,9.37875,0.41875,2.91300251256281,0.1570365,34.55,0.154861111111111,1.65278,11.93465,0.663542620071984,1,0.508871063422381,6.85490059604685e-09,0.145688369980611,1.08322981141486,0.374289070832957,1.14085275216875,0.49197397476715,0.0897190927538993,10.8926309164505,5.12485638195356,15.8254897119093,0.0367623215560257,2.18631169419371,0.112645176114433,2.03122090371257e-17,0.134012083767732,23.7325861556414,1.29635496158118e-16,1.50416525073343,4.09456305560179,0.574096774166235,0.816708454841973,72.0815585846725,137.531905017756,240.479356112516,0.840239999999991,1.67175778546711
122,GA,500,1,0.115435766184651,3.94418598402665,4.64235150199378,5.19760658095589,0.0674056902674009,0.00657727631074845,0.0159582170284738,0.00657727631074845,0.113343416142512,0.0685203081287785,0.0159582170284738,0.0685203081287785,0.0495362723034005,34.3432649217616,0.0270328339254924,0.0362,0,0.0692,0.01,0.203136,0.0997904,0.023302,0.0063786,0,0.235996,3.8,0.00673868,0.37515,0.0888888888888889,0,0.00628146,1.382,0,0.0661112,0.477386,0.345761666483293,0,1.44,12.1,0.4995,2.19,5.0784,2.49476,0.58255,0.159465,21.0035842293907,5.8999,95,0.168467,9.37875,0.41875,2.91300251256281,0.1570365,34.55,0.154861111111111,1.65278,11.93465,0.663542620071984,1,1.42277391274274,3.37454810582022e-12,0.312890732115484,0.576730140425539,0.469519354492623,0.444972858811439,0.20465930160183,0.0109070086519886,1.22438659972536,0.73696662959153,8.96119325223109,0.141506926749212,3.54645996065613,0.325232901335974,2.93611046275789e-12,0.086256088462891,9.30084855605617,9.39477879871206e-05,0.19376486332315,3.69204051214267,0.487501489445734,0.758511957981166,39.7229745924935,127.852021097213,208.279343087329,0.840239999999991,1.67175778546711
122,GA,500,0,0.115435766184651,3.94418598402665,4.64235150199378,5.19760658095589,0.0674056902674009,0.00657727631074845,0.0159582170284738,0.00657727631074845,0.113343416142512,0.0685203081287785,0.0159582170284738,0.0685203081287785,0.0495362723034005,34.3432649217616,8.47259845766013e-05,0.0362,0,0.0692,0.01,0.203136,0.0997904,0.023302,0.0063786,0,0.235996,3.8,0.00673868,0.37515,0.0888888888888889,0,0.00628146,1.382,0,0.0661112,0.477386,0.345761666483293,0,1.44,12.1,0.4995,2.19,5.0784,2.49476,0.58255,0.159465,21.0035842293907,5.8999,95,0.168467,9.37875,0.41875,2.91300251256281,0.1570365,34.55,0.154861111111111,1.65278,11.93465,0.663542620071984,1,0.037761354590067,2.52766016549392e-11,0.319039547719435,1.08322981141486,1.1517193920821,1.12395948825633,0.49197397476715,0.0582962586775933,1.44869697039308,0.260899609612407,14.926305971165,0.0692629681538247,4.16920699101323,0.21957546169713,8.5651426907191e-06,0.0640855132126961,8.47494283828582,5.88178522622908e-06,0.692279503726635,4.23373305866733,0.542504689826477,0.816708454841973,50.5456322928482,61.0032236568213,125.23963514681,0.840239999999991,1.67175778546711
122,GA,500,1,0.115435766184651,3.94418598402665,4.64235150199378,5.19760658095589,0.0674056902674009,0.00657727631074845,0.0159582170284738,0.00657727631074845,0.113343416142512,0.0685203081287785,0.0159582170284738,0.0685203081287785,0.0495362723034005,34.3432649217616,0.017837117679642,0.0362,0,0.0692,0.01,0.203136,0.0997904,0.023302,0.0063786,0,0.235996,3.8,0.00673868,0.37515,0.0888888888888889,0,0.00628146,1.382,0,0.0661112,0.477386,0.345761666483293,0,1.44,12.1,0.4995,2.19,5.0784,2.49476,0.58255,0.159465,21.0035842293907,5.8999,95,0.168467,9.37875,0.41875,2.91300251256281,0.1570365,34.55,0.154861111111111,1.65278,11.93465,0.663542620071984,1,0.037761354590067,7.2493608402609e-11,0.33554204560074,1.08322981141486,0.387630001463128,0.112395948825633,0.49197397476715,0.116941370040857,13.2601343917181,0.86975064501522,14.926305971165,0.0506118819857661,3.88552556880721,0.21957546169713,6.58246702598952e-11,0.0286726329341234,8.47494283828582,0.000262250519838029,0.0995151236192236,8.61789905600272,0.355751752726122,0.816708454841973,69.5029204187789,110.805500133476,205.176182372355,0.840239999999991,1.67175778546711
122,GA,500,0,0.115435766184651,3.94418598402665,4.64235150199378,5.19760658095589,0.0674056902674009,0.00657727631074845,0.0159582170284738,0.00657727631074845,0.113343416142512,0.0685203081287785,0.0159582170284738,0.0685203081287785,0.0495362723034005,34.3432649217616,0.00133026465362506,0.0362,0,0.0692,0.01,0.203136,0.0997904,0.023302,0.0063786,0,0.235996,3.8,0.00673868,0.37515,0.0888888888888889,0,0.00628146,1.382,0,0.0661112,0.477386,0.345761666483293,0,1.44,12.1,0.4995,2.19,5.0784,2.49476,0.58255,0.159465,21.0035842293907,5.8999,95,0.168467,9.37875,0.41875,2.91300251256281,0.1570365,34.55,0.154861111111111,1.65278,11.93465,0.663542620071984,1,0.37761354590067,7.2493608402609e-10,0.33554204560074,1.08322981141486,3.87630001463128,1.12395948825633,0.49197397476715,0.116941370040857,13.2601343917181,0.86975064501522,14.926305971165,0.0506118819857661,3.88552556880721,0.21957546169713,6.58246702598952e-11,0.0286726329341234,8.47494283828582,0.0262250519838029,0.995151236192236,8.61789905600272,0.355751752726122,0.816708454841973,72.9833610610149,89.7874442400736,182.92154488629,0.840239999999991,1.67175778546711
122,GA,500,0,0.115435766184651,3.94418598402665,4.64235150199378,5.19760658095589,0.0674056902674009,0.00657727631074845,0.0159582170284738,0.00657727631074845,0.113343416142512,0.0685203081287785,0.0159582170284738,0.0685203081287785,0.0495362723034005,34.3432649217616,5.0346508435723e-05,0.0362,0,0.0692,0.01,0.203136,0.0997904,0.023302,0.0063786,0,0.235996,3.8,0.00673868,0.37515,0.0888888888888889,0,0.00628146,1.382,0,0.0661112,0.477386,0.345761666483293,0,1.44,12.1,0.4995,2.19,5.0784,2.49476,0.58255,0.159465,21.0035842293907,5.8999,95,0.168467,9.37875,0.41875,2.91300251256281,0.1570365,34.55,0.154861111111111,1.65278,11.93465,0.663542620071984,1,0.037761354590067,7.2493608402609e-09,0.33554204560074,1.08322981141486,0.387630001463128,1.12395948825633,0.49197397476715,0.116941370040857,1.32601343917181,0.86975064501522,14.926305971165,0.0506118819857661,3.88552556880721,0.21957546169713,6.58246702598952e-11,0.0286726329341234,8.47494283828582,0.0262250519838029,0.995151236192236,0.861789905600272,0.355751752726122,0.816708454841973,51.3095908528237,102.781779602005,177.158391600077,0.840239999999991,1.67175778546711
122,GA,500,0,0.115435766184651,3.94418598402665,4.64235150199378,5.19760658095589,0.0674056902674009,0.00657727631074845,0.0159582170284738,0.00657727631074845,0.113343416142512,0.0685203081287785,0.0159582170284738,0.0685203081287785,0.0495362723034005,34.3432649217616,0.000943826168228276,0.0362,0,0.0692,0.01,0.203136,0.0997904,0.023302,0.0063786,0,0.235996,3.8,0.00673868,0.37515,0.0888888888888889,0,0.00628146,1.382,0,0.0661112,0.477386,0.345761666483293,0,1.44,12.1,0.4995,2.19,5.0784,2.49476,0.58255,0.159465,21.0035842293907,5.8999,95,0.168467,9.37875,0.41875,2.91300251256281,0.1570365,34.55,0.154861111111111,1.65278,11.93465,0.663542620071984,1,0.37761354590067,1.37299261608059e-14,0.106675703561767,1.08322981141486,0.387630001463128,1.12395948825633,0.41732765724745,0.14687482971743,1.32601343917181,1.04379568744073,5.98824209110219,0.0648923444862926,4.41960985970513,0.112671916743538,2.07860579025522e-07,0.134012083767732,10.5087260359772,0.00262250519838029,0.189665733937792,2.09251736849333,0.369146955385249,0.816708454841973,51.4734212499197,133.665296424174,215.136838264548,0.840239999999991,1.67175778546711
122,GA,500,0,0.115435766184651,3.94418598402665,4.64235150199378,5.19760658095589,0.0674056902674009,0.00657727631074845,0.0159582170284738,0.00657727631074845,0.113343416142512,0.0685203081287785,0.0159582170284738,0.0685203081287785,0.0495362723034005,34.3432649217616,8.29431657990921e-28,0.0362,0,0.0692,0.01,0.203136,0.0997904,0.023302,0.0063786,0,0.235996,3.8,0.00673868,0.37515,0.0888888888888889,0,0.00628146,1.382,0,0.0661112,0.477386,0.345761666483293,0,1.44,12.1,0.4995,2.19,5.0784,2.49476,0.58255,0.159465,21.0035842293907,5.8999,95,0.168467,9.37875,0.41875,2.91300251256281,0.1570365,34.55,0.154861111111111,1.65278,11.93465,0.663542620071984,1,0.037761354590067,7.2493608402609e-11,0.33554204560074,1.08322981141486,0.387630001463128,1.12395948825633,0.49197397476715,0.116941370040857,1.32601343917181,0.86975064501522,14.926305971165,0.0506118819857661,3.88552556880721,0.21957546169713,6.58246702598952e-10,0.0286726329341234,8.47494283828582,0.0262250519838029,0.995151236192236,8.61789905600272,0.355751752726122,0.816708454841973,51.0174337358196,102.866483552404,176.969948299058,0.840239999999991,1.67175778546711
122,GA,500,0,0.115435766184651,3.94418598402665,4.64235150199378,5.19760658095589,0.0674056902674009,0.00657727631074845,0.0159582170284738,0.00657727631074845,0.113343416142512,0.0685203081287785,0.0159582170284738,0.0685203081287785,0.0495362723034005,34.3432649217616,0.00992126835708072,0.0362,0,0.0692,0.01,0.203136,0.0997904,0.023302,0.0063786,0,0.235996,3.8,0.00673868,0.37515,0.0888888888888889,0,0.00628146,1.382,0,0.0661112,0.477386,0.345761666483293,0,1.44,12.1,0.4995,2.19,5.0784,2.49476,0.58255,0.159465,21.0035842293907,5.8999,95,0.168467,9.37875,0.41875,2.91300251256281,0.1570365,34.55,0.154861111111111,1.65278,11.93465,0.663542620071984,1,0.797833761274659,8.63678339701752e-12,0.197790223679982,0.0303102642237714,0.775755855342374,0.370531043808187,0.149595014507914,0.0240583040679519,5.38095316724128,0.713523926670958,13.0251149506815,0.0543127778898188,4.41960985970513,0.112671916743538,4.46165920418132e-18,0.0134012083767732,12.9719280186057,4.31592086903494e-08,0.183169860838341,2.41174556793788,0.489187823695342,0.816708454841973,60.73981325398,111.990376197824,197.863869621798,0.840239999999991,1.67175778546711
122,GA,500,0,0.115435766184651,3.94418598402665,4.64235150199378,5.19760658095589,0.0674056902674009,0.00657727631074845,0.0159582170284738,0.00657727631074845,0.113343416142512,0.0685203081287785,0.0159582170284738,0.0685203081287785,0.0495362723034005,34.3432649217616,2.78733697672258e-18,0.0362,0,0.0692,0.01,0.203136,0.0997904,0.023302,0.0063786,0,0.235996,3.8,0.00673868,0.37515,0.0888888888888889,0,0.00628146,1.382,0,0.0661112,0.477386,0.345761666483293,0,1.44,12.1,0.4995,2.19,5.0784,2.49476,0.58255,0.159465,21.0035842293907,5.8999,95,0.168467,9.37875,0.41875,2.91300251256281,0.1570365,34.55,0.154861111111111,1.65278,11.93465,0.663542620071984,1,0.37761354590067,1.37299261608059e-14,0.106675703561767,1.08322981141486,0.387630001463128,1.12395948825633,0.41732765724745,0.14687482971743,1.32601343917181,1.04379568744073,5.98824209110219,0.0648923444862926,4.41960985970513,0.112671916743538,2.07860579025522e-08,0.0134012083767732,10.5087260359772,0.0262250519838029,0.189665733937792,2.09251736849333,0.369146955385249,0.816708454841973,50.4649312634182,103.655783187877,177.383885724265,0.840239999999991,1.67175778546711
122,GA,500,0,0.115435766184651,3.94418598402665,4.64235150199378,5.19760658095589,0.0674056902674009,0.00657727631074845,0.0159582170284738,0.00657727631074845,0.113343416142512,0.0685203081287785,0.0159582170284738,0.0685203081287785,0.0495362723034005,34.3432649217616,1.18547463919611e-38,0.0362,0,0.0692,0.01,0.203136,0.0997904,0.023302,0.0063786,0,0.235996,3.8,0.00673868,0.37515,0.0888888888888889,0,0.00628146,1.382,0,0.0661112,0.477386,0.345761666483293,0,1.44,12.1,0.4995,2.19,5.0784,2.49476,0.58255,0.159465,21.0035842293907,5.8999,95,0.168467,9.37875,0.41875,2.91300251256281,0.1570365,34.55,0.154861111111111,1.65278,11.93465,0.663542620071984,1,0.287863162330782,4.24768382833096e-15,0.239919977357982,0.84745896001386,0.387630001463128,1.59285190205175,0.49197397476715,0.0576827980048167,0.833300095514468,1.44873097982681,14.926305971165,0.0192763124463403,4.41960985970513,0.21957546169713,3.81234982264063e-14,0.0175322492207075,11.7048172577826,2.56679370224842e-21,0.0844298921068291,6.57989961638323,0.484755499573509,0.816708454841973,52.0522633227587,126.29838856999,206.695438400979,0.840239999999991,1.67175778546711
122,GA,500,0,0.115435766184651,3.94418598402665,4.64235150199378,5.19760658095589,0.0674056902674009,0.00657727631074845,0.0159582170284738,0.00657727631074845,0.113343416142512,0.0685203081287785,0.0159582170284738,0.0685203081287785,0.0495362723034005,34.3432649217616,0.00344152374977443,0.0362,0,0.0692,0.01,0.203136,0.0997904,0.023302,0.0063786,0,0.235996,3.8,0.00673868,0.37515,0.0888888888888889,0,0.00628146,1.382,0,0.0661112,0.477386,0.345761666483293,0,1.44,12.1,0.4995,2.19,5.0784,2.49476,0.58255,0.159465,21.0035842293907,5.8999,95,0.168467,9.37875,0.41875,2.91300251256281,0.1570365,34.55,0.154861111111111,1.65278,11.93465,0.663542620071984,1,0.0511071195324601,8.10806660247839e-17,0.0719554922018008,0.84745896001386,0.387630001463128,0.348298741174201,0.49197397476715,0.0576827980048167,1.86412874473012,0.949739540455731,14.926305971165,0.0192763124463403,4.41960985970513,0.21957546169713,0.109181512313709,0.079657409189384,10.5087260359772,0.00132390400816407,0.131666285412128,8.01624434987282,0.574096774166235,0.816708454841973,51.2884694409932,84.3738302470041,154.598077351603,0.840239999999991,1.67175778546711
122,GA,500,0,0.115435766184651,3.94418598402665,4.64235150199378,5.19760658095589,0.0674056902674009,0.00657727631074845,0.0159582170284738,0.00657727631074845,0.113343416142512,0.0685203081287785,0.0159582170284738,0.0685203081287785,0.0495362723034005,34.3432649217616,7.0729128881279e-62,0.0362,0,0.0692,0.01,0.203136,0.0997904,0.023302,0.0063786,0,0.235996,3.8,0.00673868,0.37515,0.0888888888888889,0,0.00628146,1.382,0,0.0661112,0.477386,0.345761666483293,0,1.44,12.1,0.4995,2.19,5.0784,2.49476,0.58255,0.159465,21.0035842293907,5.8999,95,0.168467,9.37875,0.41875,2.91300251256281,0.1570365,34.55,0.154861111111111,1.65278,11.93465,0.663542620071984,1,0.325032270570951,6.85490059604685e-07,0.48955750390164,1.63276703201205,0.346722442424389,0.144453019640703,0.437382911035942,0.0170207200163719,10.8926309164505,5.72752345947607,10.883806789521,0.03980139721935,3.88689267312759,0.112645176114433,2.79748765035835e-16,0.0831445859145277,9.33660336753228,5.39721923830967e-16,0.0723912663748611,3.36791779424044,0.553001615198793,0.0958933295004431,24.4459235827589,10.614527209462,135.136909752062,0.840239999999991,1.67175778546711
122,GA,500,0,0.115435766184651,3.94418598402665,4.64235150199378,5.19760658095589,0.0674056902674009,0.00657727631074845,0.0159582170284738,0.00657727631074845,0.113343416142512,0.0685203081287785,0.0159582170284738,0.0685203081287785,0.0495362723034005,34.3432649217616,3.46994390892002e-06,0.0362,0,0.0692,0.01,0.203136,0.0997904,0.023302,0.0063786,0,0.235996,3.8,0.00673868,0.37515,0.0888888888888889,0,0.00628146,1.382,0,0.0661112,0.477386,0.345761666483293,0,1.44,12.1,0.4995,2.19,5.0784,2.49476,0.58255,0.159465,21.0035842293907,5.8999,95,0.168467,9.37875,0.41875,2.91300251256281,0.1570365,34.55,0.154861111111111,1.65278,11.93465,0.663542620071984,1,0.744467503747806,3.80772740021238e-18,0.0743581957801286,0.131657833636732,0.346722442424389,1.0427851361232,0.369990044881856,0.0897190927538993,10.8926309164505,4.58086460011602,16.942540576199,0.03980139721935,0.952210213392367,0.112645176114433,0.00029644168538526,0.0768956438968787,11.1920071228968,9.72797905625576e-19,0.465313113222956,1.02973372027796,0.516084162380898,0.958933295004431,43.4977178571066,111.058152180162,159.311980182463,0.840239999999991,1.67175778546711
122,GA,500,0,0.115435766184651,3.94418598402665,4.64235150199378,5.19760658095589,0.0674056902674009,0.00657727631074845,0.0159582170284738,0.00657727631074845,0.113343416142512,0.0685203081287785,0.0159582170284738,0.0685203081287785,0.0495362723034005,34.3432649217616,0,0.0362,0,0.0692,0.01,0.203136,0.0997904,0.023302,0.0063786,0,0.235996,3.8,0.00673868,0.37515,0.0888888888888889,0,0.00628146,1.382,0,0.0661112,0.477386,0.345761666483293,0,1.44,12.1,0.4995,2.19,5.0784,2.49476,0.58255,0.159465,21.0035842293907,5.8999,95,0.168467,9.37875,0.41875,2.91300251256281,0.1570365,34.55,0.154861111111111,1.65278,11.93465,0.663542620071984,1,0.037761354590067,7.2493608402609e-11,0.33554204560074,1.08322981141486,0.387630001463128,1.12395948825633,0.49197397476715,0.116941370040857,1.32601343917181,0.86975064501522,14.926305971165,0.0506118819857661,3.88552556880721,0.21957546169713,6.58246702598952e-11,0.0286726329341234,8.47494283828582,0.0262250519838029,0.995151236192236,8.61789905600272,0.355751752726122,0.816708454841973,51.0174337360605,102.866483563477,176.969948312857,0.840239999999991,1.67175778546711
122,GA,500,1,0.115435766184651,3.94418598402665,4.64235150199378,5.19760658095589,0.0674056902674009,0.00657727631074845,0.0159582170284738,0.00657727631074845,0.113343416142512,0.0685203081287785,0.0159582170284738,0.0685203081287785,0.0495362723034005,34.3432649217616,0.0329638751566618,0.0362,0,0.0692,0.01,0.203136,0.0997904,0.023302,0.0063786,0,0.235996,3.8,0.00673868,0.37515,0.0888888888888889,0,0.00628146,1.382,0,0.0661112,0.477386,0.345761666483293,0,1.44,12.1,0.4995,2.19,5.0784,2.49476,0.58255,0.159465,21.0035842293907,5.8999,95,0.168467,9.37875,0.41875,2.91300251256281,0.1570365,34.55,0.154861111111111,1.65278,11.93465,0.663542620071984,1,0.37761354590067,1.37299261608059e-14,0.33554204560074,1.08322981141486,0.387630001463128,1.12395948825633,0.49197397476715,0.14687482971743,13.2601343917181,1.04379568744073,5.98824209110219,0.0506118819857661,3.88552556880721,0.112671916743538,2.07860579025522e-07,0.0134012083767732,8.47494283828582,0.0262250519838029,0.995151236192236,2.09251736849333,0.355751752726122,0.816708454841973,62.8855663332713,152.735488519719,249.899044171299,0.840239999999991,1.67175778546711
122,GA,500,0,0.115435766184651,3.94418598402665,4.64235150199378,5.19760658095589,0.0674056902674009,0.00657727631074845,0.0159582170284738,0.00657727631074845,0.113343416142512,0.0685203081287785,0.0159582170284738,0.0685203081287785,0.0495362723034005,34.3432649217616,0.0124329735358717,0.0362,0,0.0692,0.01,0.203136,0.0997904,0.023302,0.0063786,0,0.235996,3.8,0.00673868,0.37515,0.0888888888888889,0,0.00628146,1.382,0,0.0661112,0.477386,0.345761666483293,0,1.44,12.1,0.4995,2.19,5.0784,2.49476,0.58255,0.159465,21.0035842293907,5.8999,95,0.168467,9.37875,0.41875,2.91300251256281,0.1570365,34.55,0.154861111111111,1.65278,11.93465,0.663542620071984,1,0.037761354590067,2.52766016549392e-10,0.33554204560074,1.08322981141486,0.387630001463128,0.112395948825633,0.49051603916839,0.116941370040857,1.32601343917181,0.86975064501522,14.926305971165,0.0510413062487021,3.88552556880721,0.21957546169713,6.58246702598952e-11,0.0286726329341234,8.47494283828582,0.0262250519838029,0.608952758863048,8.61789905600272,0.355751752726122,0.816708454841973,50.8787001730396,99.3986945559941,172.585159762988,0.840239999999991,1.67175778546711
122,GA,500,1,0.115435766184651,3.94418598402665,4.64235150199378,5.19760658095589,0.0674056902674009,0.00657727631074845,0.0159582170284738,0.00657727631074845,0.113343416142512,0.0685203081287785,0.0159582170284738,0.0685203081287785,0.0495362723034005,34.3432649217616,0.0274835283710892,0.0362,0,0.0692,0.01,0.203136,0.0997904,0.023302,0.0063786,0,0.235996,3.8,0.00673868,0.37515,0.0888888888888889,0,0.00628146,1.382,0,0.0661112,0.477386,0.345761666483293,0,1.44,12.1,0.4995,2.19,5.0784,2.49476,0.58255,0.159465,21.0035842293907,5.8999,95,0.168467,9.37875,0.41875,2.91300251256281,0.1570365,34.55,0.154861111111111,1.65278,11.93465,0.663542620071984,1,0.913381268467511,1.25522678780722e-19,0.484352991439676,1.08322981141486,0.387630001463128,1.12395948825633,0.555404410358929,0.116941370040857,13.2601343917181,0.86975064501522,14.926305971165,0.0506118819857661,3.88552556880721,0.121518053337472,6.58246702598952e-11,0.0286726329341234,8.47494283828582,4.24375451749881e-12,0.995151236192236,8.61789905600272,0.355751752726122,0.816708454841973,66.771195601146,167.354048764001,271.684035393386,0.840239999999991,1.67175778546711
122,GA,500,0,0.115435766184651,3.94418598402665,4.64235150199378,5.19760658095589,0.0674056902674009,0.00657727631074845,0.0159582170284738,0.00657727631074845,0.113343416142512,0.0685203081287785,0.0159582170284738,0.0685203081287785,0.0495362723034005,34.3432649217616,0.00335916991080437,0.0362,0,0.0692,0.01,0.203136,0.0997904,0.023302,0.0063786,0,0.235996,3.8,0.00673868,0.37515,0.0888888888888889,0,0.00628146,1.382,0,0.0661112,0.477386,0.345761666483293,0,1.44,12.1,0.4995,2.19,5.0784,2.49476,0.58255,0.159465,21.0035842293907,5.8999,95,0.168467,9.37875,0.41875,2.91300251256281,0.1570365,34.55,0.154861111111111,1.65278,11.93465,0.663542620071984,1,0.037761354590067,1.95050271326823e-05,0.41552131248852,0.0157587581807599,0.746696478864772,0.907940817336472,0.0827906407855193,0.0419109649742696,4.37977534906498,0.73696662959153,14.926305971165,0.0141506926749212,3.17679634748729,0.12647110200761,6.58246702598952e-11,0.0134012083767732,9.30084855605617,3.69399144302514e-09,0.852810035757825,6.55857546741764,0.375849078759741,0.758511957981166,42.4495966507972,235.912920055999,353.470296553667,0.840239999999991,1.67175778546711
122,GA,500,0,0.115435766184651,3.94418598402665,4.64235150199378,5.19760658095589,0.0674056902674009,0.00657727631074845,0.0159582170284738,0.00657727631074845,0.113343416142512,0.0685203081287785,0.0159582170284738,0.0685203081287785,0.0495362723034005,34.3432649217616,0,0.0362,0,0.0692,0.01,0.203136,0.0997904,0.023302,0.0063786,0,0.235996,3.8,0.00673868,0.37515,0.0888888888888889,0,0.00628146,1.382,0,0.0661112,0.477386,0.345761666483293,0,1.44,12.1,0.4995,2.19,5.0784,2.49476,0.58255,0.159465,21.0035842293907,5.8999,95,0.168467,9.37875,0.41875,2.91300251256281,0.1570365,34.55,0.154861111111111,1.65278,11.93465,0.663542620071984,1,0.582683501613331,4.24768382833096e-15,0.239919977357982,0.84745896001386,0.387630001463128,0.558146291259839,0.49197397476715,0.0576827980048167,1.32601343917181,1.44873097982681,6.85502581168269,0.0322242209876462,4.41960985970513,0.21957546169713,6.58246702598952e-11,0.0549257323456414,11.7048172577826,1.38695515175163e-19,0.407822343390313,1.96910767623804,0.42448203057904,0.816708454841973,51.9914353343462,107.18313315542,183.229372838201,0.840239999999991,1.67175778546711
122,GA,500,0,0.115435766184651,3.94418598402665,4.64235150199378,5.19760658095589,0.0674056902674009,0.00657727631074845,0.0159582170284738,0.00657727631074845,0.113343416142512,0.0685203081287785,0.0159582170284738,0.0685203081287785,0.0495362723034005,34.3432649217616,0.00902298518697257,0.0362,0,0.0692,0.01,0.203136,0.0997904,0.023302,0.0063786,0,0.235996,3.8,0.00673868,0.37515,0.0888888888888889,0,0.00628146,1.382,0,0.0661112,0.477386,0.345761666483293,0,1.44,12.1,0.4995,2.19,5.0784,2.49476,0.58255,0.159465,21.0035842293907,5.8999,95,0.168467,9.37875,0.41875,2.91300251256281,0.1570365,34.55,0.154861111111111,1.65278,11.93465,0.663542620071984,1,0.433194100463836,1.37299261608059e-15,0.106675703561767,1.08322981141486,0.374289070832957,1.6987294987839,0.49197397476715,0.0297278878607167,3.27346768517959,4.69323623617571,25.4442697678591,0.0168368221923206,4.41960985970513,0.21957546169713,0.000906916338668913,0.0134012083767732,16.8612041775535,0.00262250519838029,0.835924390746135,4.09456305560179,0.574096774166235,0.816708454841973,53.2336387825169,102.552115267904,178.801232285326,0.840239999999991,1.67175778546711
122,GA,500,1,0.115435766184651,3.94418598402665,4.64235150199378,5.19760658095589,0.0674056902674009,0.00657727631074845,0.0159582170284738,0.00657727631074845,0.113343416142512,0.0685203081287785,0.0159582170284738,0.0685203081287785,0.0495362723034005,34.3432649217616,0.00972534895051211,0.0362,0,0.0692,0.01,0.203136,0.0997904,0.023302,0.0063786,0,0.235996,3.8,0.00673868,0.37515,0.0888888888888889,0,0.00628146,1.382,0,0.0661112,0.477386,0.345761666483293,0,1.44,12.1,0.4995,2.19,5.0784,2.49476,0.58255,0.159465,21.0035842293907,5.8999,95,0.168467,9.37875,0.41875,2.91300251256281,0.1570365,34.55,0.154861111111111,1.65278,11.93465,0.663542620071984,1,0.37761354590067,1.95050271326823e-06,0.41552131248852,0.0157587581807599,0.746696478864772,0.907940817336472,0.0827906407855193,0.0419109649742696,4.37977534906498,0.73696662959153,14.926305971165,0.141506926749212,3.17679634748729,0.12647110200761,6.58246702598952e-11,0.0134012083767732,9.30084855605617,3.69399144302514e-09,0.852810035757825,0.655857546741764,0.375849078759741,0.758511957981166,48.9851576978857,133.105029870504,224.466939454858,0.840239999999991,1.67175778546711
122,GA,500,0,0.115435766184651,3.94418598402665,4.64235150199378,5.19760658095589,0.0674056902674009,0.00657727631074845,0.0159582170284738,0.00657727631074845,0.113343416142512,0.0685203081287785,0.0159582170284738,0.0685203081287785,0.0495362723034005,34.3432649217616,0.0123316124782351,0.0362,0,0.0692,0.01,0.203136,0.0997904,0.023302,0.0063786,0,0.235996,3.8,0.00673868,0.37515,0.0888888888888889,0,0.00628146,1.382,0,0.0661112,0.477386,0.345761666483293,0,1.44,12.1,0.4995,2.19,5.0784,2.49476,0.58255,0.159465,21.0035842293907,5.8999,95,0.168467,9.37875,0.41875,2.91300251256281,0.1570365,34.55,0.154861111111111,1.65278,11.93465,0.663542620071984,1,0.433194100463836,5.66222855678894e-08,0.106675703561767,1.08322981141486,0.546210626633476,1.12395948825633,0.49197397476715,0.0343903730857857,1.32601343917181,0.512485638195356,38.3496993195081,0.0093833743673025,4.41960985970513,0.21957546169713,1.36563384977564e-08,0.0134012083767732,7.07573438608025,0.0262250519838029,0.468223357555741,2.09251736849333,0.425376434642763,0.816708454841973,44.3668386213658,136.414833306318,211.396863225082,0.840239999999991,1.67175778546711
122,GA,500,0,0.115435766184651,3.94418598402665,4.64235150199378,5.19760658095589,0.0674056902674009,0.00657727631074845,0.0159582170284738,0.00657727631074845,0.113343416142512,0.0685203081287785,0.0159582170284738,0.0685203081287785,0.0495362723034005,34.3432649217616,0.00508926021532151,0.0362,0,0.0692,0.01,0.203136,0.0997904,0.023302,0.0063786,0,0.235996,3.8,0.00673868,0.37515,0.0888888888888889,0,0.00628146,1.382,0,0.0661112,0.477386,0.345761666483293,0,1.44,12.1,0.4995,2.19,5.0784,2.49476,0.58255,0.159465,21.0035842293907,5.8999,95,0.168467,9.37875,0.41875,2.91300251256281,0.1570365,34.55,0.154861111111111,1.65278,11.93465,0.663542620071984,1,0.582683501613331,4.24768382833096e-15,0.239919977357982,0.084745896001386,0.387630001463128,0.558146291259839,0.49197397476715,0.0576827980048167,1.32601343917181,1.44873097982681,6.85502581168269,0.0322242209876462,4.41960985970513,0.21957546169713,6.58246702598952e-11,0.0549257323456414,11.7048172577826,1.38695515175163e-19,0.407822343390313,1.96910767623804,0.42448203057904,0.816708454841973,51.398012107904,58.2328819959281,122.699933436973,0.840239999999991,1.67175778546711
122,GA,500,0,0.115435766184651,3.94418598402665,4.64235150199378,5.19760658095589,0.0674056902674009,0.00657727631074845,0.0159582170284738,0.00657727631074845,0.113343416142512,0.0685203081287785,0.0159582170284738,0.0685203081287785,0.0495362723034005,34.3432649217616,0,0.0362,0,0.0692,0.01,0.203136,0.0997904,0.023302,0.0063786,0,0.235996,3.8,0.00673868,0.37515,0.0888888888888889,0,0.00628146,1.382,0,0.0661112,0.477386,0.345761666483293,0,1.44,12.1,0.4995,2.19,5.0784,2.49476,0.58255,0.159465,21.0035842293907,5.8999,95,0.168467,9.37875,0.41875,2.91300251256281,0.1570365,34.55,0.154861111111111,1.65278,11.93465,0.663542620071984,1,0.410149823864621,6.2879936978629e-18,0.41552131248852,0.0157587581807599,0.416780880633115,0.374625278591707,0.106964210568871,0.0419109649742696,4.37977534906498,0.73696662959153,9.46747813167914,0.141506926749212,1.74140048301238,0.12647110200761,0.0126020088799756,0.0306966742281059,9.30084855605617,5.70149887400547e-18,0.320544286302672,6.55857546741764,0.369146955385249,0.758511957981166,67.0625087454423,107.029210758168,208.166692578001,0.840239999999991,1.67175778546711
122,GA,500,0,0.115435766184651,3.94418598402665,4.64235150199378,5.19760658095589,0.0674056902674009,0.00657727631074845,0.0159582170284738,0.00657727631074845,0.113343416142512,0.0685203081287785,0.0159582170284738,0.0685203081287785,0.0495362723034005,34.3432649217616,0.00573389967437354,0.0362,0,0.0692,0.01,0.203136,0.0997904,0.023302,0.0063786,0,0.235996,3.8,0.00673868,0.37515,0.0888888888888889,0,0.00628146,1.382,0,0.0661112,0.477386,0.345761666483293,0,1.44,12.1,0.4995,2.19,5.0784,2.49476,0.58255,0.159465,21.0035842293907,5.8999,95,0.168467,9.37875,0.41875,2.91300251256281,0.1570365,34.55,0.154861111111111,1.65278,11.93465,0.663542620071984,1,0.037761354590067,1.37299261608059e-14,0.106675703561767,1.08322981141486,0.346722442424389,0.877964643016063,0.41732765724745,0.0582552351938185,3.55071301816798,4.58086460011602,5.98824209110219,0.0176944881754276,1.84974606996705,0.112645176114433,2.13832222689506e-18,0.148266687936661,10.5087260359772,0.0262250519838029,0.189665733937792,3.36791779424044,0.369146955385249,0.816708454841973,56.0075810799016,102.504342809772,181.516680688288,0.840239999999991,1.67175778546711
122,GA,500,1,0.115435766184651,3.94418598402665,4.64235150199378,5.19760658095589,0.0674056902674009,0.00657727631074845,0.0159582170284738,0.00657727631074845,0.113343416142512,0.0685203081287785,0.0159582170284738,0.0685203081287785,0.0495362723034005,34.3432649217616,0.0131767114496605,0.0362,0,0.0692,0.01,0.203136,0.0997904,0.023302,0.0063786,0,0.235996,3.8,0.00673868,0.37515,0.0888888888888889,0,0.00628146,1.382,0,0.0661112,0.477386,0.345761666483293,0,1.44,12.1,0.4995,2.19,5.0784,2.49476,0.58255,0.159465,21.0035842293907,5.8999,95,0.168467,9.37875,0.41875,2.91300251256281,0.1570365,34.55,0.154861111111111,1.65278,11.93465,0.663542620071984,1,0.0511071195324601,2.46035158525766e-16,0.239919977357982,0.84745896001386,0.387630001463128,1.12395948825633,0.49197397476715,0.0576827980048167,8.33300095514468,5.2512445221487,14.926305971165,0.0192763124463403,4.41960985970513,0.21957546169713,3.81234982264063e-15,0.0175322492207075,10.5087260359772,0.0262250519838029,0.995151236192236,8.01624434987282,0.574096774166235,0.816708454841973,32.4831359408134,96.2867866274624,150.379290996651,0.840239999999991,1.67175778546711
122,GA,500,0,0.115435766184651,3.94418598402665,4.64235150199378,5.19760658095589,0.0674056902674009,0.00657727631074845,0.0159582170284738,0.00657727631074845,0.113343416142512,0.0685203081287785,0.0159582170284738,0.0685203081287785,0.0495362723034005,34.3432649217616,0.000354957933106432,0.0362,0,0.0692,0.01,0.203136,0.0997904,0.023302,0.0063786,0,0.235996,3.8,0.00673868,0.37515,0.0888888888888889,0,0.00628146,1.382,0,0.0661112,0.477386,0.345761666483293,0,1.44,12.1,0.4995,2.19,5.0784,2.49476,0.58255,0.159465,21.0035842293907,5.8999,95,0.168467,9.37875,0.41875,2.91300251256281,0.1570365,34.55,0.154861111111111,1.65278,11.93465,0.663542620071984,1,0.37761354590067,5.8560023495594e-16,0.159255040560259,0.0195731904556003,0.387630001463128,2.43768352618124,0.41732765724745,0.14687482971743,1.32601343917181,1.04379568744073,34.5736012747865,0.00904302294383951,4.41960985970513,0.310764297365212,2.07860579025522e-06,0.0134012083767732,10.5087260359772,0.0262250519838029,0.189665733937792,2.09251736849333,0.355888899010024,0.816708454841973,54.7849604309636,112.583017285977,192.634662633154,0.840239999999991,1.67175778546711
122,GA,500,1,0.115435766184651,3.94418598402665,4.64235150199378,5.19760658095589,0.0674056902674009,0.00657727631074845,0.0159582170284738,0.00657727631074845,0.113343416142512,0.0685203081287785,0.0159582170284738,0.0685203081287785,0.0495362723034005,34.3432649217616,0.0230956084490112,0.0362,0,0.0692,0.01,0.203136,0.0997904,0.023302,0.0063786,0,0.235996,3.8,0.00673868,0.37515,0.0888888888888889,0,0.00628146,1.382,0,0.0661112,0.477386,0.345761666483293,0,1.44,12.1,0.4995,2.19,5.0784,2.49476,0.58255,0.159465,21.0035842293907,5.8999,95,0.168467,9.37875,0.41875,2.91300251256281,0.1570365,34.55,0.154861111111111,1.65278,11.93465,0.663542620071984,1,0.037761354590067,1.37299261608059e-14,0.106675703561767,1.08322981141486,0.387630001463128,1.12395948825633,0.41732765724745,0.14687482971743,13.2601343917181,1.04379568744073,5.98824209110219,0.0648923444862926,4.41960985970513,0.112671916743538,2.07860579025522e-07,0.0134012083767732,10.5087260359772,0.0262250519838029,0.189665733937792,2.09251736849333,0.369146955385249,0.816708454841973,71.2493941118804,102.242280155928,196.437617093741,0.840239999999991,1.67175778546711
122,GA,500,0,0.115435766184651,3.94418598402665,4.64235150199378,5.19760658095589,0.0674056902674009,0.00657727631074845,0.0159582170284738,0.00657727631074845,0.113343416142512,0.0685203081287785,0.0159582170284738,0.0685203081287785,0.0495362723034005,34.3432649217616,0.00498714393474058,0.0362,0,0.0692,0.01,0.203136,0.0997904,0.023302,0.0063786,0,0.235996,3.8,0.00673868,0.37515,0.0888888888888889,0,0.00628146,1.382,0,0.0661112,0.477386,0.345761666483293,0,1.44,12.1,0.4995,2.19,5.0784,2.49476,0.58255,0.159465,21.0035842293907,5.8999,95,0.168467,9.37875,0.41875,2.91300251256281,0.1570365,34.55,0.154861111111111,1.65278,11.93465,0.663542620071984,1,0.189477605586543,1.37299261608059e-14,0.383071644929609,1.08322981141486,0.970166000501206,1.12395948825633,0.49197397476715,0.0811289049218722,0.132601343917181,3.85256422305743,23.2250855703582,0.0648923444862926,4.41960985970513,0.21957546169713,2.28441202304034e-13,0.0703574761765447,10.5087260359772,0.0262250519838029,0.995151236192236,2.09251736849333,0.620656751021404,0.816708454841973,38.8337307596307,76.3286625144831,132.292616928811,0.840239999999991,1.67175778546711
122,GA,500,0,0.115435766184651,3.94418598402665,4.64235150199378,5.19760658095589,0.0674056902674009,0.00657727631074845,0.0159582170284738,0.00657727631074845,0.113343416142512,0.0685203081287785,0.0159582170284738,0.0685203081287785,0.0495362723034005,34.3432649217616,1.52693980801493e-05,0.0362,0,0.0692,0.01,0.203136,0.0997904,0.023302,0.0063786,0,0.235996,3.8,0.00673868,0.37515,0.0888888888888889,0,0.00628146,1.382,0,0.0661112,0.477386,0.345761666483293,0,1.44,12.1,0.4995,2.19,5.0784,2.49476,0.58255,0.159465,21.0035842293907,5.8999,95,0.168467,9.37875,0.41875,2.91300251256281,0.1570365,34.55,0.154861111111111,1.65278,11.93465,0.663542620071984,1,0.037761354590067,1.37299261608059e-14,0.106675703561767,1.08322981141486,0.387630001463128,1.12395948825633,0.49197397476715,0.0811289049218722,1.32601343917181,0.512485638195356,14.926305971165,0.0648923444862926,4.41960985970513,0.21957546169713,6.58246702598952e-11,0.134012083767732,10.5087260359772,0.0262250519838029,0.995151236192236,2.09251736849333,0.574096774166235,0.816708454841973,52.7363365378096,61.5683351687501,128.122277265781,0.840239999999991,1.67175778546711
122,GA,500,1,0.115435766184651,3.94418598402665,4.64235150199378,5.19760658095589,0.0674056902674009,0.00657727631074845,0.0159582170284738,0.00657727631074845,0.113343416142512,0.0685203081287785,0.0159582170284738,0.0685203081287785,0.0495362723034005,34.3432649217616,0.0275168648325486,0.0362,0,0.0692,0.01,0.203136,0.0997904,0.023302,0.0063786,0,0.235996,3.8,0.00673868,0.37515,0.0888888888888889,0,0.00628146,1.382,0,0.0661112,0.477386,0.345761666483293,0,1.44,12.1,0.4995,2.19,5.0784,2.49476,0.58255,0.159465,21.0035842293907,5.8999,95,0.168467,9.37875,0.41875,2.91300251256281,0.1570365,34.55,0.154861111111111,1.65278,11.93465,0.663542620071984,1,1.42277391274274,3.37454810582022e-12,0.312890732115484,0.576730140425539,0.469519354492623,0.444972858811439,0.20465930160183,0.0109070086519886,1.22438659972536,0.73696662959153,8.96119325223109,0.141506926749212,3.54645996065613,0.325232901335974,2.93611046275789e-12,0.00862560884628911,9.30084855605617,9.39477879871206e-05,0.19376486332315,3.69204051214267,0.487501489445734,0.758511957981166,39.3493113001638,127.852750878558,207.906641917399,0.840239999999991,1.67175778546711
122,GA,500,1,0.115435766184651,3.94418598402665,4.64235150199378,5.19760658095589,0.0674056902674009,0.00657727631074845,0.0159582170284738,0.00657727631074845,0.113343416142512,0.0685203081287785,0.0159582170284738,0.0685203081287785,0.0495362723034005,34.3432649217616,0.0247851190943928,0.0362,0,0.0692,0.01,0.203136,0.0997904,0.023302,0.0063786,0,0.235996,3.8,0.00673868,0.37515,0.0888888888888889,0,0.00628146,1.382,0,0.0661112,0.477386,0.345761666483293,0,1.44,12.1,0.4995,2.19,5.0784,2.49476,0.58255,0.159465,21.0035842293907,5.8999,95,0.168467,9.37875,0.41875,2.91300251256281,0.1570365,34.55,0.154861111111111,1.65278,11.93465,0.663542620071984,1,0.0433194100463836,1.07963681788823e-08,0.303103305401679,0.013204287405372,0.970166000501206,0.877964643016063,0.437382911035942,0.0897190927538993,1.60437034828234,4.58086460011602,16.4770510175373,0.0168368221923206,4.69065533698456,0.110833292852295,2.13832222689506e-18,0.0091912541175891,15.4309180351339,4.6252773694813e-06,0.468223357555741,1.35627898999679,0.47465364075444,0.958933295004431,49.4212132827746,69.134239847529,121.516154826346,0.840239999999991,1.67175778546711
122,GA,500,0,0.115435766184651,3.94418598402665,4.64235150199378,5.19760658095589,0.0674056902674009,0.00657727631074845,0.0159582170284738,0.00657727631074845,0.113343416142512,0.0685203081287785,0.0159582170284738,0.0685203081287785,0.0495362723034005,34.3432649217616,0,0.0362,0,0.0692,0.01,0.203136,0.0997904,0.023302,0.0063786,0,0.235996,3.8,0.00673868,0.37515,0.0888888888888889,0,0.00628146,1.382,0,0.0661112,0.477386,0.345761666483293,0,1.44,12.1,0.4995,2.19,5.0784,2.49476,0.58255,0.159465,21.0035842293907,5.8999,95,0.168467,9.37875,0.41875,2.91300251256281,0.1570365,34.55,0.154861111111111,1.65278,11.93465,0.663542620071984,1,0.37761354590067,7.2493608402609e-11,0.33554204560074,1.08322981141486,0.387630001463128,1.12395948825633,0.49197397476715,0.116941370040857,1.32601343917181,0.86975064501522,14.926305971165,0.0506118819857661,3.88552556880721,0.21957546169713,6.58246702598952e-11,0.0286726329341234,8.47494283828582,0.0262250519838029,0.995151236192236,8.61789905600272,0.355751752726122,0.816708454841973,51.679241256024,126.187828476286,206.187043554584,0.840239999999991,1.67175778546711
122,GA,500,0,0.115435766184651,3.94418598402665,4.64235150199378,5.19760658095589,0.0674056902674009,0.00657727631074845,0.0159582170284738,0.00657727631074845,0.113343416142512,0.0685203081287785,0.0159582170284738,0.0685203081287785,0.0495362723034005,34.3432649217616,0.0156250941629759,0.0362,0,0.0692,0.01,0.203136,0.0997904,0.023302,0.0063786,0,0.235996,3.8,0.00673868,0.37515,0.0888888888888889,0,0.00628146,1.382,0,0.0661112,0.477386,0.345761666483293,0,1.44,12.1,0.4995,2.19,5.0784,2.49476,0.58255,0.159465,21.0035842293907,5.8999,95,0.168467,9.37875,0.41875,2.91300251256281,0.1570365,34.55,0.154861111111111,1.65278,11.93465,0.663542620071984,1,0.144669546263794,1.37299261608059e-13,0.106675703561767,1.76975239238623,0.374289070832957,0.877964643016063,0.363370562140442,0.0182177042265205,10.8926309164505,0.512485638195356,29.8814900960205,0.0168368221923206,7.64120532859623,0.117209212239949,0.0809494118959263,0.0696884144628491,7.07573438608025,2.13209485737777e-15,0.0672498050960735,3.36791779424044,0.459244421647998,0.816708454841973,38.9932596199154,126.13119228475,193.431715028285,0.840239999999991,1.67175778546711
122,GA,500,1,0.115435766184651,3.94418598402665,4.64235150199378,5.19760658095589,0.0674056902674009,0.00657727631074845,0.0159582170284738,0.00657727631074845,0.113343416142512,0.0685203081287785,0.0159582170284738,0.0685203081287785,0.0495362723034005,34.3432649217616,0.0377464658838005,0.0362,0,0.0692,0.01,0.203136,0.0997904,0.023302,0.0063786,0,0.235996,3.8,0.00673868,0.37515,0.0888888888888889,0,0.00628146,1.382,0,0.0661112,0.477386,0.345761666483293,0,1.44,12.1,0.4995,2.19,5.0784,2.49476,0.58255,0.159465,21.0035842293907,5.8999,95,0.168467,9.37875,0.41875,2.91300251256281,0.1570365,34.55,0.154861111111111,1.65278,11.93465,0.663542620071984,1,0.180701801194924,1.8715715926989e-15,0.136833337233424,0.0929330257881007,0.366789837130859,1.12395948825633,0.0827906407855193,0.0811289049218722,1.7314891809093,0.73696662959153,4.48230758670022,0.0648923444862926,2.83560167323149,0.12647110200761,2.45078378046933e-11,0.0134012083767732,10.5087260359772,2.06640233749806e-21,0.995151236192236,6.55857546741764,0.574096774166235,0.758511957981166,52.4392838743895,117.257429763652,207.028052752525,0.840239999999991,1.67175778546711
122,GA,500,0,0.115435766184651,3.94418598402665,4.64235150199378,5.19760658095589,0.0674056902674009,0.00657727631074845,0.0159582170284738,0.00657727631074845,0.113343416142512,0.0685203081287785,0.0159582170284738,0.0685203081287785,0.0495362723034005,34.3432649217616,2.78733697672258e-18,0.0362,0,0.0692,0.01,0.203136,0.0997904,0.023302,0.0063786,0,0.235996,3.8,0.00673868,0.37515,0.0888888888888889,0,0.00628146,1.382,0,0.0661112,0.477386,0.345761666483293,0,1.44,12.1,0.4995,2.19,5.0784,2.49476,0.58255,0.159465,21.0035842293907,5.8999,95,0.168467,9.37875,0.41875,2.91300251256281,0.1570365,34.55,0.154861111111111,1.65278,11.93465,0.663542620071984,1,0.37761354590067,1.37299261608059e-14,0.106675703561767,1.08322981141486,0.387630001463128,1.12395948825633,0.41732765724745,0.14687482971743,1.32601343917181,1.04379568744073,5.98824209110219,0.0648923444862926,4.41960985970513,0.112671916743538,2.07860579025522e-08,0.0134012083767732,10.5087260359772,0.0262250519838029,0.189665733937792,2.09251736849333,0.369146955385249,0.816708454841973,50.4649312634182,103.655783187877,177.383885724265,0.840239999999991,1.67175778546711
122,GA,500,0,0.115435766184651,3.94418598402665,4.64235150199378,5.19760658095589,0.0674056902674009,0.00657727631074845,0.0159582170284738,0.00657727631074845,0.113343416142512,0.0685203081287785,0.0159582170284738,0.0685203081287785,0.0495362723034005,34.3432649217616,0.0048983313195783,0.0362,0,0.0692,0.01,0.203136,0.0997904,0.023302,0.0063786,0,0.235996,3.8,0.00673868,0.37515,0.0888888888888889,0,0.00628146,1.382,0,0.0661112,0.477386,0.345761666483293,0,1.44,12.1,0.4995,2.19,5.0784,2.49476,0.58255,0.159465,21.0035842293907,5.8999,95,0.168467,9.37875,0.41875,2.91300251256281,0.1570365,34.55,0.154861111111111,1.65278,11.93465,0.663542620071984,1,0.508871063422381,1.37299261608059e-14,0.106675703561767,1.08322981141486,0.374289070832957,1.02099603855866,0.49197397476715,0.0811289049218722,5.0164151770343,0.512485638195356,25.4442697678591,0.0481444305343451,4.41960985970513,0.21957546169713,6.58246702598952e-11,0.121417845926654,8.33768186817541,2.78007485422863e-12,0.494334151489724,0.68839903158064,0.368178919942555,0.816708454841973,65.741208992736,104.925665756356,194.21504213881,0.840239999999991,1.67175778546711
122,GA,500,0,0.115435766184651,3.94418598402665,4.64235150199378,5.19760658095589,0.0674056902674009,0.00657727631074845,0.0159582170284738,0.00657727631074845,0.113343416142512,0.0685203081287785,0.0159582170284738,0.0685203081287785,0.0495362723034005,34.3432649217616,0.0111471920942561,0.0362,0,0.0692,0.01,0.203136,0.0997904,0.023302,0.0063786,0,0.235996,3.8,0.00673868,0.37515,0.0888888888888889,0,0.00628146,1.382,0,0.0661112,0.477386,0.345761666483293,0,1.44,12.1,0.4995,2.19,5.0784,2.49476,0.58255,0.159465,21.0035842293907,5.8999,95,0.168467,9.37875,0.41875,2.91300251256281,0.1570365,34.55,0.154861111111111,1.65278,11.93465,0.663542620071984,1,0.37761354590067,1.37299261608059e-14,0.106675703561767,1.08322981141486,0.387630001463128,1.14085275216875,0.49197397476715,0.0811289049218722,1.32601343917181,5.12485638195356,25.4442697678591,0.0367623215560257,4.41960985970513,0.21957546169713,6.58246702598952e-10,0.0134012083767732,16.8612041775535,0.00262250519838029,0.0672498050960735,2.09251736849333,0.574096774166235,0.816708454841973,57.8442332482749,111.45758079093,194.315920458243,0.840239999999991,1.67175778546711
122,GA,500,1,0.115435766184651,3.94418598402665,4.64235150199378,5.19760658095589,0.0674056902674009,0.00657727631074845,0.0159582170284738,0.00657727631074845,0.113343416142512,0.0685203081287785,0.0159582170284738,0.0685203081287785,0.0495362723034005,34.3432649217616,0.025531959798615,0.0362,0,0.0692,0.01,0.203136,0.0997904,0.023302,0.0063786,0,0.235996,3.8,0.00673868,0.37515,0.0888888888888889,0,0.00628146,1.382,0,0.0661112,0.477386,0.345761666483293,0,1.44,12.1,0.4995,2.19,5.0784,2.49476,0.58255,0.159465,21.0035842293907,5.8999,95,0.168467,9.37875,0.41875,2.91300251256281,0.1570365,34.55,0.154861111111111,1.65278,11.93465,0.663542620071984,1,0.433194100463836,6.85490059604685e-08,0.106675703561767,1.08322981141486,0.374289070832957,1.6987294987839,0.49197397476715,0.0182177042265205,3.27346768517959,4.58086460011602,12.9498568945179,0.0168368221923206,4.41960985970513,0.21957546169713,9.06916338668913e-05,0.048471069776101,15.4309180351339,3.13356372407745e-13,0.0835924390746135,4.09456305560179,0.574096774166235,0.958933295004431,47.9740432292666,91.2668534158653,143.149436440995,0.840239999999991,1.67175778546711
122,GA,500,0,0.115435766184651,3.94418598402665,4.64235150199378,5.19760658095589,0.0674056902674009,0.00657727631074845,0.0159582170284738,0.00657727631074845,0.113343416142512,0.0685203081287785,0.0159582170284738,0.0685203081287785,0.0495362723034005,34.3432649217616,0,0.0362,0,0.0692,0.01,0.203136,0.0997904,0.023302,0.0063786,0,0.235996,3.8,0.00673868,0.37515,0.0888888888888889,0,0.00628146,1.382,0,0.0661112,0.477386,0.345761666483293,0,1.44,12.1,0.4995,2.19,5.0784,2.49476,0.58255,0.159465,21.0035842293907,5.8999,95,0.168467,9.37875,0.41875,2.91300251256281,0.1570365,34.55,0.154861111111111,1.65278,11.93465,0.663542620071984,1,0.582683501613331,4.24768382833096e-15,0.239919977357982,0.84745896001386,0.387630001463128,0.558146291259839,0.49197397476715,0.0576827980048167,1.32601343917181,1.44873097982681,6.85502581168269,0.0322242209876462,4.41960985970513,0.21957546169713,6.58246702598952e-11,0.0549257323456414,11.7048172577826,1.38695515175163e-19,0.407822343390313,1.96910767623804,0.42448203057904,0.816708454841973,51.9914353343462,107.18313315542,183.229372838201,0.840239999999991,1.67175778546711
122,GA,500,1,0.115435766184651,3.94418598402665,4.64235150199378,5.19760658095589,0.0674056902674009,0.00657727631074845,0.0159582170284738,0.00657727631074845,0.113343416142512,0.0685203081287785,0.0159582170284738,0.0685203081287785,0.0495362723034005,34.3432649217616,0.0135095353655166,0.0362,0,0.0692,0.01,0.203136,0.0997904,0.023302,0.0063786,0,0.235996,3.8,0.00673868,0.37515,0.0888888888888889,0,0.00628146,1.382,0,0.0661112,0.477386,0.345761666483293,0,1.44,12.1,0.4995,2.19,5.0784,2.49476,0.58255,0.159465,21.0035842293907,5.8999,95,0.168467,9.37875,0.41875,2.91300251256281,0.1570365,34.55,0.154861111111111,1.65278,11.93465,0.663542620071984,1,0.37761354590067,7.2493608402609e-11,0.33554204560074,1.08322981141486,0.387630001463128,1.12395948825633,0.49197397476715,0.116941370040857,1.32601343917181,0.86975064501522,14.926305971165,0.0506118819857661,3.88552556880721,0.21957546169713,6.58246702598952e-11,0.0134012083767732,10.5087260359772,0.00262250519838029,0.995151236192236,8.61789905600272,0.355751752726122,0.816708454841973,60.402289110737,135.687610703881,226.54188262105,0.840239999999991,1.67175778546711
122,GA,500,1,0.115435766184651,3.94418598402665,4.64235150199378,5.19760658095589,0.0674056902674009,0.00657727631074845,0.0159582170284738,0.00657727631074845,0.113343416142512,0.0685203081287785,0.0159582170284738,0.0685203081287785,0.0495362723034005,34.3432649217616,0.0407328897563503,0.0362,0,0.0692,0.01,0.203136,0.0997904,0.023302,0.0063786,0,0.235996,3.8,0.00673868,0.37515,0.0888888888888889,0,0.00628146,1.382,0,0.0661112,0.477386,0.345761666483293,0,1.44,12.1,0.4995,2.19,5.0784,2.49476,0.58255,0.159465,21.0035842293907,5.8999,95,0.168467,9.37875,0.41875,2.91300251256281,0.1570365,34.55,0.154861111111111,1.65278,11.93465,0.663542620071984,1,0.207668592789796,0.238701832441829,0.106675703561767,1.08322981141486,0.374289070832957,1.6987294987839,0.49197397476715,0.0297278878607167,3.27346768517959,0.497748045703192,25.4442697678591,0.0142647376166364,2.64771948431208,0.21957546169713,0.000906916338668913,0.0188862143109035,8.51808847634785,0.00262250519838029,0.835924390746135,4.09456305560179,0.574096774166235,0.816708454841973,64.4188293138087,110.215668536411,199.369885450159,0.840239999999991,1.67175778546711
122,GA,500,0,0.115435766184651,3.94418598402665,4.64235150199378,5.19760658095589,0.0674056902674009,0.00657727631074845,0.0159582170284738,0.00657727631074845,0.113343416142512,0.0685203081287785,0.0159582170284738,0.0685203081287785,0.0495362723034005,34.3432649217616,0.00350319797479431,0.0362,0,0.0692,0.01,0.203136,0.0997904,0.023302,0.0063786,0,0.235996,3.8,0.00673868,0.37515,0.0888888888888889,0,0.00628146,1.382,0,0.0661112,0.477386,0.345761666483293,0,1.44,12.1,0.4995,2.19,5.0784,2.49476,0.58255,0.159465,21.0035842293907,5.8999,95,0.168467,9.37875,0.41875,2.91300251256281,0.1570365,34.55,0.154861111111111,1.65278,11.93465,0.663542620071984,1,0.508871063422381,7.2493608402609e-11,0.106675703561767,1.08322981141486,0.374289070832957,1.14085275216875,0.49197397476715,0.0811289049218722,1.32601343917181,0.86975064501522,14.926305971165,0.0367623215560257,3.88552556880721,0.21957546169713,6.58246702598952e-12,0.0134012083767732,8.47494283828582,0.00262250519838029,0.0672498050960735,4.09456305560179,0.355751752726122,0.816708454841973,51.3397280462993,121.11973862077,199.642023562764,0.840239999999991,1.67175778546711
122,GA,500,0,0.115435766184651,3.94418598402665,4.64235150199378,5.19760658095589,0.0674056902674009,0.00657727631074845,0.0159582170284738,0.00657727631074845,0.113343416142512,0.0685203081287785,0.0159582170284738,0.0685203081287785,0.0495362723034005,34.3432649217616,0.00194632291265599,0.0362,0,0.0692,0.01,0.203136,0.0997904,0.023302,0.0063786,0,0.235996,3.8,0.00673868,0.37515,0.0888888888888889,0,0.00628146,1.382,0,0.0661112,0.477386,0.345761666483293,0,1.44,12.1,0.4995,2.19,5.0784,2.49476,0.58255,0.159465,21.0035842293907,5.8999,95,0.168467,9.37875,0.41875,2.91300251256281,0.1570365,34.55,0.154861111111111,1.65278,11.93465,0.663542620071984,1,0.248052807789627,1.37299261608059e-15,0.245324604784576,1.08322981141486,1.07902038642484,1.12395948825633,0.41732765724745,0.14687482971743,9.23032288998711,1.04379568744073,23.0420699150283,0.0648923444862926,2.65320590739658,0.18760457847652,7.10870042973419e-11,0.0140808520124243,10.5087260359772,2.13209485737777e-16,0.263055755176134,2.09251736849333,0.369146955385249,0.816708454841973,73.2515370502806,139.519920214426,244.083514345559,0.840239999999991,1.67175778546711
122,GA,500,0,0.115435766184651,3.94418598402665,4.64235150199378,5.19760658095589,0.0674056902674009,0.00657727631074845,0.0159582170284738,0.00657727631074845,0.113343416142512,0.0685203081287785,0.0159582170284738,0.0685203081287785,0.0495362723034005,34.3432649217616,0.021146621691286,0.0362,0,0.0692,0.01,0.203136,0.0997904,0.023302,0.0063786,0,0.235996,3.8,0.00673868,0.37515,0.0888888888888889,0,0.00628146,1.382,0,0.0661112,0.477386,0.345761666483293,0,1.44,12.1,0.4995,2.19,5.0784,2.49476,0.58255,0.159465,21.0035842293907,5.8999,95,0.168467,9.37875,0.41875,2.91300251256281,0.1570365,34.55,0.154861111111111,1.65278,11.93465,0.663542620071984,1,0.797833761274659,8.63678339701752e-12,0.197790223679982,0.303102642237714,0.775755855342374,0.370531043808187,0.149595014507914,0.0240583040679519,5.38095316724128,0.713523926670958,13.0251149506815,0.0543127778898188,4.41960985970513,0.112671916743538,4.46165920418132e-18,0.0134012083767732,12.9719280186057,4.31592086903494e-08,0.183169860838341,2.41174556793788,0.489187823695342,0.816708454841973,54.6294635900196,141.768218389368,228.214318196183,0.840239999999991,1.67175778546711
122,GA,500,1,0.115435766184651,3.94418598402665,4.64235150199378,5.19760658095589,0.0674056902674009,0.00657727631074845,0.0159582170284738,0.00657727631074845,0.113343416142512,0.0685203081287785,0.0159582170284738,0.0685203081287785,0.0495362723034005,34.3432649217616,0.0332681031132909,0.0362,0,0.0692,0.01,0.203136,0.0997904,0.023302,0.0063786,0,0.235996,3.8,0.00673868,0.37515,0.0888888888888889,0,0.00628146,1.382,0,0.0661112,0.477386,0.345761666483293,0,1.44,12.1,0.4995,2.19,5.0784,2.49476,0.58255,0.159465,21.0035842293907,5.8999,95,0.168467,9.37875,0.41875,2.91300251256281,0.1570365,34.55,0.154861111111111,1.65278,11.93465,0.663542620071984,1,0.565345632751188,7.2493608402609e-11,0.106675703561767,1.42344557998578,0.374289070832957,0.585055453091574,0.49197397476715,0.0811289049218722,0.148496979060524,0.86975064501522,11.4050027216216,0.0481444305343451,4.41960985970513,0.21957546169713,6.58246702598952e-11,0.0286726329341234,8.33768186817541,0.0262250519838029,0.0995151236192236,6.8839903158064,0.355751752726122,0.816708454841973,36.0985742522612,99.4588679516908,157.878711781186,0.840239999999991,1.67175778546711
122,GA,500,1,0.115435766184651,3.94418598402665,4.64235150199378,5.19760658095589,0.0674056902674009,0.00657727631074845,0.0159582170284738,0.00657727631074845,0.113343416142512,0.0685203081287785,0.0159582170284738,0.0685203081287785,0.0495362723034005,34.3432649217616,0.00571339711163964,0.0362,0,0.0692,0.01,0.203136,0.0997904,0.023302,0.0063786,0,0.235996,3.8,0.00673868,0.37515,0.0888888888888889,0,0.00628146,1.382,0,0.0661112,0.477386,0.345761666483293,0,1.44,12.1,0.4995,2.19,5.0784,2.49476,0.58255,0.159465,21.0035842293907,5.8999,95,0.168467,9.37875,0.41875,2.91300251256281,0.1570365,34.55,0.154861111111111,1.65278,11.93465,0.663542620071984,1,0.037761354590067,7.2493608402609e-11,0.316836365458911,0.0570300963731577,0.343073685437772,1.12395948825633,0.151402380678573,0.116941370040857,1.45903032674206,0.86975064501522,14.926305971165,0.0637118734914919,2.44094768118634,0.21957546169713,6.58246702598952e-10,0.0686280313516676,7.19482285429526,1.89693543019794e-06,0.0995151236192236,1.92911371454151,0.626909381594405,0.816708454841973,44.3545477638697,87.2394110775219,151.172850623734,0.840239999999991,1.67175778546711
122,GA,500,1,0.115435766184651,3.94418598402665,4.64235150199378,5.19760658095589,0.0674056902674009,0.00657727631074845,0.0159582170284738,0.00657727631074845,0.113343416142512,0.0685203081287785,0.0159582170284738,0.0685203081287785,0.0495362723034005,34.3432649217616,0.0289312757453093,0.0362,0,0.0692,0.01,0.203136,0.0997904,0.023302,0.0063786,0,0.235996,3.8,0.00673868,0.37515,0.0888888888888889,0,0.00628146,1.382,0,0.0661112,0.477386,0.345761666483293,0,1.44,12.1,0.4995,2.19,5.0784,2.49476,0.58255,0.159465,21.0035842293907,5.8999,95,0.168467,9.37875,0.41875,2.91300251256281,0.1570365,34.55,0.154861111111111,1.65278,11.93465,0.663542620071984,1,0.846322127465164,4.4161967744314e-16,0.41552131248852,0.157587581807599,1.57579624320135,1.80056677002425,0.447718646133985,0.0419109649742696,7.56898553524094,5.44676079909891,4.48230758670022,0.0256621522506735,0.948584406495536,0.12647110200761,5.32718694515354e-14,0.0306966742281059,5.06121960051148,5.70149887400548e-19,0.886649381973208,11.875174483351,0.375849078759741,0.758511957981166,25.8549021484917,87.74251237223,141.532066429149,0.840239999999991,1.67175778546711
122,GA,500,0,0.115435766184651,3.94418598402665,4.64235150199378,5.19760658095589,0.0674056902674009,0.00657727631074845,0.0159582170284738,0.00657727631074845,0.113343416142512,0.0685203081287785,0.0159582170284738,0.0685203081287785,0.0495362723034005,34.3432649217616,0,0.0362,0,0.0692,0.01,0.203136,0.0997904,0.023302,0.0063786,0,0.235996,3.8,0.00673868,0.37515,0.0888888888888889,0,0.00628146,1.382,0,0.0661112,0.477386,0.345761666483293,0,1.44,12.1,0.4995,2.19,5.0784,2.49476,0.58255,0.159465,21.0035842293907,5.8999,95,0.168467,9.37875,0.41875,2.91300251256281,0.1570365,34.55,0.154861111111111,1.65278,11.93465,0.663542620071984,1,0.037761354590067,7.2493608402609e-10,0.33554204560074,1.08322981141486,0.387630001463128,1.12395948825633,0.49197397476715,0.116941370040857,1.32601343917181,0.86975064501522,14.926305971165,0.0506118819857661,3.88552556880721,0.21957546169713,6.58246702598952e-11,0.0286726329341234,8.47494283828582,0.0262250519838029,0.995151236192236,8.61789905600272,0.355751752726122,0.816708454841973,51.0174337387394,102.866483594842,176.969948353941,0.840239999999991,1.67175778546711
122,GA,500,0,0.115435766184651,3.94418598402665,4.64235150199378,5.19760658095589,0.0674056902674009,0.00657727631074845,0.0159582170284738,0.00657727631074845,0.113343416142512,0.0685203081287785,0.0159582170284738,0.0685203081287785,0.0495362723034005,34.3432649217616,0.00897494183898575,0.0362,0,0.0692,0.01,0.203136,0.0997904,0.023302,0.0063786,0,0.235996,3.8,0.00673868,0.37515,0.0888888888888889,0,0.00628146,1.382,0,0.0661112,0.477386,0.345761666483293,0,1.44,12.1,0.4995,2.19,5.0784,2.49476,0.58255,0.159465,21.0035842293907,5.8999,95,0.168467,9.37875,0.41875,2.91300251256281,0.1570365,34.55,0.154861111111111,1.65278,11.93465,0.663542620071984,1,0.907463940858926,0.00224231198484207,0.178078481620148,0.0298180299660377,0.387630001463128,0.241949046486864,0.49197397476715,0.116941370040857,0.408812989334268,1.59851167522107,56.8219023543023,0.0506118819857661,5.5876371283912,0.21957546169713,6.58246702598952e-11,0.0286726329341234,11.0207405764091,0.0262250519838029,0.468223357555741,1.17188447045088,0.430145730439257,0.816708454841973,35.3920347462293,70.5870103930693,121.820686212471,0.840239999999991,1.67175778546711
122,GA,500,0,0.115435766184651,3.94418598402665,4.64235150199378,5.19760658095589,0.0674056902674009,0.00657727631074845,0.0159582170284738,0.00657727631074845,0.113343416142512,0.0685203081287785,0.0159582170284738,0.0685203081287785,0.0495362723034005,34.3432649217616,1.18669013462705e-26,0.0362,0,0.0692,0.01,0.203136,0.0997904,0.023302,0.0063786,0,0.235996,3.8,0.00673868,0.37515,0.0888888888888889,0,0.00628146,1.382,0,0.0661112,0.477386,0.345761666483293,0,1.44,12.1,0.4995,2.19,5.0784,2.49476,0.58255,0.159465,21.0035842293907,5.8999,95,0.168467,9.37875,0.41875,2.91300251256281,0.1570365,34.55,0.154861111111111,1.65278,11.93465,0.663542620071984,1,0.037761354590067,7.2493608402609e-11,0.33554204560074,1.08322981141486,0.387630001463128,0.112395948825633,0.49197397476715,0.116941370040857,1.32601343917181,0.86975064501522,14.926305971165,0.0506118819857661,3.88552556880721,0.21957546169713,6.58246702598952e-12,0.0286726329341234,8.47494283828582,0.00262250519838029,0.0995151236192236,8.61789905600272,0.355751752726122,0.816708454841973,51.1662537334713,107.649612658901,182.975361403025,0.840239999999991,1.67175778546711
122,GA,500,0,0.115435766184651,3.94418598402665,4.64235150199378,5.19760658095589,0.0674056902674009,0.00657727631074845,0.0159582170284738,0.00657727631074845,0.113343416142512,0.0685203081287785,0.0159582170284738,0.0685203081287785,0.0495362723034005,34.3432649217616,0.0110348659926849,0.0362,0,0.0692,0.01,0.203136,0.0997904,0.023302,0.0063786,0,0.235996,3.8,0.00673868,0.37515,0.0888888888888889,0,0.00628146,1.382,0,0.0661112,0.477386,0.345761666483293,0,1.44,12.1,0.4995,2.19,5.0784,2.49476,0.58255,0.159465,21.0035842293907,5.8999,95,0.168467,9.37875,0.41875,2.91300251256281,0.1570365,34.55,0.154861111111111,1.65278,11.93465,0.663542620071984,1,0.410149823864621,3.61600277846288e-08,0.41552131248852,0.0157587581807599,0.746696478864772,0.907940817336472,0.0827906407855193,0.0419109649742696,0.437977534906498,0.73696662959153,4.48230758670022,0.141506926749212,3.17679634748729,0.12647110200761,0.00126020088799756,0.0306966742281059,9.30084855605617,5.70149887400548e-19,0.989112365061969,6.55857546741764,0.375849078759741,0.758511957981166,43.025647570858,138.410762792758,225.502352567241,0.840239999999991,1.67175778546711
122,GA,500,0,0.115435766184651,3.94418598402665,4.64235150199378,5.19760658095589,0.0674056902674009,0.00657727631074845,0.0159582170284738,0.00657727631074845,0.113343416142512,0.0685203081287785,0.0159582170284738,0.0685203081287785,0.0495362723034005,34.3432649217616,0.00992126835708072,0.0362,0,0.0692,0.01,0.203136,0.0997904,0.023302,0.0063786,0,0.235996,3.8,0.00673868,0.37515,0.0888888888888889,0,0.00628146,1.382,0,0.0661112,0.477386,0.345761666483293,0,1.44,12.1,0.4995,2.19,5.0784,2.49476,0.58255,0.159465,21.0035842293907,5.8999,95,0.168467,9.37875,0.41875,2.91300251256281,0.1570365,34.55,0.154861111111111,1.65278,11.93465,0.663542620071984,1,0.797833761274659,8.63678339701752e-12,0.197790223679982,0.0303102642237714,0.775755855342374,0.370531043808187,0.149595014507914,0.0240583040679519,5.38095316724128,0.713523926670958,13.0251149506815,0.0543127778898188,4.41960985970513,0.112671916743538,4.46165920418132e-17,0.0134012083767732,12.9719280186057,4.31592086903494e-08,0.183169860838341,2.41174556793788,0.489187823695342,0.816708454841973,60.73981325398,111.990376197824,197.863869621798,0.840239999999991,1.67175778546711
122,GA,500,0,0.115435766184651,3.94418598402665,4.64235150199378,5.19760658095589,0.0674056902674009,0.00657727631074845,0.0159582170284738,0.00657727631074845,0.113343416142512,0.0685203081287785,0.0159582170284738,0.0685203081287785,0.0495362723034005,34.3432649217616,0,0.0362,0,0.0692,0.01,0.203136,0.0997904,0.023302,0.0063786,0,0.235996,3.8,0.00673868,0.37515,0.0888888888888889,0,0.00628146,1.382,0,0.0661112,0.477386,0.345761666483293,0,1.44,12.1,0.4995,2.19,5.0784,2.49476,0.58255,0.159465,21.0035842293907,5.8999,95,0.168467,9.37875,0.41875,2.91300251256281,0.1570365,34.55,0.154861111111111,1.65278,11.93465,0.663542620071984,1,0.037761354590067,7.2493608402609e-10,0.33554204560074,1.08322981141486,0.387630001463128,1.12395948825633,0.49197397476715,0.116941370040857,1.32601343917181,0.86975064501522,14.926305971165,0.0506118819857661,3.88552556880721,0.21957546169713,6.58246702598952e-11,0.0286726329341234,8.47494283828582,0.0262250519838029,0.995151236192236,8.61789905600272,0.355751752726122,0.816708454841973,51.0174337387394,102.866483594842,176.969948353941,0.840239999999991,1.67175778546711
122,GA,500,0,0.115435766184651,3.94418598402665,4.64235150199378,5.19760658095589,0.0674056902674009,0.00657727631074845,0.0159582170284738,0.00657727631074845,0.113343416142512,0.0685203081287785,0.0159582170284738,0.0685203081287785,0.0495362723034005,34.3432649217616,0.0147877480345378,0.0362,0,0.0692,0.01,0.203136,0.0997904,0.023302,0.0063786,0,0.235996,3.8,0.00673868,0.37515,0.0888888888888889,0,0.00628146,1.382,0,0.0661112,0.477386,0.345761666483293,0,1.44,12.1,0.4995,2.19,5.0784,2.49476,0.58255,0.159465,21.0035842293907,5.8999,95,0.168467,9.37875,0.41875,2.91300251256281,0.1570365,34.55,0.154861111111111,1.65278,11.93465,0.663542620071984,1,0.37761354590067,1.37299261608059e-15,0.106675703561767,1.08322981141486,0.374289070832957,1.12395948825633,0.49197397476715,0.0811289049218722,1.32601343917181,0.512485638195356,14.926305971165,0.0648923444862926,4.41960985970513,0.21957546169713,6.58246702598952e-11,0.0134012083767732,10.5087260359772,0.0262250519838029,0.0672498050960735,2.09251736849333,0.574096774166235,0.816708454841973,51.274152053006,70.641144025675,137.769086208357,0.840239999999991,1.67175778546711
122,GA,500,0,0.115435766184651,3.94418598402665,4.64235150199378,5.19760658095589,0.0674056902674009,0.00657727631074845,0.0159582170284738,0.00657727631074845,0.113343416142512,0.0685203081287785,0.0159582170284738,0.0685203081287785,0.0495362723034005,34.3432649217616,0.0010938987148781,0.0362,0,0.0692,0.01,0.203136,0.0997904,0.023302,0.0063786,0,0.235996,3.8,0.00673868,0.37515,0.0888888888888889,0,0.00628146,1.382,0,0.0661112,0.477386,0.345761666483293,0,1.44,12.1,0.4995,2.19,5.0784,2.49476,0.58255,0.159465,21.0035842293907,5.8999,95,0.168467,9.37875,0.41875,2.91300251256281,0.1570365,34.55,0.154861111111111,1.65278,11.93465,0.663542620071984,1,0.37761354590067,1.37299261608059e-14,0.106675703561767,1.08322981141486,0.387630001463128,1.12395948825633,0.41732765724745,0.14687482971743,0.132601343917181,1.04379568744073,5.98824209110219,0.0648923444862926,4.41960985970513,0.112671916743538,2.07860579025522e-07,0.134012083767732,10.5087260359772,0.0262250519838029,0.189665733937792,2.09251736849333,0.369146955385249,0.816708454841973,42.4902222587767,95.6372828931959,159.591107312919,0.840239999999991,1.67175778546711
122,GA,500,0,0.115435766184651,3.94418598402665,4.64235150199378,5.19760658095589,0.0674056902674009,0.00657727631074845,0.0159582170284738,0.00657727631074845,0.113343416142512,0.0685203081287785,0.0159582170284738,0.0685203081287785,0.0495362723034005,34.3432649217616,0.00508926021532151,0.0362,0,0.0692,0.01,0.203136,0.0997904,0.023302,0.0063786,0,0.235996,3.8,0.00673868,0.37515,0.0888888888888889,0,0.00628146,1.382,0,0.0661112,0.477386,0.345761666483293,0,1.44,12.1,0.4995,2.19,5.0784,2.49476,0.58255,0.159465,21.0035842293907,5.8999,95,0.168467,9.37875,0.41875,2.91300251256281,0.1570365,34.55,0.154861111111111,1.65278,11.93465,0.663542620071984,1,0.582683501613331,4.24768382833096e-15,0.239919977357982,0.084745896001386,0.387630001463128,0.558146291259839,0.49197397476715,0.0576827980048167,1.32601343917181,1.44873097982681,6.85502581168269,0.0322242209876462,4.41960985970513,0.21957546169713,6.58246702598952e-11,0.0549257323456414,11.7048172577826,1.38695515175163e-19,0.407822343390313,1.96910767623804,0.42448203057904,0.816708454841973,51.398012107904,58.2328819959281,122.699933436973,0.840239999999991,1.67175778546711
122,GA,500,1,0.115435766184651,3.94418598402665,4.64235150199378,5.19760658095589,0.0674056902674009,0.00657727631074845,0.0159582170284738,0.00657727631074845,0.113343416142512,0.0685203081287785,0.0159582170284738,0.0685203081287785,0.0495362723034005,34.3432649217616,0.0486710420008873,0.0362,0,0.0692,0.01,0.203136,0.0997904,0.023302,0.0063786,0,0.235996,3.8,0.00673868,0.37515,0.0888888888888889,0,0.00628146,1.382,0,0.0661112,0.477386,0.345761666483293,0,1.44,12.1,0.4995,2.19,5.0784,2.49476,0.58255,0.159465,21.0035842293907,5.8999,95,0.168467,9.37875,0.41875,2.91300251256281,0.1570365,34.55,0.154861111111111,1.65278,11.93465,0.663542620071984,1,0.526818657081156,0.124543907982777,0.466313665812949,0.0202100277015197,0.440371429061861,1.12005011622373,0.49197397476715,0.0576827980048167,11.6458973438373,1.44873097982681,14.8464970289946,0.01643690238027,4.37243085483907,0.291017792829165,3.81234982264063e-15,0.0133679491471668,8.25278733427784,2.56679370224842e-21,0.180816520334457,10.7291791674647,0.484755499573509,0.816708454841973,48.9592313938467,115.165861125384,189.971437699055,0.840239999999991,1.67175778546711
122,GA,500,0,0.115435766184651,3.94418598402665,4.64235150199378,5.19760658095589,0.0674056902674009,0.00657727631074845,0.0159582170284738,0.00657727631074845,0.113343416142512,0.0685203081287785,0.0159582170284738,0.0685203081287785,0.0495362723034005,34.3432649217616,0.0102463047076766,0.0362,0,0.0692,0.01,0.203136,0.0997904,0.023302,0.0063786,0,0.235996,3.8,0.00673868,0.37515,0.0888888888888889,0,0.00628146,1.382,0,0.0661112,0.477386,0.345761666483293,0,1.44,12.1,0.4995,2.19,5.0784,2.49476,0.58255,0.159465,21.0035842293907,5.8999,95,0.168467,9.37875,0.41875,2.91300251256281,0.1570365,34.55,0.154861111111111,1.65278,11.93465,0.663542620071984,1,0.433194100463836,1.37299261608059e-14,0.106675703561767,1.08322981141486,3.74289070832957,1.6987294987839,0.49197397476715,0.0297278878607167,3.27346768517959,4.69323623617571,25.4442697678591,0.0168368221923206,4.41960985970513,0.21957546169713,9.06916338668913e-05,0.0134012083767732,16.8612041775535,0.00262250519838029,0.835924390746135,4.09456305560179,0.574096774166235,0.816708454841973,53.170777212323,97.9971031321107,173.161090219518,0.840239999999991,1.67175778546711
122,GA,500,1,0.115435766184651,3.94418598402665,4.64235150199378,5.19760658095589,0.0674056902674009,0.00657727631074845,0.0159582170284738,0.00657727631074845,0.113343416142512,0.0685203081287785,0.0159582170284738,0.0685203081287785,0.0495362723034005,34.3432649217616,0.00888338676969262,0.0362,0,0.0692,0.01,0.203136,0.0997904,0.023302,0.0063786,0,0.235996,3.8,0.00673868,0.37515,0.0888888888888889,0,0.00628146,1.382,0,0.0661112,0.477386,0.345761666483293,0,1.44,12.1,0.4995,2.19,5.0784,2.49476,0.58255,0.159465,21.0035842293907,5.8999,95,0.168467,9.37875,0.41875,2.91300251256281,0.1570365,34.55,0.154861111111111,1.65278,11.93465,0.663542620071984,1,0.037761354590067,7.2493608402609e-10,0.441345635476659,1.31657833636732,0.387630001463128,1.12395948825633,0.284781332162803,0.0266915636036618,4.23539491044157,0.86975064501522,14.926305971165,0.0506118819857661,5.99987306411696,0.21957546169713,6.58246702598952e-11,0.0286726329341234,12.2768741606738,1.4931430758976e-15,0.995151236192236,1.13469828631913,0.56607620799048,0.816708454841973,44.9158609084443,108.990784782122,178.367136129062,0.840239999999991,1.67175778546711
122,GA,500,0,0.115435766184651,3.94418598402665,4.64235150199378,5.19760658095589,0.0674056902674009,0.00657727631074845,0.0159582170284738,0.00657727631074845,0.113343416142512,0.0685203081287785,0.0159582170284738,0.0685203081287785,0.0495362723034005,34.3432649217616,0.00338637661452285,0.0362,0,0.0692,0.01,0.203136,0.0997904,0.023302,0.0063786,0,0.235996,3.8,0.00673868,0.37515,0.0888888888888889,0,0.00628146,1.382,0,0.0661112,0.477386,0.345761666483293,0,1.44,12.1,0.4995,2.19,5.0784,2.49476,0.58255,0.159465,21.0035842293907,5.8999,95,0.168467,9.37875,0.41875,2.91300251256281,0.1570365,34.55,0.154861111111111,1.65278,11.93465,0.663542620071984,1,0.325032270570951,6.85490059604685e-08,0.355021858924853,1.63276703201205,0.346722442424389,0.877964643016063,0.437382911035942,0.0897190927538993,10.8926309164505,5.72752345947607,36.7058281819495,0.03980139721935,1.80456813489388,0.112645176114433,2.79748765035835e-15,0.0831445859145277,15.4309180351339,0.000435235678535388,1.29606487869952,3.36791779424044,0.416258136097572,0.958933295004431,52.2620571849992,228.462392071008,290.508443311317,0.840239999999991,1.67175778546711
122,GA,500,0,0.115435766184651,3.94418598402665,4.64235150199378,5.19760658095589,0.0674056902674009,0.00657727631074845,0.0159582170284738,0.00657727631074845,0.113343416142512,0.0685203081287785,0.0159582170284738,0.0685203081287785,0.0495362723034005,34.3432649217616,0.0161369733774619,0.0362,0,0.0692,0.01,0.203136,0.0997904,0.023302,0.0063786,0,0.235996,3.8,0.00673868,0.37515,0.0888888888888889,0,0.00628146,1.382,0,0.0661112,0.477386,0.345761666483293,0,1.44,12.1,0.4995,2.19,5.0784,2.49476,0.58255,0.159465,21.0035842293907,5.8999,95,0.168467,9.37875,0.41875,2.91300251256281,0.1570365,34.55,0.154861111111111,1.65278,11.93465,0.663542620071984,1,0.508871063422381,1.37299261608059e-14,0.106675703561767,0.0291122651012624,0.374289070832957,0.534885132726729,0.187203692400243,0.126868157413068,6.07839232761268,3.29124819457436,6.93558412681108,0.0367623215560257,4.41960985970513,0.21957546169713,2.23945936391715e-18,0.134012083767732,16.8612041775535,2.01738192329273e-09,0.0672498050960735,4.09456305560179,0.609084705193678,0.816708454841973,48.4538301440131,173.460908313735,260.844074527241,0.840239999999991,1.67175778546711
122,GA,500,0,0.115435766184651,3.94418598402665,4.64235150199378,5.19760658095589,0.0674056902674009,0.00657727631074845,0.0159582170284738,0.00657727631074845,0.113343416142512,0.0685203081287785,0.0159582170284738,0.0685203081287785,0.0495362723034005,34.3432649217616,0,0.0362,0,0.0692,0.01,0.203136,0.0997904,0.023302,0.0063786,0,0.235996,3.8,0.00673868,0.37515,0.0888888888888889,0,0.00628146,1.382,0,0.0661112,0.477386,0.345761666483293,0,1.44,12.1,0.4995,2.19,5.0784,2.49476,0.58255,0.159465,21.0035842293907,5.8999,95,0.168467,9.37875,0.41875,2.91300251256281,0.1570365,34.55,0.154861111111111,1.65278,11.93465,0.663542620071984,1,0.037761354590067,7.2493608402609e-10,0.33554204560074,1.08322981141486,0.387630001463128,1.12395948825633,0.49197397476715,0.116941370040857,1.32601343917181,0.86975064501522,14.926305971165,0.0506118819857661,3.88552556880721,0.21957546169713,6.58246702598952e-11,0.0286726329341234,8.47494283828582,0.0262250519838029,0.995151236192236,8.61789905600272,0.355751752726122,0.816708454841973,51.0174337387394,102.866483594842,176.969948353941,0.840239999999991,1.67175778546711
122,GA,500,0,0.115435766184651,3.94418598402665,4.64235150199378,5.19760658095589,0.0674056902674009,0.00657727631074845,0.0159582170284738,0.00657727631074845,0.113343416142512,0.0685203081287785,0.0159582170284738,0.0685203081287785,0.0495362723034005,34.3432649217616,2.11054876986747e-26,0.0362,0,0.0692,0.01,0.203136,0.0997904,0.023302,0.0063786,0,0.235996,3.8,0.00673868,0.37515,0.0888888888888889,0,0.00628146,1.382,0,0.0661112,0.477386,0.345761666483293,0,1.44,12.1,0.4995,2.19,5.0784,2.49476,0.58255,0.159465,21.0035842293907,5.8999,95,0.168467,9.37875,0.41875,2.91300251256281,0.1570365,34.55,0.154861111111111,1.65278,11.93465,0.663542620071984,1,0.037761354590067,7.2493608402609e-10,0.33554204560074,1.08322981141486,0.387630001463128,0.112395948825633,0.49197397476715,0.116941370040857,1.32601343917181,0.86975064501522,14.926305971165,0.0506118819857661,3.88552556880721,0.21957546169713,6.58246702598952e-11,0.0286726329341234,8.47494283828582,0.0262250519838029,0.995151236192236,8.61789905600272,0.355751752726122,0.816708454841973,51.0174381517207,102.866483187064,176.969952267627,0.840239999999991,1.67175778546711
122,GA,500,0,0.115435766184651,3.94418598402665,4.64235150199378,5.19760658095589,0.0674056902674009,0.00657727631074845,0.0159582170284738,0.00657727631074845,0.113343416142512,0.0685203081287785,0.0159582170284738,0.0685203081287785,0.0495362723034005,34.3432649217616,0.0111469920292304,0.0362,0,0.0692,0.01,0.203136,0.0997904,0.023302,0.0063786,0,0.235996,3.8,0.00673868,0.37515,0.0888888888888889,0,0.00628146,1.382,0,0.0661112,0.477386,0.345761666483293,0,1.44,12.1,0.4995,2.19,5.0784,2.49476,0.58255,0.159465,21.0035842293907,5.8999,95,0.168467,9.37875,0.41875,2.91300251256281,0.1570365,34.55,0.154861111111111,1.65278,11.93465,0.663542620071984,1,0.037761354590067,0.00162105873329484,0.368639108647397,0.0303102642237714,1.60582926810147,1.12395948825633,0.149595014507914,0.14687482971743,5.38095316724128,1.04379568744073,13.0251149506815,0.0648923444862926,4.41960985970513,0.112671916743538,2.07860579025522e-07,0.0134012083767732,12.9719280186057,4.31592086903494e-08,0.183169860838341,2.09251736849333,0.489187823695342,0.816708454841973,58.9528753265267,108.088902826514,191.299861800945,0.840239999999991,1.67175778546711
122,GA,500,1,0.115435766184651,3.94418598402665,4.64235150199378,5.19760658095589,0.0674056902674009,0.00657727631074845,0.0159582170284738,0.00657727631074845,0.113343416142512,0.0685203081287785,0.0159582170284738,0.0685203081287785,0.0495362723034005,34.3432649217616,0.0112289208845856,0.0362,0,0.0692,0.01,0.203136,0.0997904,0.023302,0.0063786,0,0.235996,3.8,0.00673868,0.37515,0.0888888888888889,0,0.00628146,1.382,0,0.0661112,0.477386,0.345761666483293,0,1.44,12.1,0.4995,2.19,5.0784,2.49476,0.58255,0.159465,21.0035842293907,5.8999,95,0.168467,9.37875,0.41875,2.91300251256281,0.1570365,34.55,0.154861111111111,1.65278,11.93465,0.663542620071984,1,0.410149823864621,3.61600277846288e-08,0.41552131248852,0.0157587581807599,0.746696478864772,0.907940817336472,0.0827906407855193,0.0419109649742696,0.437977534906498,0.73696662959153,4.48230758670022,0.141506926749212,3.17679634748729,0.12647110200761,0.0126020088799756,0.0306966742281059,9.30084855605617,5.70149887400548e-19,0.989112365061969,6.55857546741764,0.375849078759741,0.758511957981166,43.0361161306055,137.979738694079,224.944571550771,0.840239999999991,1.67175778546711
122,GA,500,0,0.115435766184651,3.94418598402665,4.64235150199378,5.19760658095589,0.0674056902674009,0.00657727631074845,0.0159582170284738,0.00657727631074845,0.113343416142512,0.0685203081287785,0.0159582170284738,0.0685203081287785,0.0495362723034005,34.3432649217616,8.91559546798806e-27,0.0362,0,0.0692,0.01,0.203136,0.0997904,0.023302,0.0063786,0,0.235996,3.8,0.00673868,0.37515,0.0888888888888889,0,0.00628146,1.382,0,0.0661112,0.477386,0.345761666483293,0,1.44,12.1,0.4995,2.19,5.0784,2.49476,0.58255,0.159465,21.0035842293907,5.8999,95,0.168467,9.37875,0.41875,2.91300251256281,0.1570365,34.55,0.154861111111111,1.65278,11.93465,0.663542620071984,1,0.037761354590067,7.2493608402609e-11,0.33554204560074,1.08322981141486,0.387630001463128,0.112395948825633,0.49197397476715,0.116941370040857,1.32601343917181,0.86975064501522,14.926305971165,0.0506118819857661,3.88552556880721,0.21957546169713,6.58246702598952e-11,0.0286726329341234,8.47494283828582,0.00262250519838029,0.0995151236192236,8.61789905600272,0.355751752726122,0.816708454841973,51.1662537334078,107.649612656369,182.975361399862,0.840239999999991,1.67175778546711
122,GA,500,0,0.115435766184651,3.94418598402665,4.64235150199378,5.19760658095589,0.0674056902674009,0.00657727631074845,0.0159582170284738,0.00657727631074845,0.113343416142512,0.0685203081287785,0.0159582170284738,0.0685203081287785,0.0495362723034005,34.3432649217616,0.00158556515238613,0.0362,0,0.0692,0.01,0.203136,0.0997904,0.023302,0.0063786,0,0.235996,3.8,0.00673868,0.37515,0.0888888888888889,0,0.00628146,1.382,0,0.0661112,0.477386,0.345761666483293,0,1.44,12.1,0.4995,2.19,5.0784,2.49476,0.58255,0.159465,21.0035842293907,5.8999,95,0.168467,9.37875,0.41875,2.91300251256281,0.1570365,34.55,0.154861111111111,1.65278,11.93465,0.663542620071984,1,0.325032270570951,6.85490059604685e-09,0.106675703561767,1.08322981141486,0.387630001463128,0.877964643016063,0.437382911035942,0.14687482971743,1.32601343917181,0.458086460011602,5.98824209110219,0.0648923444862926,4.41960985970513,0.112671916743538,2.07860579025522e-06,0.0134012083767732,10.5087260359772,0.0262250519838029,0.189665733937792,3.36791779424044,0.459244421647998,0.816708454841973,53.8984437747743,100.088123441489,176.449058805269,0.840239999999991,1.67175778546711
122,GA,500,0,0.115435766184651,3.94418598402665,4.64235150199378,5.19760658095589,0.0674056902674009,0.00657727631074845,0.0159582170284738,0.00657727631074845,0.113343416142512,0.0685203081287785,0.0159582170284738,0.0685203081287785,0.0495362723034005,34.3432649217616,0.00619652317805523,0.0362,0,0.0692,0.01,0.203136,0.0997904,0.023302,0.0063786,0,0.235996,3.8,0.00673868,0.37515,0.0888888888888889,0,0.00628146,1.382,0,0.0661112,0.477386,0.345761666483293,0,1.44,12.1,0.4995,2.19,5.0784,2.49476,0.58255,0.159465,21.0035842293907,5.8999,95,0.168467,9.37875,0.41875,2.91300251256281,0.1570365,34.55,0.154861111111111,1.65278,11.93465,0.663542620071984,1,0.037761354590067,7.2493608402609e-11,0.33554204560074,1.08322981141486,0.387630001463128,0.112395948825633,0.49197397476715,0.116941370040857,1.32601343917181,0.86975064501522,14.926305971165,0.0506118819857661,3.88552556880721,0.21957546169713,6.58246702598952e-11,0.0286726329341234,8.47494283828582,0.0262250519838029,0.0995151236192236,8.61789905600272,0.355751752726122,0.816708454841973,50.7938523441619,86.8449093932294,157.129116633832,0.840239999999991,1.67175778546711
122,GA,500,1,0.115435766184651,3.94418598402665,4.64235150199378,5.19760658095589,0.0674056902674009,0.00657727631074845,0.0159582170284738,0.00657727631074845,0.113343416142512,0.0685203081287785,0.0159582170284738,0.0685203081287785,0.0495362723034005,34.3432649217616,0.0141143989588722,0.0362,0,0.0692,0.01,0.203136,0.0997904,0.023302,0.0063786,0,0.235996,3.8,0.00673868,0.37515,0.0888888888888889,0,0.00628146,1.382,0,0.0661112,0.477386,0.345761666483293,0,1.44,12.1,0.4995,2.19,5.0784,2.49476,0.58255,0.159465,21.0035842293907,5.8999,95,0.168467,9.37875,0.41875,2.91300251256281,0.1570365,34.55,0.154861111111111,1.65278,11.93465,0.663542620071984,1,0.720765194997301,1.37299261608059e-14,0.355021858924853,0.53310863393814,1.07631198385574,0.34882477040149,0.280937647984477,0.00899082012244119,1.32601343917181,3.29273991650781,8.02491361114195,0.150902891809984,4.41960985970513,0.12381896591798,2.79748765035835e-15,0.0134012083767732,10.5087260359772,8.02403857457109e-18,0.417112344629449,4.23373305866733,0.362071569439416,0.816708454841973,33.9112255168973,68.6714892531807,117.99446090653,0.840239999999991,1.67175778546711
122,GA,500,1,0.115435766184651,3.94418598402665,4.64235150199378,5.19760658095589,0.0674056902674009,0.00657727631074845,0.0159582170284738,0.00657727631074845,0.113343416142512,0.0685203081287785,0.0159582170284738,0.0685203081287785,0.0495362723034005,34.3432649217616,0.0418666019674398,0.0362,0,0.0692,0.01,0.203136,0.0997904,0.023302,0.0063786,0,0.235996,3.8,0.00673868,0.37515,0.0888888888888889,0,0.00628146,1.382,0,0.0661112,0.477386,0.345761666483293,0,1.44,12.1,0.4995,2.19,5.0784,2.49476,0.58255,0.159465,21.0035842293907,5.8999,95,0.168467,9.37875,0.41875,2.91300251256281,0.1570365,34.55,0.154861111111111,1.65278,11.93465,0.663542620071984,1,0.098826993712629,3.61600277846288e-07,0.102310749580713,1.08322981141486,0.387630001463128,0.907940817336472,0.108841377854299,0.0118771906744514,2.12274319735741,0.73696662959153,4.48230758670022,0.0277355553288218,4.22781006338089,0.12647110200761,0.00126020088799756,0.0134012083767732,9.24267944991553,0.0637785555940518,0.989112365061969,1.2148857611348,0.369146955385249,0.758511957981166,38.449985554914,149.010897487342,234.901598373182,0.840239999999991,1.67175778546711
122,GA,500,1,0.115435766184651,3.94418598402665,4.64235150199378,5.19760658095589,0.0674056902674009,0.00657727631074845,0.0159582170284738,0.00657727631074845,0.113343416142512,0.0685203081287785,0.0159582170284738,0.0685203081287785,0.0495362723034005,34.3432649217616,0.0085165127845248,0.0362,0,0.0692,0.01,0.203136,0.0997904,0.023302,0.0063786,0,0.235996,3.8,0.00673868,0.37515,0.0888888888888889,0,0.00628146,1.382,0,0.0661112,0.477386,0.345761666483293,0,1.44,12.1,0.4995,2.19,5.0784,2.49476,0.58255,0.159465,21.0035842293907,5.8999,95,0.168467,9.37875,0.41875,2.91300251256281,0.1570365,34.55,0.154861111111111,1.65278,11.93465,0.663542620071984,1,0.0433194100463836,0.00224231198484207,0.178078481620148,1.08322981141486,0.387630001463128,0.882600469421692,0.49197397476715,0.116941370040857,3.27346768517959,1.10872920168068,14.926305971165,0.0506118819857661,5.5876371283912,0.21957546169713,6.58246702598952e-11,0.0286726329341234,11.0207405764091,0.0262250519838029,0.468223357555741,8.61789905600272,0.355751752726122,0.816708454841973,54.7297647442257,89.866740522411,164.765041089932,0.840239999999991,1.67175778546711
122,GA,500,1,0.115435766184651,3.94418598402665,4.64235150199378,5.19760658095589,0.0674056902674009,0.00657727631074845,0.0159582170284738,0.00657727631074845,0.113343416142512,0.0685203081287785,0.0159582170284738,0.0685203081287785,0.0495362723034005,34.3432649217616,0.0683669953179898,0.0362,0,0.0692,0.01,0.203136,0.0997904,0.023302,0.0063786,0,0.235996,3.8,0.00673868,0.37515,0.0888888888888889,0,0.00628146,1.382,0,0.0661112,0.477386,0.345761666483293,0,1.44,12.1,0.4995,2.19,5.0784,2.49476,0.58255,0.159465,21.0035842293907,5.8999,95,0.168467,9.37875,0.41875,2.91300251256281,0.1570365,34.55,0.154861111111111,1.65278,11.93465,0.663542620071984,1,0.325032270570951,6.85490059604685e-08,0.33554204560074,1.08322981141486,0.346722442424389,1.12395948825633,0.437382911035942,0.0897190927538993,10.8926309164505,4.58086460011602,12.9498568945179,0.0506118819857661,3.88552556880721,0.112645176114433,6.58246702598952e-11,0.0286726329341234,15.4309180351339,3.97448770837526e-17,0.995151236192236,8.61789905600272,0.459244421647998,0.958933295004431,46.9382184251313,146.886878258574,200.115586469167,0.840239999999991,1.67175778546711
122,GA,500,1,0.115435766184651,3.94418598402665,4.64235150199378,5.19760658095589,0.0674056902674009,0.00657727631074845,0.0159582170284738,0.00657727631074845,0.113343416142512,0.0685203081287785,0.0159582170284738,0.0685203081287785,0.0495362723034005,34.3432649217616,0.0370201384359044,0.0362,0,0.0692,0.01,0.203136,0.0997904,0.023302,0.0063786,0,0.235996,3.8,0.00673868,0.37515,0.0888888888888889,0,0.00628146,1.382,0,0.0661112,0.477386,0.345761666483293,0,1.44,12.1,0.4995,2.19,5.0784,2.49476,0.58255,0.159465,21.0035842293907,5.8999,95,0.168467,9.37875,0.41875,2.91300251256281,0.1570365,34.55,0.154861111111111,1.65278,11.93465,0.663542620071984,1,0.260936417809046,1.18583894420014e-13,0.325409924982006,1.60947661642151,0.465296261748666,0.930153706420506,0.537641724503813,0.0418411218669103,4.52864709860439,5.01059991649442,10.5575153830508,0.0511463536363769,4.49982693123173,0.21957546169713,0.0125440359807552,0.0136371010350113,12.647594459692,2.87196322251452e-21,0.0802040857944836,2.09251736849333,0.562640894229742,0.668745151801258,37.6590518498306,67.9283251113873,139.234853825251,0.840239999999991,1.67175778546711
122,GA,500,0,0.115435766184651,3.94418598402665,4.64235150199378,5.19760658095589,0.0674056902674009,0.00657727631074845,0.0159582170284738,0.00657727631074845,0.113343416142512,0.0685203081287785,0.0159582170284738,0.0685203081287785,0.0495362723034005,34.3432649217616,0.0190695396047121,0.0362,0,0.0692,0.01,0.203136,0.0997904,0.023302,0.0063786,0,0.235996,3.8,0.00673868,0.37515,0.0888888888888889,0,0.00628146,1.382,0,0.0661112,0.477386,0.345761666483293,0,1.44,12.1,0.4995,2.19,5.0784,2.49476,0.58255,0.159465,21.0035842293907,5.8999,95,0.168467,9.37875,0.41875,2.91300251256281,0.1570365,34.55,0.154861111111111,1.65278,11.93465,0.663542620071984,1,1.02498647206923,6.85490059604685e-09,0.379716216609904,0.403940347586626,0.346722442424389,1.4598632802406,0.437382911035942,0.0897190927538993,6.31551340487285,4.58086460011602,15.8254897119093,0.0592439704663513,1.91973779390975,0.110816348482218,0.809494118959263,0.00768956438968787,15.4309180351339,3.97448770837526e-17,0.129606487869952,0.923961129042611,0.459244421647998,0.958933295004431,61.1258396745007,73.3757015626368,137.643885241265,0.840239999999991,1.67175778546711
122,GA,500,1,0.115435766184651,3.94418598402665,4.64235150199378,5.19760658095589,0.0674056902674009,0.00657727631074845,0.0159582170284738,0.00657727631074845,0.113343416142512,0.0685203081287785,0.0159582170284738,0.0685203081287785,0.0495362723034005,34.3432649217616,0.0339989754806746,0.0362,0,0.0692,0.01,0.203136,0.0997904,0.023302,0.0063786,0,0.235996,3.8,0.00673868,0.37515,0.0888888888888889,0,0.00628146,1.382,0,0.0661112,0.477386,0.345761666483293,0,1.44,12.1,0.4995,2.19,5.0784,2.49476,0.58255,0.159465,21.0035842293907,5.8999,95,0.168467,9.37875,0.41875,2.91300251256281,0.1570365,34.55,0.154861111111111,1.65278,11.93465,0.663542620071984,1,0.521462077808158,5.76761628748796e-19,0.33554204560074,0.013204287405372,0.387630001463128,0.240054684688314,0.49197397476715,0.116941370040857,7.76486956270087,1.10872920168068,14.926305971165,0.0506118819857661,3.88552556880721,0.100114832399319,4.95708555869647e-10,0.0286726329341234,8.47494283828582,9.31464487543417e-09,0.236876015758818,2.41174556793788,0.355751752726122,0.816708454841973,64.7307801817415,66.268355190762,145.871552997157,0.840239999999991,1.67175778546711
122,GA,500,0,0.115435766184651,3.94418598402665,4.64235150199378,5.19760658095589,0.0674056902674009,0.00657727631074845,0.0159582170284738,0.00657727631074845,0.113343416142512,0.0685203081287785,0.0159582170284738,0.0685203081287785,0.0495362723034005,34.3432649217616,0.0010938987148781,0.0362,0,0.0692,0.01,0.203136,0.0997904,0.023302,0.0063786,0,0.235996,3.8,0.00673868,0.37515,0.0888888888888889,0,0.00628146,1.382,0,0.0661112,0.477386,0.345761666483293,0,1.44,12.1,0.4995,2.19,5.0784,2.49476,0.58255,0.159465,21.0035842293907,5.8999,95,0.168467,9.37875,0.41875,2.91300251256281,0.1570365,34.55,0.154861111111111,1.65278,11.93465,0.663542620071984,1,0.37761354590067,1.37299261608059e-14,0.106675703561767,1.08322981141486,0.387630001463128,1.12395948825633,0.41732765724745,0.14687482971743,0.132601343917181,1.04379568744073,5.98824209110219,0.0648923444862926,4.41960985970513,0.112671916743538,2.07860579025522e-07,0.134012083767732,10.5087260359772,0.0262250519838029,0.189665733937792,2.09251736849333,0.369146955385249,0.816708454841973,42.4902222587767,95.6372828931959,159.591107312919,0.840239999999991,1.67175778546711
122,GA,500,0,0.115435766184651,3.94418598402665,4.64235150199378,5.19760658095589,0.0674056902674009,0.00657727631074845,0.0159582170284738,0.00657727631074845,0.113343416142512,0.0685203081287785,0.0159582170284738,0.0685203081287785,0.0495362723034005,34.3432649217616,1.91059202783205e-19,0.0362,0,0.0692,0.01,0.203136,0.0997904,0.023302,0.0063786,0,0.235996,3.8,0.00673868,0.37515,0.0888888888888889,0,0.00628146,1.382,0,0.0661112,0.477386,0.345761666483293,0,1.44,12.1,0.4995,2.19,5.0784,2.49476,0.58255,0.159465,21.0035842293907,5.8999,95,0.168467,9.37875,0.41875,2.91300251256281,0.1570365,34.55,0.154861111111111,1.65278,11.93465,0.663542620071984,1,0.410149823864621,3.61600277846288e-08,0.41552131248852,0.0157587581807599,0.746696478864772,0.907940817336472,0.0827906407855193,0.0419109649742696,4.37977534906498,0.73696662959153,4.48230758670022,0.141506926749212,3.17679634748729,0.12647110200761,0.0126020088799756,0.0306966742281059,9.30084855605617,5.70149887400548e-20,0.989112365061969,6.55857546741764,0.375849078759741,0.758511957981166,48.1318756124937,138.089638711975,230.185220004731,0.840239999999991,1.67175778546711
122,GA,500,1,0.115435766184651,3.94418598402665,4.64235150199378,5.19760658095589,0.0674056902674009,0.00657727631074845,0.0159582170284738,0.00657727631074845,0.113343416142512,0.0685203081287785,0.0159582170284738,0.0685203081287785,0.0495362723034005,34.3432649217616,0.00986140623288677,0.0362,0,0.0692,0.01,0.203136,0.0997904,0.023302,0.0063786,0,0.235996,3.8,0.00673868,0.37515,0.0888888888888889,0,0.00628146,1.382,0,0.0661112,0.477386,0.345761666483293,0,1.44,12.1,0.4995,2.19,5.0784,2.49476,0.58255,0.159465,21.0035842293907,5.8999,95,0.168467,9.37875,0.41875,2.91300251256281,0.1570365,34.55,0.154861111111111,1.65278,11.93465,0.663542620071984,1,1.41300731303447,3.80772740021238e-20,0.319039547719435,0.131657833636732,0.463888089386661,0.112395948825633,0.41732765724745,0.0123453301286962,2.78177300927238,4.58086460011602,16.942540576199,0.03980139721935,1.84974606996705,0.171595256511933,0.000441806033405704,0.00768956438968787,10.5087260359772,9.72797905625576e-20,0.189665733937792,10.7125137653379,0.516084162380898,0.958933295004431,49.4693740137737,77.7418236098704,130.540522564843,0.840239999999991,1.67175778546711
122,GA,500,0,0.115435766184651,3.94418598402665,4.64235150199378,5.19760658095589,0.0674056902674009,0.00657727631074845,0.0159582170284738,0.00657727631074845,0.113343416142512,0.0685203081287785,0.0159582170284738,0.0685203081287785,0.0495362723034005,34.3432649217616,0.00976872022023757,0.0362,0,0.0692,0.01,0.203136,0.0997904,0.023302,0.0063786,0,0.235996,3.8,0.00673868,0.37515,0.0888888888888889,0,0.00628146,1.382,0,0.0661112,0.477386,0.345761666483293,0,1.44,12.1,0.4995,2.19,5.0784,2.49476,0.58255,0.159465,21.0035842293907,5.8999,95,0.168467,9.37875,0.41875,2.91300251256281,0.1570365,34.55,0.154861111111111,1.65278,11.93465,0.663542620071984,1,0.0582683501613331,4.24768382833096e-16,0.239919977357982,0.84745896001386,0.387630001463128,0.558146291259839,0.49197397476715,0.0576827980048167,0.132601343917181,1.44873097982681,6.85502581168269,0.0322242209876462,4.41960985970513,0.21957546169713,6.58246702598952e-12,0.0549257323456414,11.7048172577826,1.38695515175163e-18,0.407822343390313,1.96910767623804,0.42448203057904,0.816708454841973,44.3824533829661,73.5266317324022,134.410457007134,0.840239999999991,1.67175778546711
122,GA,500,1,0.115435766184651,3.94418598402665,4.64235150199378,5.19760658095589,0.0674056902674009,0.00657727631074845,0.0159582170284738,0.00657727631074845,0.113343416142512,0.0685203081287785,0.0159582170284738,0.0685203081287785,0.0495362723034005,34.3432649217616,0.0134124236434646,0.0362,0,0.0692,0.01,0.203136,0.0997904,0.023302,0.0063786,0,0.235996,3.8,0.00673868,0.37515,0.0888888888888889,0,0.00628146,1.382,0,0.0661112,0.477386,0.345761666483293,0,1.44,12.1,0.4995,2.19,5.0784,2.49476,0.58255,0.159465,21.0035842293907,5.8999,95,0.168467,9.37875,0.41875,2.91300251256281,0.1570365,34.55,0.154861111111111,1.65278,11.93465,0.663542620071984,1,0.141300731303447,2.52766016549392e-09,0.319039547719435,0.713253352272425,0.812042234127727,0.877964643016063,0.41732765724745,0.0577263879409969,10.8926309164505,3.47591531652774,12.9498568945179,0.03980139721935,5.13153400797091,0.171595256511933,0.000441806033405704,0.00768956438968787,15.4309180351339,4.23135354067356e-05,1.29606487869952,3.36791779424044,0.523739453563302,0.958933295004431,48.662751629365,91.5370118895433,144.119872960333,0.840239999999991,1.67175778546711
122,GA,500,0,0.115435766184651,3.94418598402665,4.64235150199378,5.19760658095589,0.0674056902674009,0.00657727631074845,0.0159582170284738,0.00657727631074845,0.113343416142512,0.0685203081287785,0.0159582170284738,0.0685203081287785,0.0495362723034005,34.3432649217616,6.42857807867078e-31,0.0362,0,0.0692,0.01,0.203136,0.0997904,0.023302,0.0063786,0,0.235996,3.8,0.00673868,0.37515,0.0888888888888889,0,0.00628146,1.382,0,0.0661112,0.477386,0.345761666483293,0,1.44,12.1,0.4995,2.19,5.0784,2.49476,0.58255,0.159465,21.0035842293907,5.8999,95,0.168467,9.37875,0.41875,2.91300251256281,0.1570365,34.55,0.154861111111111,1.65278,11.93465,0.663542620071984,1,0.37761354590067,7.2493608402609e-10,0.33554204560074,1.08322981141486,0.387630001463128,1.12395948825633,0.49197397476715,0.116941370040857,1.32601343917181,0.86975064501522,14.926305971165,0.0506118819857661,3.88552556880721,0.21957546169713,6.58246702598952e-11,0.0286726329341234,8.47494283828582,0.0262250519838029,0.995151236192236,8.61789905600272,0.355751752726122,0.816708454841973,51.6792412588392,126.187828507679,206.187043595837,0.840239999999991,1.67175778546711
122,GA,500,0,0.115435766184651,3.94418598402665,4.64235150199378,5.19760658095589,0.0674056902674009,0.00657727631074845,0.0159582170284738,0.00657727631074845,0.113343416142512,0.0685203081287785,0.0159582170284738,0.0685203081287785,0.0495362723034005,34.3432649217616,8.5218676322388e-05,0.0362,0,0.0692,0.01,0.203136,0.0997904,0.023302,0.0063786,0,0.235996,3.8,0.00673868,0.37515,0.0888888888888889,0,0.00628146,1.382,0,0.0661112,0.477386,0.345761666483293,0,1.44,12.1,0.4995,2.19,5.0784,2.49476,0.58255,0.159465,21.0035842293907,5.8999,95,0.168467,9.37875,0.41875,2.91300251256281,0.1570365,34.55,0.154861111111111,1.65278,11.93465,0.663542620071984,1,0.037761354590067,2.52766016549392e-10,0.319039547719435,1.08322981141486,1.1517193920821,1.12395948825633,0.49197397476715,0.0582962586775933,1.44869697039308,0.260899609612407,14.926305971165,0.0692629681538247,4.16920699101323,0.21957546169713,8.5651426907191e-06,0.0640855132126961,8.47494283828582,5.88178522622908e-07,0.692279503726635,4.23373305866733,0.542504689826477,0.816708454841973,50.5453045206599,61.0045738699517,125.240960612228,0.840239999999991,1.67175778546711
122,GA,500,0,0.115435766184651,3.94418598402665,4.64235150199378,5.19760658095589,0.0674056902674009,0.00657727631074845,0.0159582170284738,0.00657727631074845,0.113343416142512,0.0685203081287785,0.0159582170284738,0.0685203081287785,0.0495362723034005,34.3432649217616,8.32648075874411e-05,0.0362,0,0.0692,0.01,0.203136,0.0997904,0.023302,0.0063786,0,0.235996,3.8,0.00673868,0.37515,0.0888888888888889,0,0.00628146,1.382,0,0.0661112,0.477386,0.345761666483293,0,1.44,12.1,0.4995,2.19,5.0784,2.49476,0.58255,0.159465,21.0035842293907,5.8999,95,0.168467,9.37875,0.41875,2.91300251256281,0.1570365,34.55,0.154861111111111,1.65278,11.93465,0.663542620071984,1,0.037761354590067,2.52766016549392e-11,0.33554204560074,1.08322981141486,3.87630001463128,1.12395948825633,0.49051603916839,0.116941370040857,1.32601343917181,0.86975064501522,14.926305971165,0.0510413062487021,3.88552556880721,0.21957546169713,6.58246702598952e-11,0.0286726329341234,8.47494283828582,0.0262250519838029,0.608952758863048,8.61789905600272,0.355751752726122,0.816708454841973,50.9089369079492,60.5611021989732,125.061594248433,0.840239999999991,1.67175778546711
122,GA,500,0,0.115435766184651,3.94418598402665,4.64235150199378,5.19760658095589,0.0674056902674009,0.00657727631074845,0.0159582170284738,0.00657727631074845,0.113343416142512,0.0685203081287785,0.0159582170284738,0.0685203081287785,0.0495362723034005,34.3432649217616,0,0.0362,0,0.0692,0.01,0.203136,0.0997904,0.023302,0.0063786,0,0.235996,3.8,0.00673868,0.37515,0.0888888888888889,0,0.00628146,1.382,0,0.0661112,0.477386,0.345761666483293,0,1.44,12.1,0.4995,2.19,5.0784,2.49476,0.58255,0.159465,21.0035842293907,5.8999,95,0.168467,9.37875,0.41875,2.91300251256281,0.1570365,34.55,0.154861111111111,1.65278,11.93465,0.663542620071984,1,0.37761354590067,7.2493608402609e-11,0.33554204560074,1.08322981141486,0.387630001463128,1.12395948825633,0.49197397476715,0.116941370040857,1.32601343917181,0.86975064501522,14.926305971165,0.0506118819857661,3.88552556880721,0.21957546169713,6.58246702598952e-11,0.0286726329341234,8.47494283828582,0.0262250519838029,0.995151236192236,8.61789905600272,0.355751752726122,0.816708454841973,51.679241256024,126.187828476286,206.187043554584,0.840239999999991,1.67175778546711
122,GA,500,0,0.115435766184651,3.94418598402665,4.64235150199378,5.19760658095589,0.0674056902674009,0.00657727631074845,0.0159582170284738,0.00657727631074845,0.113343416142512,0.0685203081287785,0.0159582170284738,0.0685203081287785,0.0495362723034005,34.3432649217616,0.0246006571143606,0.0362,0,0.0692,0.01,0.203136,0.0997904,0.023302,0.0063786,0,0.235996,3.8,0.00673868,0.37515,0.0888888888888889,0,0.00628146,1.382,0,0.0661112,0.477386,0.345761666483293,0,1.44,12.1,0.4995,2.19,5.0784,2.49476,0.58255,0.159465,21.0035842293907,5.8999,95,0.168467,9.37875,0.41875,2.91300251256281,0.1570365,34.55,0.154861111111111,1.65278,11.93465,0.663542620071984,1,0.037761354590067,2.25972808424889,0.088234075098126,1.08322981141486,0.387630001463128,1.12395948825633,0.206610743288249,0.0140695033064265,0.132601343917181,0.668103263500146,14.926305971165,0.0560002377556855,0.704017130708027,0.176726349012996,6.7190889576178e-14,0.0314945320605595,1.74555154661108,2.13209485737777e-16,0.0995151236192236,1.34831091070241,0.355751752726122,0.816708454841973,47.9576203991107,113.971140369818,187.506978182937,0.840239999999991,1.67175778546711
122,GA,500,1,0.115435766184651,3.94418598402665,4.64235150199378,5.19760658095589,0.0674056902674009,0.00657727631074845,0.0159582170284738,0.00657727631074845,0.113343416142512,0.0685203081287785,0.0159582170284738,0.0685203081287785,0.0495362723034005,34.3432649217616,0.00919924951496231,0.0362,0,0.0692,0.01,0.203136,0.0997904,0.023302,0.0063786,0,0.235996,3.8,0.00673868,0.37515,0.0888888888888889,0,0.00628146,1.382,0,0.0661112,0.477386,0.345761666483293,0,1.44,12.1,0.4995,2.19,5.0784,2.49476,0.58255,0.159465,21.0035842293907,5.8999,95,0.168467,9.37875,0.41875,2.91300251256281,0.1570365,34.55,0.154861111111111,1.65278,11.93465,0.663542620071984,1,1.42192601008879,0.00597613610378823,0.094917301560654,1.08322981141486,0.763669405593525,1.12732700827361,0.447718646133985,0.0215575511429008,7.56898553524094,1.89862708879693,25.0934955521434,0.0273611095967278,0.948584406495536,0.348520361456487,8.40341995482226e-12,0.03146311471895,5.06121960051148,3.99834133626456e-05,0.886649381973208,1.03872869812447,0.45369615227388,0.816708454841973,36.5164780050528,117.608770730366,180.519849138418,0.840239999999991,1.67175778546711
122,GA,500,0,0.115435766184651,3.94418598402665,4.64235150199378,5.19760658095589,0.0674056902674009,0.00657727631074845,0.0159582170284738,0.00657727631074845,0.113343416142512,0.0685203081287785,0.0159582170284738,0.0685203081287785,0.0495362723034005,34.3432649217616,2.12539170774275e-15,0.0362,0,0.0692,0.01,0.203136,0.0997904,0.023302,0.0063786,0,0.235996,3.8,0.00673868,0.37515,0.0888888888888889,0,0.00628146,1.382,0,0.0661112,0.477386,0.345761666483293,0,1.44,12.1,0.4995,2.19,5.0784,2.49476,0.58255,0.159465,21.0035842293907,5.8999,95,0.168467,9.37875,0.41875,2.91300251256281,0.1570365,34.55,0.154861111111111,1.65278,11.93465,0.663542620071984,1,0.037761354590067,1.37299261608059e-13,0.106675703561767,1.08322981141486,0.387630001463128,1.12395948825633,0.41732765724745,0.14687482971743,1.32601343917181,1.04379568744073,5.98824209110219,0.0648923444862926,4.41960985970513,0.112671916743538,2.07860579025522e-06,0.0134012083767732,10.5087260359772,0.0262250519838029,0.189665733937792,2.09251736849333,0.369146955385249,0.816708454841973,50.5790622997313,83.0909614833963,152.317890875314,0.840239999999991,1.67175778546711
122,GA,500,1,0.115435766184651,3.94418598402665,4.64235150199378,5.19760658095589,0.0674056902674009,0.00657727631074845,0.0159582170284738,0.00657727631074845,0.113343416142512,0.0685203081287785,0.0159582170284738,0.0685203081287785,0.0495362723034005,34.3432649217616,0.0160388130217111,0.0362,0,0.0692,0.01,0.203136,0.0997904,0.023302,0.0063786,0,0.235996,3.8,0.00673868,0.37515,0.0888888888888889,0,0.00628146,1.382,0,0.0661112,0.477386,0.345761666483293,0,1.44,12.1,0.4995,2.19,5.0784,2.49476,0.58255,0.159465,21.0035842293907,5.8999,95,0.168467,9.37875,0.41875,2.91300251256281,0.1570365,34.55,0.154861111111111,1.65278,11.93465,0.663542620071984,1,0.037761354590067,1.95050271326823e-06,0.41552131248852,0.0157587581807599,0.746696478864772,0.907940817336472,0.0827906407855193,0.0419109649742696,4.37977534906498,0.73696662959153,14.926305971165,0.141506926749212,3.17679634748729,0.12647110200761,6.58246702598952e-11,0.0134012083767732,9.30084855605617,3.69399144302514e-09,0.852810035757825,0.655857546741764,0.375849078759741,0.758511957981166,61.3274230031288,77.1817176102493,163.081544079445,0.840239999999991,1.67175778546711
122,GA,500,0,0.115435766184651,3.94418598402665,4.64235150199378,5.19760658095589,0.0674056902674009,0.00657727631074845,0.0159582170284738,0.00657727631074845,0.113343416142512,0.0685203081287785,0.0159582170284738,0.0685203081287785,0.0495362723034005,34.3432649217616,0.00110474163491132,0.0362,0,0.0692,0.01,0.203136,0.0997904,0.023302,0.0063786,0,0.235996,3.8,0.00673868,0.37515,0.0888888888888889,0,0.00628146,1.382,0,0.0661112,0.477386,0.345761666483293,0,1.44,12.1,0.4995,2.19,5.0784,2.49476,0.58255,0.159465,21.0035842293907,5.8999,95,0.168467,9.37875,0.41875,2.91300251256281,0.1570365,34.55,0.154861111111111,1.65278,11.93465,0.663542620071984,1,0.37761354590067,1.37299261608059e-14,0.106675703561767,1.08322981141486,0.387630001463128,1.12395948825633,0.41732765724745,0.14687482971743,0.132601343917181,1.04379568744073,5.98824209110219,0.0648923444862926,4.41960985970513,0.112671916743538,2.07860579025522e-06,0.0134012083767732,10.5087260359772,0.0262250519838029,0.189665733937792,2.09251736849333,0.369146955385249,0.816708454841973,41.979337169054,96.5080639012343,160.146430125019,0.840239999999991,1.67175778546711
122,GA,500,0,0.115435766184651,3.94418598402665,4.64235150199378,5.19760658095589,0.0674056902674009,0.00657727631074845,0.0159582170284738,0.00657727631074845,0.113343416142512,0.0685203081287785,0.0159582170284738,0.0685203081287785,0.0495362723034005,34.3432649217616,0.0165133460441825,0.0362,0,0.0692,0.01,0.203136,0.0997904,0.023302,0.0063786,0,0.235996,3.8,0.00673868,0.37515,0.0888888888888889,0,0.00628146,1.382,0,0.0661112,0.477386,0.345761666483293,0,1.44,12.1,0.4995,2.19,5.0784,2.49476,0.58255,0.159465,21.0035842293907,5.8999,95,0.168467,9.37875,0.41875,2.91300251256281,0.1570365,34.55,0.154861111111111,1.65278,11.93465,0.663542620071984,1,0.0423765172324004,6.38985121394986e-12,0.148775525001386,0.626748106622822,0.346722442424389,0.877964643016063,0.437382911035942,0.0897190927538993,8.86985631481062,4.58086460011602,17.669173714241,0.0283468281645739,0.952210213392367,0.387812525552395,0.0131416676737046,0.00768956438968787,15.4309180351339,3.97448770837526e-17,0.239972538172061,3.36791779424044,0.459244421647998,0.958933295004431,63.889309706147,102.577731468353,170.85997388345,0.840239999999991,1.67175778546711
122,GA,500,0,0.115435766184651,3.94418598402665,4.64235150199378,5.19760658095589,0.0674056902674009,0.00657727631074845,0.0159582170284738,0.00657727631074845,0.113343416142512,0.0685203081287785,0.0159582170284738,0.0685203081287785,0.0495362723034005,34.3432649217616,0,0.0362,0,0.0692,0.01,0.203136,0.0997904,0.023302,0.0063786,0,0.235996,3.8,0.00673868,0.37515,0.0888888888888889,0,0.00628146,1.382,0,0.0661112,0.477386,0.345761666483293,0,1.44,12.1,0.4995,2.19,5.0784,2.49476,0.58255,0.159465,21.0035842293907,5.8999,95,0.168467,9.37875,0.41875,2.91300251256281,0.1570365,34.55,0.154861111111111,1.65278,11.93465,0.663542620071984,1,0.508871063422381,1.37299261608059e-14,0.106675703561767,1.08322981141486,0.374289070832957,1.14085275216875,0.49197397476715,0.0811289049218722,0.132601343917181,5.12485638195356,25.4442697678591,0.0367623215560257,4.41960985970513,0.21957546169713,6.58246702598952e-11,0.0134012083767732,16.8612041775535,0.00262250519838029,0.0672498050960735,4.09456305560179,0.574096774166235,0.816708454841973,63.4566686154047,120.023648093508,210.41688113914,0.840239999999991,1.67175778546711
122,GA,500,1,0.115435766184651,3.94418598402665,4.64235150199378,5.19760658095589,0.0674056902674009,0.00657727631074845,0.0159582170284738,0.00657727631074845,0.113343416142512,0.0685203081287785,0.0159582170284738,0.0685203081287785,0.0495362723034005,34.3432649217616,0.00556368554360938,0.0362,0,0.0692,0.01,0.203136,0.0997904,0.023302,0.0063786,0,0.235996,3.8,0.00673868,0.37515,0.0888888888888889,0,0.00628146,1.382,0,0.0661112,0.477386,0.345761666483293,0,1.44,12.1,0.4995,2.19,5.0784,2.49476,0.58255,0.159465,21.0035842293907,5.8999,95,0.168467,9.37875,0.41875,2.91300251256281,0.1570365,34.55,0.154861111111111,1.65278,11.93465,0.663542620071984,1,1.07634891767139,9.38276304091702e-08,0.116487348386648,0.0244876574276575,0.751568016261907,0.192166178613732,0.207139157049824,0.0078874751716633,0.998266475789118,2.46591791511096,11.9507227091098,0.0487950524682405,0.763253992803582,0.195681099736635,7.90886848998875e-19,0.0651886506505701,3.50696279475404,6.3024511452031e-08,0.23169272278087,0.615783854127067,0.517903043309542,0.785102183241887,39.6432575782486,74.2678577310072,134.239679950094,0.840239999999991,1.67175778546711
122,GA,500,1,0.115435766184651,3.94418598402665,4.64235150199378,5.19760658095589,0.0674056902674009,0.00657727631074845,0.0159582170284738,0.00657727631074845,0.113343416142512,0.0685203081287785,0.0159582170284738,0.0685203081287785,0.0495362723034005,34.3432649217616,0.219940946215167,0.0362,0,0.0692,0.01,0.203136,0.0997904,0.023302,0.0063786,0,0.235996,3.8,0.00673868,0.37515,0.0888888888888889,0,0.00628146,1.382,0,0.0661112,0.477386,0.345761666483293,0,1.44,12.1,0.4995,2.19,5.0784,2.49476,0.58255,0.159465,21.0035842293907,5.8999,95,0.168467,9.37875,0.41875,2.91300251256281,0.1570365,34.55,0.154861111111111,1.65278,11.93465,0.663542620071984,1,0.409746136141176,0.0367560275575434,0.23920986865949,0.425840858621317,0.51199846290034,0.428078780926549,0.460933950564368,0.138113997394413,5.49145287552449,1.01873307610047,5.1070003956029,0.0526620969576673,0.722304155257618,0.296078553084315,3.38313429216796e-16,0.0614831038734513,2.41545966662642,2.4731400555336e-19,0.361649712982071,0.923961129042611,0.46219916662503,0.660711659572347,39.8342838217627,79.2509434925927,159.782134513377,0.840239999999991,1.67175778546711
122,GA,500,0,0.115435766184651,3.94418598402665,4.64235150199378,5.19760658095589,0.0674056902674009,0.00657727631074845,0.0159582170284738,0.00657727631074845,0.113343416142512,0.0685203081287785,0.0159582170284738,0.0685203081287785,0.0495362723034005,34.3432649217616,0.00350319802182488,0.0362,0,0.0692,0.01,0.203136,0.0997904,0.023302,0.0063786,0,0.235996,3.8,0.00673868,0.37515,0.0888888888888889,0,0.00628146,1.382,0,0.0661112,0.477386,0.345761666483293,0,1.44,12.1,0.4995,2.19,5.0784,2.49476,0.58255,0.159465,21.0035842293907,5.8999,95,0.168467,9.37875,0.41875,2.91300251256281,0.1570365,34.55,0.154861111111111,1.65278,11.93465,0.663542620071984,1,0.508871063422381,7.2493608402609e-12,0.106675703561767,1.08322981141486,0.374289070832957,1.14085275216875,0.49197397476715,0.0811289049218722,1.32601343917181,0.86975064501522,14.926305971165,0.0367623215560257,3.88552556880721,0.21957546169713,6.58246702598952e-11,0.0134012083767732,8.47494283828582,0.00262250519838029,0.0672498050960735,4.09456305560179,0.355751752726122,0.816708454841973,51.3397280458206,121.119738611479,199.642023550909,0.840239999999991,1.67175778546711
122,GA,500,1,0.115435766184651,3.94418598402665,4.64235150199378,5.19760658095589,0.0674056902674009,0.00657727631074845,0.0159582170284738,0.00657727631074845,0.113343416142512,0.0685203081287785,0.0159582170284738,0.0685203081287785,0.0495362723034005,34.3432649217616,0.0108443368932109,0.0362,0,0.0692,0.01,0.203136,0.0997904,0.023302,0.0063786,0,0.235996,3.8,0.00673868,0.37515,0.0888888888888889,0,0.00628146,1.382,0,0.0661112,0.477386,0.345761666483293,0,1.44,12.1,0.4995,2.19,5.0784,2.49476,0.58255,0.159465,21.0035842293907,5.8999,95,0.168467,9.37875,0.41875,2.91300251256281,0.1570365,34.55,0.154861111111111,1.65278,11.93465,0.663542620071984,1,0.10654015002379,1.32675682778933e-13,0.443296890177377,1.64996722668368,0.457278126463482,0.119548984849667,0.383423559764833,0.0454726069422871,4.0133898678189,0.512485638195356,52.7657369558616,0.0648923444862926,1.75946669344081,0.21957546169713,3.58851827955082e-09,0.0484401625558686,3.25676180704002,0.0262250519838029,0.307203372951257,4.75730582782319,0.454707734465037,0.816708454841973,34.2003229497032,102.613901838103,159.843569606135,0.840239999999991,1.67175778546711
122,GA,500,1,0.115435766184651,3.94418598402665,4.64235150199378,5.19760658095589,0.0674056902674009,0.00657727631074845,0.0159582170284738,0.00657727631074845,0.113343416142512,0.0685203081287785,0.0159582170284738,0.0685203081287785,0.0495362723034005,34.3432649217616,0.0579434028262294,0.0362,0,0.0692,0.01,0.203136,0.0997904,0.023302,0.0063786,0,0.235996,3.8,0.00673868,0.37515,0.0888888888888889,0,0.00628146,1.382,0,0.0661112,0.477386,0.345761666483293,0,1.44,12.1,0.4995,2.19,5.0784,2.49476,0.58255,0.159465,21.0035842293907,5.8999,95,0.168467,9.37875,0.41875,2.91300251256281,0.1570365,34.55,0.154861111111111,1.65278,11.93465,0.663542620071984,1,0.418711984104021,1.73266773625134e-07,0.394642485696056,0.403940347586626,0.346722442424389,1.22857555819419,0.437382911035942,0.0897190927538993,4.28443874522958,4.58086460011602,6.32063676235203,0.03980139721935,2.25160670097613,0.281007349257301,4.09125311671877e-11,0.00768956438968787,15.4309180351339,0.107821863909692,1.29606487869952,1.37306713047782,0.405087644050888,0.958933295004431,65.9522705751175,100.735770203455,171.002090753683,0.840239999999991,1.67175778546711
122,GA,500,0,0.115435766184651,3.94418598402665,4.64235150199378,5.19760658095589,0.0674056902674009,0.00657727631074845,0.0159582170284738,0.00657727631074845,0.113343416142512,0.0685203081287785,0.0159582170284738,0.0685203081287785,0.0495362723034005,34.3432649217616,0.00324596666685886,0.0362,0,0.0692,0.01,0.203136,0.0997904,0.023302,0.0063786,0,0.235996,3.8,0.00673868,0.37515,0.0888888888888889,0,0.00628146,1.382,0,0.0661112,0.477386,0.345761666483293,0,1.44,12.1,0.4995,2.19,5.0784,2.49476,0.58255,0.159465,21.0035842293907,5.8999,95,0.168467,9.37875,0.41875,2.91300251256281,0.1570365,34.55,0.154861111111111,1.65278,11.93465,0.663542620071984,1,1.41300731303447,2.52766016549392e-09,0.319039547719435,0.713253352272425,0.812042234127727,0.877964643016063,0.41732765724745,0.0577263879409969,10.8926309164505,3.47591531652774,12.9498568945179,0.03980139721935,5.13153400797091,0.171595256511933,0.000441806033405704,0.00768956438968787,15.4309180351339,4.23135354067356e-05,1.29606487869952,3.36791779424044,0.523739453563302,0.958933295004431,45.3900918191028,190.730874606381,244.289093032217,0.840239999999991,1.67175778546711
122,GA,500,1,0.115435766184651,3.94418598402665,4.64235150199378,5.19760658095589,0.0674056902674009,0.00657727631074845,0.0159582170284738,0.00657727631074845,0.113343416142512,0.0685203081287785,0.0159582170284738,0.0685203081287785,0.0495362723034005,34.3432649217616,0.0239333917359147,0.0362,0,0.0692,0.01,0.203136,0.0997904,0.023302,0.0063786,0,0.235996,3.8,0.00673868,0.37515,0.0888888888888889,0,0.00628146,1.382,0,0.0661112,0.477386,0.345761666483293,0,1.44,12.1,0.4995,2.19,5.0784,2.49476,0.58255,0.159465,21.0035842293907,5.8999,95,0.168467,9.37875,0.41875,2.91300251256281,0.1570365,34.55,0.154861111111111,1.65278,11.93465,0.663542620071984,1,0.115541569884737,3.61600277846288e-07,0.203896073486881,0.0157587581807599,0.746696478864772,0.428078780926549,0.0894073397692752,0.0419109649742696,4.37977534906498,0.73696662959153,4.48230758670022,0.0261770756325833,3.17679634748729,0.12647110200761,0.0126020088799756,0.0306966742281059,6.71436540649594,5.70149887400548e-19,0.989112365061969,6.07119894852393,0.397212721359864,0.758511957981166,40.7937778188676,101.986556679441,175.249873871573,0.840239999999991,1.67175778546711
122,GA,500,0,0.115435766184651,3.94418598402665,4.64235150199378,5.19760658095589,0.0674056902674009,0.00657727631074845,0.0159582170284738,0.00657727631074845,0.113343416142512,0.0685203081287785,0.0159582170284738,0.0685203081287785,0.0495362723034005,34.3432649217616,8.29310253867363e-31,0.0362,0,0.0692,0.01,0.203136,0.0997904,0.023302,0.0063786,0,0.235996,3.8,0.00673868,0.37515,0.0888888888888889,0,0.00628146,1.382,0,0.0661112,0.477386,0.345761666483293,0,1.44,12.1,0.4995,2.19,5.0784,2.49476,0.58255,0.159465,21.0035842293907,5.8999,95,0.168467,9.37875,0.41875,2.91300251256281,0.1570365,34.55,0.154861111111111,1.65278,11.93465,0.663542620071984,1,0.037761354590067,7.2493608402609e-11,0.33554204560074,1.08322981141486,0.387630001463128,0.112395948825633,0.49197397476715,0.116941370040857,1.32601343917181,0.86975064501522,14.926305971165,0.0506118819857661,3.88552556880721,0.21957546169713,6.58246702598952e-12,0.0286726329341234,8.47494283828582,0.0262250519838029,0.995151236192236,8.61789905600272,0.355751752726122,0.816708454841973,51.017438149066,102.866483156805,176.969952227923,0.840239999999991,1.67175778546711
122,GA,500,0,0.115435766184651,3.94418598402665,4.64235150199378,5.19760658095589,0.0674056902674009,0.00657727631074845,0.0159582170284738,0.00657727631074845,0.113343416142512,0.0685203081287785,0.0159582170284738,0.0685203081287785,0.0495362723034005,34.3432649217616,0,0.0362,0,0.0692,0.01,0.203136,0.0997904,0.023302,0.0063786,0,0.235996,3.8,0.00673868,0.37515,0.0888888888888889,0,0.00628146,1.382,0,0.0661112,0.477386,0.345761666483293,0,1.44,12.1,0.4995,2.19,5.0784,2.49476,0.58255,0.159465,21.0035842293907,5.8999,95,0.168467,9.37875,0.41875,2.91300251256281,0.1570365,34.55,0.154861111111111,1.65278,11.93465,0.663542620071984,1,0.037761354590067,7.2493608402609e-11,0.33554204560074,1.08322981141486,0.387630001463128,0.112395948825633,0.49197397476715,0.116941370040857,1.32601343917181,0.86975064501522,14.926305971165,0.0506118819857661,3.88552556880721,0.21957546169713,6.58246702598952e-11,0.0286726329341234,8.47494283828582,0.0262250519838029,0.995151236192236,8.61789905600272,0.355751752726122,0.816708454841973,51.0174381490419,102.866483155698,176.969952226543,0.840239999999991,1.67175778546711
122,GA,500,0,0.115435766184651,3.94418598402665,4.64235150199378,5.19760658095589,0.0674056902674009,0.00657727631074845,0.0159582170284738,0.00657727631074845,0.113343416142512,0.0685203081287785,0.0159582170284738,0.0685203081287785,0.0495362723034005,34.3432649217616,0.00280009691349938,0.0362,0,0.0692,0.01,0.203136,0.0997904,0.023302,0.0063786,0,0.235996,3.8,0.00673868,0.37515,0.0888888888888889,0,0.00628146,1.382,0,0.0661112,0.477386,0.345761666483293,0,1.44,12.1,0.4995,2.19,5.0784,2.49476,0.58255,0.159465,21.0035842293907,5.8999,95,0.168467,9.37875,0.41875,2.91300251256281,0.1570365,34.55,0.154861111111111,1.65278,11.93465,0.663542620071984,1,0.037761354590067,1.37299261608059e-14,0.221484229342396,1.64996722668368,0.457278126463482,0.119548984849667,0.353265974374375,0.0811289049218722,1.32601343917181,0.512485638195356,22.7226130084363,0.0648923444862926,1.75946669344081,0.21957546169713,6.58246702598952e-11,0.0134012083767732,3.25676180704002,0.0262250519838029,0.307203372951257,2.09251736849333,0.534863931215726,0.816708454841973,36.6319595830009,120.011688400198,183.577528333626,0.840239999999991,1.67175778546711
122,GA,500,1,0.115435766184651,3.94418598402665,4.64235150199378,5.19760658095589,0.0674056902674009,0.00657727631074845,0.0159582170284738,0.00657727631074845,0.113343416142512,0.0685203081287785,0.0159582170284738,0.0685203081287785,0.0495362723034005,34.3432649217616,0.0160651418147925,0.0362,0,0.0692,0.01,0.203136,0.0997904,0.023302,0.0063786,0,0.235996,3.8,0.00673868,0.37515,0.0888888888888889,0,0.00628146,1.382,0,0.0661112,0.477386,0.345761666483293,0,1.44,12.1,0.4995,2.19,5.0784,2.49476,0.58255,0.159465,21.0035842293907,5.8999,95,0.168467,9.37875,0.41875,2.91300251256281,0.1570365,34.55,0.154861111111111,1.65278,11.93465,0.663542620071984,1,0.037761354590067,1.37299261608059e-14,0.106675703561767,1.08322981141486,0.387630001463128,1.12395948825633,0.49197397476715,0.0811289049218722,1.32601343917181,0.86975064501522,14.926305971165,0.0506118819857661,3.88552556880721,0.21957546169713,6.58246702598952e-11,0.0134012083767732,10.5087260359772,0.00262250519838029,0.995151236192236,2.09251736849333,0.574096774166235,0.816708454841973,53.2880054209997,73.1719149185951,142.881684150276,0.840239999999991,1.67175778546711
122,GA,500,0,0.115435766184651,3.94418598402665,4.64235150199378,5.19760658095589,0.0674056902674009,0.00657727631074845,0.0159582170284738,0.00657727631074845,0.113343416142512,0.0685203081287785,0.0159582170284738,0.0685203081287785,0.0495362723034005,34.3432649217616,0.00154784670768962,0.0362,0,0.0692,0.01,0.203136,0.0997904,0.023302,0.0063786,0,0.235996,3.8,0.00673868,0.37515,0.0888888888888889,0,0.00628146,1.382,0,0.0661112,0.477386,0.345761666483293,0,1.44,12.1,0.4995,2.19,5.0784,2.49476,0.58255,0.159465,21.0035842293907,5.8999,95,0.168467,9.37875,0.41875,2.91300251256281,0.1570365,34.55,0.154861111111111,1.65278,11.93465,0.663542620071984,1,0.37761354590067,7.2493608402609e-11,0.33554204560074,0.108322981141486,0.387630001463128,1.12395948825633,0.49197397476715,0.116941370040857,1.32601343917181,0.86975064501522,14.926305971165,0.0506118819857661,3.88552556880721,0.21957546169713,6.58246702598952e-11,0.0286726329341234,8.47494283828582,0.0262250519838029,0.995151236192236,8.61789905600272,0.355751752726122,0.816708454841973,51.961038786862,57.638498219034,122.535180486162,0.840239999999991,1.67175778546711
122,GA,500,1,0.115435766184651,3.94418598402665,4.64235150199378,5.19760658095589,0.0674056902674009,0.00657727631074845,0.0159582170284738,0.00657727631074845,0.113343416142512,0.0685203081287785,0.0159582170284738,0.0685203081287785,0.0495362723034005,34.3432649217616,0.0259139544264013,0.0362,0,0.0692,0.01,0.203136,0.0997904,0.023302,0.0063786,0,0.235996,3.8,0.00673868,0.37515,0.0888888888888889,0,0.00628146,1.382,0,0.0661112,0.477386,0.345761666483293,0,1.44,12.1,0.4995,2.19,5.0784,2.49476,0.58255,0.159465,21.0035842293907,5.8999,95,0.168467,9.37875,0.41875,2.91300251256281,0.1570365,34.55,0.154861111111111,1.65278,11.93465,0.663542620071984,1,0.0511071195324601,2.46035158525766e-17,0.239919977357982,0.84745896001386,0.387630001463128,1.12395948825633,0.49197397476715,0.0576827980048167,0.833300095514468,0.52512445221487,14.926305971165,0.0192763124463403,4.41960985970513,0.21957546169713,3.81234982264063e-15,0.0175322492207075,10.5087260359772,0.0262250519838029,0.995151236192236,8.01624434987282,0.574096774166235,0.816708454841973,49.1810669645511,95.3033516043894,165.873077484792,0.840239999999991,1.67175778546711
122,GA,500,0,0.115435766184651,3.94418598402665,4.64235150199378,5.19760658095589,0.0674056902674009,0.00657727631074845,0.0159582170284738,0.00657727631074845,0.113343416142512,0.0685203081287785,0.0159582170284738,0.0685203081287785,0.0495362723034005,34.3432649217616,0.00411062927629478,0.0362,0,0.0692,0.01,0.203136,0.0997904,0.023302,0.0063786,0,0.235996,3.8,0.00673868,0.37515,0.0888888888888889,0,0.00628146,1.382,0,0.0661112,0.477386,0.345761666483293,0,1.44,12.1,0.4995,2.19,5.0784,2.49476,0.58255,0.159465,21.0035842293907,5.8999,95,0.168467,9.37875,0.41875,2.91300251256281,0.1570365,34.55,0.154861111111111,1.65278,11.93465,0.663542620071984,1,0.410149823864621,3.61600277846288e-07,0.41552131248852,0.0157587581807599,0.746696478864772,0.907940817336472,0.0827906407855193,0.0419109649742696,4.37977534906498,0.73696662959153,4.48230758670022,0.141506926749212,3.17679634748729,0.12647110200761,0.126020088799756,0.0306966742281059,9.30084855605617,5.70149887400548e-19,0.989112365061969,6.55857546741764,0.375849078759741,0.758511957981166,48.6091115253565,134.900067690072,226.457418688659,0.840239999999991,1.67175778546711
122,GA,500,1,0.115435766184651,3.94418598402665,4.64235150199378,5.19760658095589,0.0674056902674009,0.00657727631074845,0.0159582170284738,0.00657727631074845,0.113343416142512,0.0685203081287785,0.0159582170284738,0.0685203081287785,0.0495362723034005,34.3432649217616,0.150806309029876,0.0362,0,0.0692,0.01,0.203136,0.0997904,0.023302,0.0063786,0,0.235996,3.8,0.00673868,0.37515,0.0888888888888889,0,0.00628146,1.382,0,0.0661112,0.477386,0.345761666483293,0,1.44,12.1,0.4995,2.19,5.0784,2.49476,0.58255,0.159465,21.0035842293907,5.8999,95,0.168467,9.37875,0.41875,2.91300251256281,0.1570365,34.55,0.154861111111111,1.65278,11.93465,0.663542620071984,1,1.35605609496206,1.64869649545343e-06,0.319039547719435,0.108322981141486,0.507931406769115,1.12395948825633,0.49197397476715,0.116941370040857,4.31108874464091,0.75291337162617,9.46747813167914,0.0506118819857661,3.88552556880721,0.21957546169713,8.75924424912879e-06,0.0286726329341234,1.82007944903565,2.68987655158522e-11,0.995151236192236,6.84064993123488,0.369146955385249,0.816708454841973,28.5826907001638,135.811284721119,194.873714034063,0.840239999999991,1.67175778546711
122,GA,500,1,0.115435766184651,3.94418598402665,4.64235150199378,5.19760658095589,0.0674056902674009,0.00657727631074845,0.0159582170284738,0.00657727631074845,0.113343416142512,0.0685203081287785,0.0159582170284738,0.0685203081287785,0.0495362723034005,34.3432649217616,0.0144112150782266,0.0362,0,0.0692,0.01,0.203136,0.0997904,0.023302,0.0063786,0,0.235996,3.8,0.00673868,0.37515,0.0888888888888889,0,0.00628146,1.382,0,0.0661112,0.477386,0.345761666483293,0,1.44,12.1,0.4995,2.19,5.0784,2.49476,0.58255,0.159465,21.0035842293907,5.8999,95,0.168467,9.37875,0.41875,2.91300251256281,0.1570365,34.55,0.154861111111111,1.65278,11.93465,0.663542620071984,1,0.37761354590067,7.2493608402609e-11,0.33554204560074,1.08322981141486,0.387630001463128,1.12395948825633,0.49197397476715,0.116941370040857,1.32601343917181,0.86975064501522,14.926305971165,0.0506118819857661,3.88552556880721,0.21957546169713,6.58246702598952e-10,0.0134012083767732,10.5087260359772,0.0262250519838029,0.995151236192236,8.61789905600272,0.355751752726122,0.816708454841973,60.2053585247176,126.669727579591,215.303211165537,0.840239999999991,1.67175778546711
122,GA,500,0,0.115435766184651,3.94418598402665,4.64235150199378,5.19760658095589,0.0674056902674009,0.00657727631074845,0.0159582170284738,0.00657727631074845,0.113343416142512,0.0685203081287785,0.0159582170284738,0.0685203081287785,0.0495362723034005,34.3432649217616,0.00131745121006085,0.0362,0,0.0692,0.01,0.203136,0.0997904,0.023302,0.0063786,0,0.235996,3.8,0.00673868,0.37515,0.0888888888888889,0,0.00628146,1.382,0,0.0661112,0.477386,0.345761666483293,0,1.44,12.1,0.4995,2.19,5.0784,2.49476,0.58255,0.159465,21.0035842293907,5.8999,95,0.168467,9.37875,0.41875,2.91300251256281,0.1570365,34.55,0.154861111111111,1.65278,11.93465,0.663542620071984,1,0.913381268467511,1.25522678780722e-19,0.484352991439676,1.08322981141486,0.387630001463128,1.12395948825633,0.555404410358929,0.116941370040857,1.32601343917181,0.86975064501522,14.926305971165,0.0506118819857661,3.88552556880721,0.121518053337472,6.58246702598952e-10,0.0286726329341234,8.47494283828582,4.24375451749881e-12,0.995151236192236,8.61789905600272,0.355751752726122,0.816708454841973,55.988642627234,167.354048750818,260.901482403332,0.840239999999991,1.67175778546711
122,GA,500,0,0.115435766184651,3.94418598402665,4.64235150199378,5.19760658095589,0.0674056902674009,0.00657727631074845,0.0159582170284738,0.00657727631074845,0.113343416142512,0.0685203081287785,0.0159582170284738,0.0685203081287785,0.0495362723034005,34.3432649217616,5.73283239915061e-42,0.0362,0,0.0692,0.01,0.203136,0.0997904,0.023302,0.0063786,0,0.235996,3.8,0.00673868,0.37515,0.0888888888888889,0,0.00628146,1.382,0,0.0661112,0.477386,0.345761666483293,0,1.44,12.1,0.4995,2.19,5.0784,2.49476,0.58255,0.159465,21.0035842293907,5.8999,95,0.168467,9.37875,0.41875,2.91300251256281,0.1570365,34.55,0.154861111111111,1.65278,11.93465,0.663542620071984,1,0.508871063422381,1.37299261608059e-15,0.106675703561767,1.08322981141486,0.374289070832957,1.14085275216875,0.49197397476715,0.0811289049218722,0.132601343917181,0.512485638195356,25.4442697678591,0.0367623215560257,4.41960985970513,0.21957546169713,6.58246702598952e-11,0.0134012083767732,16.8612041775535,0.00262250519838029,0.0672498050960735,4.09456305560179,0.574096774166235,0.816708454841973,65.404821306068,120.219821028428,212.605233296035,0.840239999999991,1.67175778546711
122,GA,500,0,0.115435766184651,3.94418598402665,4.64235150199378,5.19760658095589,0.0674056902674009,0.00657727631074845,0.0159582170284738,0.00657727631074845,0.113343416142512,0.0685203081287785,0.0159582170284738,0.0685203081287785,0.0495362723034005,34.3432649217616,0.0104196543337087,0.0362,0,0.0692,0.01,0.203136,0.0997904,0.023302,0.0063786,0,0.235996,3.8,0.00673868,0.37515,0.0888888888888889,0,0.00628146,1.382,0,0.0661112,0.477386,0.345761666483293,0,1.44,12.1,0.4995,2.19,5.0784,2.49476,0.58255,0.159465,21.0035842293907,5.8999,95,0.168467,9.37875,0.41875,2.91300251256281,0.1570365,34.55,0.154861111111111,1.65278,11.93465,0.663542620071984,1,0.037761354590067,1.37299261608059e-15,0.106675703561767,1.08322981141486,0.387630001463128,0.354393655656604,0.187523400691767,0.012160632507191,1.32601343917181,0.512485638195356,37.3832130452404,0.0648923444862926,4.41960985970513,0.21957546169713,0.000107204888747191,0.0066236211456488,10.5087260359772,0.0262250519838029,0.251676170943088,2.09251736849333,0.574096774166235,0.816708454841973,42.8263699545208,83.2034432756574,144.702924289637,0.840239999999991,1.67175778546711
122,GA,500,0,0.115435766184651,3.94418598402665,4.64235150199378,5.19760658095589,0.0674056902674009,0.00657727631074845,0.0159582170284738,0.00657727631074845,0.113343416142512,0.0685203081287785,0.0159582170284738,0.0685203081287785,0.0495362723034005,34.3432649217616,0.000199781456120983,0.0362,0,0.0692,0.01,0.203136,0.0997904,0.023302,0.0063786,0,0.235996,3.8,0.00673868,0.37515,0.0888888888888889,0,0.00628146,1.382,0,0.0661112,0.477386,0.345761666483293,0,1.44,12.1,0.4995,2.19,5.0784,2.49476,0.58255,0.159465,21.0035842293907,5.8999,95,0.168467,9.37875,0.41875,2.91300251256281,0.1570365,34.55,0.154861111111111,1.65278,11.93465,0.663542620071984,1,0.037761354590067,7.2493608402609e-10,0.28342883532747,1.08322981141486,0.387630001463128,1.12395948825633,0.49197397476715,0.116941370040857,1.32601343917181,0.86975064501522,14.926305971165,0.0506118819857661,3.88552556880721,0.21957546169713,6.58246702598952e-11,0.0122427109290982,8.47494283828582,3.00521754296498e-16,0.995151236192236,2.38904128415442,0.355751752726122,0.816708454841973,51.1282671630255,106.949793269299,182.080496976775,0.840239999999991,1.67175778546711
122,GA,500,0,0.115435766184651,3.94418598402665,4.64235150199378,5.19760658095589,0.0674056902674009,0.00657727631074845,0.0159582170284738,0.00657727631074845,0.113343416142512,0.0685203081287785,0.0159582170284738,0.0685203081287785,0.0495362723034005,34.3432649217616,8.29431657990921e-28,0.0362,0,0.0692,0.01,0.203136,0.0997904,0.023302,0.0063786,0,0.235996,3.8,0.00673868,0.37515,0.0888888888888889,0,0.00628146,1.382,0,0.0661112,0.477386,0.345761666483293,0,1.44,12.1,0.4995,2.19,5.0784,2.49476,0.58255,0.159465,21.0035842293907,5.8999,95,0.168467,9.37875,0.41875,2.91300251256281,0.1570365,34.55,0.154861111111111,1.65278,11.93465,0.663542620071984,1,0.037761354590067,7.2493608402609e-11,0.33554204560074,1.08322981141486,0.387630001463128,1.12395948825633,0.49197397476715,0.116941370040857,1.32601343917181,0.86975064501522,14.926305971165,0.0506118819857661,3.88552556880721,0.21957546169713,6.58246702598952e-10,0.0286726329341234,8.47494283828582,0.0262250519838029,0.995151236192236,8.61789905600272,0.355751752726122,0.816708454841973,51.0174337358196,102.866483552404,176.969948299058,0.840239999999991,1.67175778546711
122,GA,500,1,0.115435766184651,3.94418598402665,4.64235150199378,5.19760658095589,0.0674056902674009,0.00657727631074845,0.0159582170284738,0.00657727631074845,0.113343416142512,0.0685203081287785,0.0159582170284738,0.0685203081287785,0.0495362723034005,34.3432649217616,0.0522440286489395,0.0362,0,0.0692,0.01,0.203136,0.0997904,0.023302,0.0063786,0,0.235996,3.8,0.00673868,0.37515,0.0888888888888889,0,0.00628146,1.382,0,0.0661112,0.477386,0.345761666483293,0,1.44,12.1,0.4995,2.19,5.0784,2.49476,0.58255,0.159465,21.0035842293907,5.8999,95,0.168467,9.37875,0.41875,2.91300251256281,0.1570365,34.55,0.154861111111111,1.65278,11.93465,0.663542620071984,1,1.21537744632824,3.61600277846288e-07,0.207565367283954,0.690214038299745,0.35066703460394,0.87823903161539,0.352309904132563,0.0330128057569825,0.968974087004146,1.56940582724342,9.92148047503382,0.025180101812349,0.736842350728706,0.402052282308117,1.29963908785281e-18,0.0104010089956555,2.01367913886585,6.92161723584156e-21,1.14414165724649,6.55857546741764,0.386831518229695,0.758511957981166,49.6945924254302,145.693299125409,241.77238051091,0.840239999999991,1.67175778546711
122,GA,500,1,0.115435766184651,3.94418598402665,4.64235150199378,5.19760658095589,0.0674056902674009,0.00657727631074845,0.0159582170284738,0.00657727631074845,0.113343416142512,0.0685203081287785,0.0159582170284738,0.0685203081287785,0.0495362723034005,34.3432649217616,0.0177231185885432,0.0362,0,0.0692,0.01,0.203136,0.0997904,0.023302,0.0063786,0,0.235996,3.8,0.00673868,0.37515,0.0888888888888889,0,0.00628146,1.382,0,0.0661112,0.477386,0.345761666483293,0,1.44,12.1,0.4995,2.19,5.0784,2.49476,0.58255,0.159465,21.0035842293907,5.8999,95,0.168467,9.37875,0.41875,2.91300251256281,0.1570365,34.55,0.154861111111111,1.65278,11.93465,0.663542620071984,1,0.037761354590067,7.2493608402609e-11,0.33554204560074,1.08322981141486,0.387630001463128,0.112395948825633,0.49197397476715,0.116941370040857,13.2601343917181,0.86975064501522,14.926305971165,0.0506118819857661,3.88552556880721,0.21957546169713,6.58246702598952e-11,0.0286726329341234,8.47494283828582,0.00262250519838029,0.0995151236192236,8.61789905600272,0.355751752726122,0.816708454841973,69.6423695059516,109.817146450162,204.105464382826,0.840239999999991,1.67175778546711
122,GA,500,0,0.115435766184651,3.94418598402665,4.64235150199378,5.19760658095589,0.0674056902674009,0.00657727631074845,0.0159582170284738,0.00657727631074845,0.113343416142512,0.0685203081287785,0.0159582170284738,0.0685203081287785,0.0495362723034005,34.3432649217616,0.0111778474674705,0.0362,0,0.0692,0.01,0.203136,0.0997904,0.023302,0.0063786,0,0.235996,3.8,0.00673868,0.37515,0.0888888888888889,0,0.00628146,1.382,0,0.0661112,0.477386,0.345761666483293,0,1.44,12.1,0.4995,2.19,5.0784,2.49476,0.58255,0.159465,21.0035842293907,5.8999,95,0.168467,9.37875,0.41875,2.91300251256281,0.1570365,34.55,0.154861111111111,1.65278,11.93465,0.663542620071984,1,0.037761354590067,7.65445033465748e-16,0.401216971064286,1.08322981141486,1.1517193920821,1.12395948825633,0.49197397476715,0.0582962586775933,14.4869697039308,0.86975064501522,14.926305971165,0.0506118819857661,4.16920699101323,0.21957546169713,8.5651426907191e-06,0.0286726329341234,8.47494283828582,2.09645551761118e-20,0.692279503726635,1.6210704715016,0.355751752726122,0.816708454841973,71.9759228455325,75.3460138505728,164.23162731862,0.840239999999991,1.67175778546711
122,GA,500,0,0.115435766184651,3.94418598402665,4.64235150199378,5.19760658095589,0.0674056902674009,0.00657727631074845,0.0159582170284738,0.00657727631074845,0.113343416142512,0.0685203081287785,0.0159582170284738,0.0685203081287785,0.0495362723034005,34.3432649217616,6.42857807853708e-31,0.0362,0,0.0692,0.01,0.203136,0.0997904,0.023302,0.0063786,0,0.235996,3.8,0.00673868,0.37515,0.0888888888888889,0,0.00628146,1.382,0,0.0661112,0.477386,0.345761666483293,0,1.44,12.1,0.4995,2.19,5.0784,2.49476,0.58255,0.159465,21.0035842293907,5.8999,95,0.168467,9.37875,0.41875,2.91300251256281,0.1570365,34.55,0.154861111111111,1.65278,11.93465,0.663542620071984,1,0.37761354590067,7.2493608402609e-10,0.33554204560074,1.08322981141486,0.387630001463128,1.12395948825633,0.49197397476715,0.116941370040857,1.32601343917181,0.86975064501522,14.926305971165,0.0506118819857661,3.88552556880721,0.21957546169713,6.58246702598952e-12,0.0286726329341234,8.47494283828582,0.0262250519838029,0.995151236192236,8.61789905600272,0.355751752726122,0.816708454841973,51.6792412589371,126.187828508914,206.187043597447,0.840239999999991,1.67175778546711
122,GA,500,0,0.115435766184651,3.94418598402665,4.64235150199378,5.19760658095589,0.0674056902674009,0.00657727631074845,0.0159582170284738,0.00657727631074845,0.113343416142512,0.0685203081287785,0.0159582170284738,0.0685203081287785,0.0495362723034005,34.3432649217616,0,0.0362,0,0.0692,0.01,0.203136,0.0997904,0.023302,0.0063786,0,0.235996,3.8,0.00673868,0.37515,0.0888888888888889,0,0.00628146,1.382,0,0.0661112,0.477386,0.345761666483293,0,1.44,12.1,0.4995,2.19,5.0784,2.49476,0.58255,0.159465,21.0035842293907,5.8999,95,0.168467,9.37875,0.41875,2.91300251256281,0.1570365,34.55,0.154861111111111,1.65278,11.93465,0.663542620071984,1,0.037761354590067,7.2493608402609e-11,0.33554204560074,1.08322981141486,0.387630001463128,0.112395948825633,0.49197397476715,0.116941370040857,1.32601343917181,0.86975064501522,14.926305971165,0.0506118819857661,3.88552556880721,0.21957546169713,6.58246702598952e-11,0.0286726329341234,8.47494283828582,0.0262250519838029,0.995151236192236,8.61789905600272,0.355751752726122,0.816708454841973,51.0174381490419,102.866483155698,176.969952226543,0.840239999999991,1.67175778546711
122,GA,500,0,0.115435766184651,3.94418598402665,4.64235150199378,5.19760658095589,0.0674056902674009,0.00657727631074845,0.0159582170284738,0.00657727631074845,0.113343416142512,0.0685203081287785,0.0159582170284738,0.0685203081287785,0.0495362723034005,34.3432649217616,0,0.0362,0,0.0692,0.01,0.203136,0.0997904,0.023302,0.0063786,0,0.235996,3.8,0.00673868,0.37515,0.0888888888888889,0,0.00628146,1.382,0,0.0661112,0.477386,0.345761666483293,0,1.44,12.1,0.4995,2.19,5.0784,2.49476,0.58255,0.159465,21.0035842293907,5.8999,95,0.168467,9.37875,0.41875,2.91300251256281,0.1570365,34.55,0.154861111111111,1.65278,11.93465,0.663542620071984,1,0.037761354590067,7.2493608402609e-11,0.33554204560074,1.08322981141486,0.387630001463128,1.12395948825633,0.49197397476715,0.116941370040857,1.32601343917181,0.86975064501522,14.926305971165,0.0506118819857661,3.88552556880721,0.21957546169713,6.58246702598952e-11,0.0286726329341234,8.47494283828582,0.0262250519838029,0.995151236192236,8.61789905600272,0.355751752726122,0.816708454841973,51.0174337360605,102.866483563477,176.969948312857,0.840239999999991,1.67175778546711
122,GA,500,1,0.115435766184651,3.94418598402665,4.64235150199378,5.19760658095589,0.0674056902674009,0.00657727631074845,0.0159582170284738,0.00657727631074845,0.113343416142512,0.0685203081287785,0.0159582170284738,0.0685203081287785,0.0495362723034005,34.3432649217616,0.0293868172288303,0.0362,0,0.0692,0.01,0.203136,0.0997904,0.023302,0.0063786,0,0.235996,3.8,0.00673868,0.37515,0.0888888888888889,0,0.00628146,1.382,0,0.0661112,0.477386,0.345761666483293,0,1.44,12.1,0.4995,2.19,5.0784,2.49476,0.58255,0.159465,21.0035842293907,5.8999,95,0.168467,9.37875,0.41875,2.91300251256281,0.1570365,34.55,0.154861111111111,1.65278,11.93465,0.663542620071984,1,0.324374903531886,1.81244663579821e-07,0.0836585387309045,1.08322981141486,1.1517193920821,2.12545136907206,0.49197397476715,0.102229551717247,1.44869697039308,2.89483211803682,89.9211400930517,0.0377011057373636,4.16920699101323,0.21957546169713,2.1650303900495e-15,0.00936440295194993,8.47494283828582,2.56931982711824e-15,1.38665507670855,1.6210704715016,0.355751752726122,0.816708454841973,41.2736463469427,127.319730451792,197.167380147492,0.840239999999991,1.67175778546711
122,GA,500,0,0.115435766184651,3.94418598402665,4.64235150199378,5.19760658095589,0.0674056902674009,0.00657727631074845,0.0159582170284738,0.00657727631074845,0.113343416142512,0.0685203081287785,0.0159582170284738,0.0685203081287785,0.0495362723034005,34.3432649217616,1.20363593732802e-66,0.0362,0,0.0692,0.01,0.203136,0.0997904,0.023302,0.0063786,0,0.235996,3.8,0.00673868,0.37515,0.0888888888888889,0,0.00628146,1.382,0,0.0661112,0.477386,0.345761666483293,0,1.44,12.1,0.4995,2.19,5.0784,2.49476,0.58255,0.159465,21.0035842293907,5.8999,95,0.168467,9.37875,0.41875,2.91300251256281,0.1570365,34.55,0.154861111111111,1.65278,11.93465,0.663542620071984,1,0.287624525686122,6.85490059604685e-08,0.228628720722,1.63276703201205,0.346722442424389,0.138662106678765,0.437382911035942,0.0897190927538993,10.8926309164505,0.493579901248373,36.7058281819495,0.0606651981040626,1.80456813489388,0.112645176114433,2.20274851244997e-09,0.0831445859145277,3.65453172187408,1.60751940660592e-09,0.0994661599162918,3.36791779424044,0.35421127265183,0.0958933295004431,47.8740740541999,16.1840645555216,216.645610508639,0.840239999999991,1.67175778546711
122,GA,500,1,0.115435766184651,3.94418598402665,4.64235150199378,5.19760658095589,0.0674056902674009,0.00657727631074845,0.0159582170284738,0.00657727631074845,0.113343416142512,0.0685203081287785,0.0159582170284738,0.0685203081287785,0.0495362723034005,34.3432649217616,0.0619610648312824,0.0362,0,0.0692,0.01,0.203136,0.0997904,0.023302,0.0063786,0,0.235996,3.8,0.00673868,0.37515,0.0888888888888889,0,0.00628146,1.382,0,0.0661112,0.477386,0.345761666483293,0,1.44,12.1,0.4995,2.19,5.0784,2.49476,0.58255,0.159465,21.0035842293907,5.8999,95,0.168467,9.37875,0.41875,2.91300251256281,0.1570365,34.55,0.154861111111111,1.65278,11.93465,0.663542620071984,1,0.325032270570951,6.85490059604685e-08,0.379716216609904,0.403940347586626,0.346722442424389,0.877964643016063,0.437382911035942,0.0897190927538993,10.8926309164505,4.58086460011602,12.9498568945179,0.03980139721935,0.952210213392367,0.112645176114433,0.809494118959263,0.00768956438968787,15.4309180351339,3.97448770837526e-17,0.129606487869952,3.36791779424044,0.459244421647998,0.958933295004431,59.6410060277539,81.7701079133489,144.912951781782,0.840239999999991,1.67175778546711
122,GA,500,0,0.115435766184651,3.94418598402665,4.64235150199378,5.19760658095589,0.0674056902674009,0.00657727631074845,0.0159582170284738,0.00657727631074845,0.113343416142512,0.0685203081287785,0.0159582170284738,0.0685203081287785,0.0495362723034005,34.3432649217616,5.25121689980125e-23,0.0362,0,0.0692,0.01,0.203136,0.0997904,0.023302,0.0063786,0,0.235996,3.8,0.00673868,0.37515,0.0888888888888889,0,0.00628146,1.382,0,0.0661112,0.477386,0.345761666483293,0,1.44,12.1,0.4995,2.19,5.0784,2.49476,0.58255,0.159465,21.0035842293907,5.8999,95,0.168467,9.37875,0.41875,2.91300251256281,0.1570365,34.55,0.154861111111111,1.65278,11.93465,0.663542620071984,1,0.037761354590067,7.2493608402609e-11,0.33554204560074,1.08322981141486,0.387630001463128,1.12395948825633,0.49197397476715,0.116941370040857,1.32601343917181,0.86975064501522,14.926305971165,0.0506118819857661,3.88552556880721,0.21957546169713,6.58246702598952e-11,0.0286726329341234,8.47494283828582,0.00262250519838029,0.0995151236192236,8.61789905600272,0.355751752726122,0.816708454841973,51.1662534908612,107.649612665507,182.975361168504,0.840239999999991,1.67175778546711
122,GA,500,0,0.115435766184651,3.94418598402665,4.64235150199378,5.19760658095589,0.0674056902674009,0.00657727631074845,0.0159582170284738,0.00657727631074845,0.113343416142512,0.0685203081287785,0.0159582170284738,0.0685203081287785,0.0495362723034005,34.3432649217616,0.000308427806903558,0.0362,0,0.0692,0.01,0.203136,0.0997904,0.023302,0.0063786,0,0.235996,3.8,0.00673868,0.37515,0.0888888888888889,0,0.00628146,1.382,0,0.0661112,0.477386,0.345761666483293,0,1.44,12.1,0.4995,2.19,5.0784,2.49476,0.58255,0.159465,21.0035842293907,5.8999,95,0.168467,9.37875,0.41875,2.91300251256281,0.1570365,34.55,0.154861111111111,1.65278,11.93465,0.663542620071984,1,0.508871063422381,1.37299261608059e-14,0.106675703561767,1.08322981141486,0.374289070832957,1.14085275216875,0.49197397476715,0.0811289049218722,0.132601343917181,5.12485638195356,25.4442697678591,0.0367623215560257,4.41960985970513,0.21957546169713,6.58246702598952e-11,0.134012083767732,16.8612041775535,0.00262250519838029,0.0672498050960735,4.09456305560179,0.574096774166235,0.816708454841973,64.0933899523042,119.890461271834,210.890524916497,0.840239999999991,1.67175778546711
